[0, 914, 374, 931, 740, 321, 841, 544, 650, 543, 279, 769, 473, 671, 901, 567, 766, 141, 861, 503, 272, 938, 207, 348, 64, 784, 706, 291, 983, 107, 239, 231, 852, 515, 472, 136, 628, 787, 304, 349, 386, 582, 69, 594, 777, 334, 947, 38, 681, 366, 37, 466, 511, 715, 14, 146, 585, 342, 341, 478, 567, 548, 848, 721, 365, 810, 412, 682, 293, 481, 836, 540, 106, 599, 458, 451, 549, 295, 549, 841, 319, 803, 909, 887, 555, 683, 537, 590, 39, 287, 183, 870, 931, 410, 855, 773, 841, 993, 252, 573, 652, 147, 431, 225, 436, 990, 387, 285, 179, 687, 621, 230, 177, 962, 446, 514, 395, 522, 616, 970]
[914, 0, 492, 196, 115, 414, 411, 963, 866, 992, 498, 263, 33, 416, 788, 608, 179, 651, 220, 423, 784, 539, 958, 243, 313, 526, 13, 890, 33, 920, 971, 754, 674, 490, 256, 201, 659, 680, 590, 740, 738, 455, 588, 127, 392, 439, 756, 333, 270, 729, 401, 403, 407, 819, 287, 210, 946, 823, 538, 548, 681, 13, 755, 980, 198, 979, 768, 539, 231, 624, 728, 471, 297, 473, 455, 76, 586, 114, 563, 659, 547, 127, 310, 265, 240, 202, 633, 77, 590, 941, 464, 232, 595, 580, 697, 665, 257, 455, 43, 518, 571, 633, 101, 338, 52, 280, 264, 334, 903, 949, 635, 870, 64, 240, 961, 373, 228, 821, 339, 413]
[374, 492, 0, 496, 446, 869, 840, 662, 167, 241, 138, 381, 690, 535, 697, 213, 289, 948, 421, 477, 172, 949, 946, 545, 221, 358, 209, 342, 351, 358, 322, 268, 932, 297, 597, 423, 841, 595, 630, 226, 876, 991, 911, 953, 607, 795, 616, 864, 192, 892, 101, 855, 851, 121, 780, 352, 287, 479, 604, 948, 135, 750, 134, 570, 646, 338, 24, 746, 192, 316, 801, 785, 634, 109, 536, 108, 67, 599, 157, 61, 912, 618, 887, 645, 467, 632, 374, 573, 801, 593, 120, 537, 358, 52, 107, 790, 856, 902, 669, 408, 507, 94, 163, 608, 970, 125, 599, 399, 373, 633, 808, 96, 394, 35, 94, 634, 682, 284, 438, 689]
[931, 196, 496, 0, 389, 934, 622, 656, 687, 649, 639, 826, 134, 42, 985, 472, 166, 299, 125, 509, 761, 968, 450, 847, 123, 312, 559, 653, 626, 373, 44, 855, 672, 466, 726, 998, 223, 153, 311, 726, 593, 377, 618, 347, 182, 922, 824, 234, 158, 949, 995, 594, 39, 953, 918, 797, 470, 669, 132, 216, 993, 264, 842, 910, 562, 898, 392, 281, 202, 665, 157, 464, 876, 549, 735, 397, 884, 874, 861, 179, 380, 442, 390, 859, 95, 229, 549, 419, 982, 270, 625, 290, 981, 556, 91, 255, 948, 731, 559, 185, 477, 34, 515, 489, 791, 647, 385, 190, 999, 31, 969, 508, 443, 520, 86, 745, 660, 625, 593, 295]
[740, 115, 446, 389, 0, 218, 689, 460, 371, 803, 306, 611, 217, 402, 722, 839, 488, 485, 727, 416, 811, 813, 487, 829, 964, 771, 136, 658, 469, 577, 73, 649, 828, 819, 966, 821, 295, 326, 910, 447, 701, 951, 994, 932, 483, 40, 753, 425, 869, 604, 798, 722, 909, 220, 369, 327, 693, 975, 687, 769, 783, 375, 410, 816, 284, 582, 915, 761, 34, 947, 621, 853, 388, 31, 509, 407, 651, 317, 253, 306, 862, 244, 667, 254, 820, 787, 780, 302, 163, 576, 261, 716, 108, 757, 458, 572, 344, 406, 359, 530, 267, 247, 570, 247, 438, 586, 311, 46, 611, 450, 14, 467, 559, 417, 782, 279, 362, 559, 274, 596]
[321, 414, 869, 934, 218, 0, 827, 79, 936, 739, 320, 344, 570, 241, 844, 911, 640, 972, 378, 540, 894, 892, 973, 846, 148, 316, 17, 157, 986, 299, 527, 137, 804, 133, 938, 952, 526, 542, 868, 302, 242, 386, 41, 826, 231, 371, 366, 312, 535, 252, 161, 240, 838, 500, 428, 229, 282, 931, 100, 465, 810, 962, 718, 155, 744, 479, 111, 16, 146, 584, 928, 376, 670, 133, 502, 644, 466, 788, 972, 792, 703, 182, 208, 594, 817, 241, 775, 102, 41, 722, 140, 855, 422, 983, 289, 536, 137, 88, 947, 462, 508, 354, 697, 195, 498, 486, 545, 743, 411, 781, 915, 316, 469, 31, 104, 715, 325, 509, 922, 836]
[841, 411, 840, 622, 689, 827, 0, 75, 183, 783, 155, 744, 12, 267, 298, 362, 269, 955, 248, 777, 530, 290, 970, 18, 806, 803, 872, 965, 107, 326, 355, 404, 87, 364, 165, 445, 710, 408, 768, 968, 413, 496, 639, 877, 87, 708, 828, 594, 528, 745, 640, 508, 841, 509, 138, 1000, 266, 345, 798, 701, 72, 895, 832, 569, 909, 83, 194, 288, 361, 160, 631, 675, 690, 507, 570, 39, 482, 923, 112, 666, 694, 850, 831, 164, 717, 616, 39, 798, 815, 583, 33, 133, 696, 455, 154, 553, 681, 438, 63, 628, 336, 329, 124, 591, 952, 817, 529, 985, 724, 816, 701, 671, 177, 353, 638, 781, 491, 710, 683, 513]
[544, 963, 662, 656, 460, 79, 75, 0, 737, 345, 462, 573, 571, 555, 198, 381, 616, 742, 661, 265, 589, 354, 42, 719, 113, 800, 39, 654, 184, 968, 60, 834, 375, 45, 229, 545, 921, 112, 480, 39, 47, 434, 670, 984, 289, 408, 33, 574, 861, 330, 646, 520, 289, 39, 536, 908, 244, 542, 175, 263, 205, 736, 541, 540, 565, 826, 268, 236, 382, 567, 119, 146, 748, 956, 548, 693, 674, 975, 531, 985, 30, 877, 269, 150, 341, 148, 209, 695, 714, 386, 233, 686, 785, 111, 208, 842, 219, 208, 84, 155, 693, 67, 475, 374, 508, 388, 695, 122, 729, 680, 781, 499, 704, 138, 950, 872, 349, 446, 57, 360]
[650, 866, 167, 687, 371, 936, 183, 737, 0, 900, 15, 577, 274, 970, 899, 258, 440, 605, 741, 506, 451, 745, 135, 50, 309, 878, 480, 505, 67, 334, 56, 151, 930, 113, 856, 933, 472, 626, 45, 994, 366, 515, 268, 267, 34, 281, 619, 110, 93, 535, 530, 976, 716, 600, 377, 56, 230, 961, 89, 27, 584, 421, 516, 61, 816, 499, 115, 569, 663, 395, 629, 240, 408, 495, 607, 696, 224, 14, 340, 189, 127, 647, 816, 699, 407, 313, 26, 976, 138, 388, 532, 452, 972, 493, 241, 79, 931, 773, 95, 24, 307, 694, 265, 284, 827, 94, 142, 911, 910, 103, 557, 554, 366, 893, 826, 85, 345, 170, 945, 887]
[543, 992, 241, 649, 803, 739, 783, 345, 900, 0, 722, 309, 168, 922, 352, 335, 934, 82, 478, 539, 132, 279, 383, 927, 159, 782, 704, 351, 516, 677, 325, 425, 938, 579, 984, 166, 74, 175, 595, 518, 560, 218, 324, 605, 213, 998, 65, 242, 688, 509, 491, 170, 928, 690, 368, 573, 985, 333, 192, 323, 96, 954, 336, 828, 686, 763, 93, 593, 539, 79, 746, 783, 255, 278, 653, 503, 778, 163, 377, 259, 126, 254, 326, 258, 71, 846, 102, 180, 737, 154, 803, 999, 982, 950, 376, 874, 402, 777, 785, 703, 227, 722, 774, 953, 430, 996, 156, 861, 876, 696, 923, 712, 473, 931, 312, 205, 656, 456, 203, 120]
[279, 498, 138, 639, 306, 320, 155, 462, 15, 722, 0, 486, 501, 358, 720, 141, 233, 475, 632, 953, 623, 286, 77, 321, 999, 488, 696, 165, 486, 322, 320, 779, 256, 319, 749, 142, 47, 450, 330, 251, 297, 162, 417, 173, 191, 300, 120, 453, 938, 725, 158, 933, 102, 479, 378, 473, 547, 611, 15, 665, 554, 254, 112, 738, 865, 354, 850, 125, 540, 849, 716, 438, 701, 392, 15, 255, 461, 412, 237, 628, 291, 843, 811, 506, 982, 117, 235, 313, 626, 949, 498, 408, 586, 140, 213, 369, 342, 667, 573, 870, 511, 844, 955, 440, 118, 858, 355, 674, 323, 300, 704, 290, 185, 197, 812, 479, 612, 557, 527, 578]
[769, 263, 381, 826, 611, 344, 744, 573, 577, 309, 486, 0, 599, 889, 325, 749, 380, 367, 670, 917, 462, 783, 69, 878, 882, 392, 770, 878, 693, 520, 815, 367, 29, 507, 155, 705, 935, 49, 980, 974, 402, 282, 152, 442, 538, 34, 564, 39, 182, 630, 545, 450, 631, 631, 740, 85, 302, 129, 233, 275, 743, 490, 675, 834, 166, 775, 769, 43, 862, 585, 438, 159, 958, 298, 90, 593, 386, 979, 66, 537, 291, 298, 50, 81, 935, 279, 244, 673, 967, 352, 685, 521, 461, 897, 642, 165, 909, 391, 16, 981, 302, 195, 31, 935, 458, 314, 412, 414, 334, 880, 656, 908, 295, 356, 20, 791, 577, 512, 355, 846]
[473, 33, 690, 134, 217, 570, 12, 571, 274, 168, 501, 599, 0, 350, 137, 243, 927, 99, 362, 627, 911, 93, 574, 474, 496, 796, 465, 743, 362, 773, 881, 723, 590, 634, 921, 11, 904, 745, 797, 667, 573, 608, 503, 635, 314, 458, 556, 111, 188, 984, 797, 747, 275, 878, 970, 714, 561, 895, 571, 968, 956, 975, 337, 354, 912, 294, 299, 259, 399, 813, 707, 915, 669, 369, 697, 562, 981, 327, 477, 977, 538, 977, 466, 891, 613, 250, 224, 512, 701, 124, 221, 93, 526, 643, 396, 268, 549, 409, 699, 943, 433, 423, 994, 577, 904, 994, 145, 100, 210, 427, 951, 866, 844, 356, 480, 270, 619, 324, 162, 376]
[671, 416, 535, 42, 402, 241, 267, 555, 970, 922, 358, 889, 350, 0, 800, 244, 226, 857, 936, 678, 959, 244, 969, 38, 908, 836, 32, 889, 914, 808, 1000, 32, 938, 959, 82, 133, 287, 903, 29, 231, 553, 561, 613, 54, 714, 961, 136, 524, 278, 180, 534, 640, 538, 783, 506, 504, 915, 367, 703, 979, 997, 407, 949, 388, 708, 596, 125, 471, 135, 925, 893, 798, 193, 600, 640, 110, 74, 105, 189, 362, 542, 477, 657, 480, 340, 874, 836, 201, 658, 511, 367, 101, 948, 75, 445, 396, 209, 567, 243, 959, 674, 706, 929, 419, 437, 969, 175, 43, 202, 790, 528, 471, 419, 248, 546, 897, 162, 178, 851, 977]
[901, 788, 697, 985, 722, 844, 298, 198, 899, 352, 720, 325, 137, 800, 0, 429, 478, 470, 122, 944, 160, 123, 373, 326, 615, 338, 760, 269, 428, 182, 319, 746, 338, 375, 762, 987, 96, 281, 278, 349, 224, 559, 465, 543, 65, 262, 152, 380, 77, 592, 419, 404, 622, 143, 989, 349, 422, 662, 421, 541, 354, 51, 317, 682, 441, 416, 36, 743, 187, 753, 164, 433, 76, 175, 491, 319, 823, 268, 345, 321, 916, 348, 697, 366, 496, 186, 339, 966, 33, 172, 137, 956, 847, 290, 678, 743, 85, 614, 26, 396, 973, 447, 291, 926, 523, 259, 676, 968, 150, 150, 969, 622, 703, 638, 284, 111, 337, 23, 136, 14]
[567, 608, 213, 472, 839, 911, 362, 381, 258, 335, 141, 749, 243, 244, 429, 0, 622, 634, 292, 144, 322, 860, 473, 723, 820, 53, 332, 841, 732, 162, 158, 865, 131, 538, 332, 606, 711, 202, 446, 232, 453, 190, 628, 923, 564, 228, 103, 16, 129, 1000, 13, 147, 212, 255, 43, 110, 536, 861, 609, 105, 32, 413, 326, 839, 652, 189, 243, 112, 707, 586, 741, 250, 549, 557, 694, 748, 971, 372, 367, 147, 521, 60, 703, 884, 420, 128, 600, 523, 207, 966, 16, 827, 339, 54, 840, 853, 335, 636, 353, 759, 630, 431, 403, 771, 488, 90, 71, 891, 143, 554, 770, 345, 920, 799, 926, 817, 179, 108, 498, 57]
[766, 179, 289, 166, 488, 640, 269, 616, 440, 934, 233, 380, 927, 226, 478, 622, 0, 379, 142, 649, 902, 163, 436, 457, 152, 289, 715, 560, 509, 103, 163, 607, 681, 785, 399, 668, 846, 197, 100, 351, 175, 265, 215, 115, 626, 833, 169, 793, 47, 366, 100, 602, 278, 253, 990, 39, 121, 631, 980, 505, 540, 518, 754, 481, 217, 556, 186, 463, 274, 918, 871, 412, 805, 591, 305, 958, 373, 899, 152, 215, 259, 372, 253, 974, 103, 77, 892, 720, 665, 712, 948, 62, 724, 803, 415, 335, 734, 615, 925, 33, 383, 257, 389, 222, 643, 428, 53, 492, 823, 758, 438, 245, 548, 441, 898, 411, 592, 576, 969, 587]
[141, 651, 948, 299, 485, 972, 955, 742, 605, 82, 475, 367, 99, 857, 470, 634, 379, 0, 989, 414, 475, 947, 547, 858, 264, 796, 301, 537, 674, 50, 381, 429, 409, 595, 499, 391, 191, 28, 158, 58, 688, 910, 535, 284, 85, 887, 352, 134, 312, 729, 387, 656, 687, 109, 863, 804, 880, 184, 688, 131, 1000, 872, 189, 143, 872, 275, 307, 904, 879, 536, 409, 778, 764, 564, 759, 227, 298, 703, 191, 433, 979, 475, 858, 620, 546, 570, 690, 813, 20, 465, 850, 363, 327, 965, 267, 118, 758, 803, 73, 204, 80, 253, 930, 669, 885, 937, 81, 996, 240, 893, 481, 902, 324, 928, 444, 675, 359, 101, 881, 397]
[861, 220, 421, 125, 727, 378, 248, 661, 741, 478, 632, 670, 362, 936, 122, 292, 142, 989, 0, 589, 955, 288, 922, 659, 693, 544, 951, 115, 895, 740, 588, 441, 40, 989, 338, 441, 749, 111, 683, 784, 698, 236, 925, 478, 669, 324, 377, 481, 627, 490, 642, 322, 906, 838, 776, 867, 841, 718, 709, 525, 690, 228, 42, 601, 793, 992, 730, 448, 285, 151, 72, 172, 573, 124, 547, 343, 921, 413, 886, 726, 207, 817, 499, 459, 55, 101, 441, 833, 592, 222, 908, 899, 248, 821, 612, 542, 651, 610, 561, 305, 31, 871, 982, 495, 796, 750, 900, 703, 488, 165, 245, 492, 336, 774, 670, 704, 851, 685, 503, 186]
[503, 423, 477, 509, 416, 540, 777, 265, 506, 539, 953, 917, 627, 678, 944, 144, 649, 414, 589, 0, 605, 23, 298, 297, 581, 653, 560, 654, 975, 429, 499, 36, 939, 892, 308, 298, 920, 747, 964, 173, 346, 947, 223, 622, 245, 142, 372, 136, 199, 840, 523, 446, 555, 337, 773, 872, 999, 23, 155, 101, 125, 208, 316, 689, 886, 414, 137, 898, 937, 30, 208, 337, 235, 438, 803, 889, 73, 803, 433, 107, 958, 364, 436, 707, 710, 494, 213, 25, 867, 53, 230, 185, 856, 609, 221, 444, 901, 609, 704, 878, 631, 399, 68, 434, 899, 774, 71, 607, 918, 165, 121, 965, 664, 507, 527, 485, 346, 833, 453, 660]
[272, 784, 172, 761, 811, 894, 530, 589, 451, 132, 623, 462, 911, 959, 160, 322, 902, 475, 955, 605, 0, 451, 390, 335, 741, 912, 464, 137, 150, 186, 667, 647, 651, 43, 753, 452, 761, 181, 571, 903, 748, 811, 220, 123, 176, 57, 596, 29, 598, 377, 285, 119, 450, 286, 25, 291, 564, 613, 475, 240, 114, 429, 262, 593, 433, 123, 350, 816, 924, 476, 549, 293, 996, 256, 356, 702, 401, 556, 788, 217, 267, 267, 38, 911, 756, 224, 393, 235, 10, 576, 863, 516, 106, 352, 147, 574, 504, 927, 535, 67, 149, 479, 730, 581, 640, 299, 138, 146, 877, 640, 902, 284, 197, 739, 686, 529, 268, 834, 962, 97]
[938, 539, 949, 968, 813, 892, 290, 354, 745, 279, 286, 783, 93, 244, 123, 860, 163, 947, 288, 23, 451, 0, 634, 563, 109, 106, 609, 958, 197, 28, 307, 130, 655, 955, 208, 44, 405, 605, 790, 710, 448, 148, 332, 150, 740, 794, 529, 254, 488, 613, 487, 903, 737, 332, 753, 201, 503, 345, 521, 661, 676, 585, 60, 168, 795, 89, 499, 122, 314, 170, 696, 291, 579, 602, 928, 559, 704, 554, 637, 163, 448, 530, 130, 49, 464, 411, 901, 593, 655, 20, 856, 508, 732, 481, 28, 928, 639, 936, 986, 160, 1000, 313, 988, 101, 367, 618, 955, 339, 144, 59, 143, 183, 739, 760, 599, 585, 825, 728, 271, 666]
[207, 958, 946, 450, 487, 973, 970, 42, 135, 383, 77, 69, 574, 969, 373, 473, 436, 547, 922, 298, 390, 634, 0, 433, 99, 477, 282, 680, 877, 832, 526, 739, 425, 590, 115, 651, 964, 638, 56, 135, 40, 17, 770, 200, 72, 693, 194, 896, 84, 773, 249, 795, 581, 801, 344, 153, 373, 668, 275, 143, 471, 59, 76, 629, 415, 384, 272, 596, 311, 343, 957, 278, 683, 858, 256, 771, 766, 560, 963, 373, 411, 412, 456, 439, 723, 711, 669, 409, 642, 717, 705, 53, 892, 417, 226, 699, 210, 145, 553, 851, 122, 208, 601, 468, 370, 829, 609, 582, 366, 102, 978, 746, 653, 768, 310, 575, 85, 728, 717, 881]
[348, 243, 545, 847, 829, 846, 18, 719, 50, 927, 321, 878, 474, 38, 326, 723, 457, 858, 659, 297, 335, 563, 433, 0, 65, 146, 309, 765, 751, 828, 127, 717, 430, 889, 100, 97, 527, 252, 690, 352, 812, 854, 651, 419, 864, 875, 697, 306, 991, 369, 628, 978, 755, 219, 220, 848, 397, 848, 121, 762, 997, 742, 753, 962, 752, 203, 326, 321, 242, 221, 643, 455, 291, 427, 978, 70, 883, 86, 830, 546, 362, 581, 883, 479, 913, 699, 555, 383, 806, 700, 329, 715, 452, 184, 722, 498, 422, 687, 432, 307, 626, 733, 583, 384, 909, 623, 279, 180, 27, 126, 948, 910, 911, 410, 55, 512, 229, 618, 667, 482]
[64, 313, 221, 123, 964, 148, 806, 113, 309, 159, 999, 882, 496, 908, 615, 820, 152, 264, 693, 581, 741, 109, 99, 65, 0, 867, 258, 886, 997, 294, 458, 464, 289, 734, 468, 476, 41, 598, 99, 629, 163, 202, 882, 814, 818, 529, 769, 745, 293, 953, 708, 60, 733, 132, 39, 910, 680, 416, 221, 462, 756, 879, 574, 496, 236, 581, 712, 656, 194, 741, 355, 666, 279, 236, 586, 329, 720, 934, 561, 489, 20, 218, 352, 919, 822, 962, 453, 159, 789, 345, 921, 553, 145, 579, 668, 270, 210, 532, 375, 134, 376, 674, 771, 985, 775, 686, 790, 1000, 383, 625, 413, 259, 552, 946, 90, 310, 866, 265, 146, 491]
[784, 526, 358, 312, 771, 316, 803, 800, 878, 782, 488, 392, 796, 836, 338, 53, 289, 796, 544, 653, 912, 106, 477, 146, 867, 0, 337, 191, 557, 699, 698, 289, 970, 243, 611, 674, 878, 566, 576, 170, 282, 521, 329, 730, 164, 107, 679, 47, 926, 871, 833, 339, 717, 277, 678, 728, 663, 770, 407, 812, 183, 952, 935, 782, 414, 437, 83, 400, 294, 299, 842, 872, 396, 187, 860, 381, 484, 32, 475, 68, 769, 256, 753, 81, 192, 610, 501, 94, 788, 77, 948, 199, 772, 626, 152, 957, 474, 881, 425, 845, 31, 491, 413, 374, 277, 388, 352, 388, 356, 523, 935, 712, 668, 960, 813, 359, 170, 787, 632, 751]
[706, 13, 209, 559, 136, 17, 872, 39, 480, 704, 696, 770, 465, 32, 760, 332, 715, 301, 951, 560, 464, 609, 282, 309, 258, 337, 0, 613, 700, 407, 326, 306, 102, 333, 933, 108, 715, 578, 602, 942, 635, 162, 546, 688, 143, 452, 611, 708, 608, 903, 847, 644, 34, 457, 454, 549, 919, 831, 413, 621, 335, 576, 987, 633, 933, 391, 129, 119, 490, 643, 80, 113, 570, 579, 928, 212, 276, 215, 260, 783, 711, 327, 385, 143, 336, 878, 622, 777, 246, 504, 173, 965, 465, 517, 545, 983, 722, 658, 573, 803, 875, 774, 351, 661, 210, 200, 98, 897, 307, 383, 759, 165, 81, 244, 425, 206, 873, 611, 413, 174]
[291, 890, 342, 653, 658, 157, 965, 654, 505, 351, 165, 878, 743, 889, 269, 841, 560, 537, 115, 654, 137, 958, 680, 765, 886, 191, 613, 0, 108, 984, 990, 337, 973, 977, 218, 145, 326, 208, 122, 240, 486, 457, 261, 636, 486, 897, 382, 688, 481, 637, 54, 273, 125, 764, 507, 210, 729, 632, 549, 418, 533, 556, 168, 642, 710, 469, 415, 930, 644, 361, 868, 562, 217, 633, 968, 869, 728, 539, 627, 798, 784, 119, 937, 707, 67, 901, 214, 410, 693, 214, 802, 918, 629, 155, 271, 497, 669, 831, 522, 828, 504, 777, 770, 691, 151, 695, 928, 217, 569, 686, 748, 973, 19, 256, 451, 87, 380, 605, 775, 563]
[983, 33, 351, 626, 469, 986, 107, 184, 67, 516, 486, 693, 362, 914, 428, 732, 509, 674, 895, 975, 150, 197, 877, 751, 997, 557, 700, 108, 0, 742, 124, 416, 514, 400, 804, 700, 558, 223, 68, 435, 434, 641, 459, 265, 590, 331, 809, 382, 463, 132, 80, 712, 26, 949, 914, 320, 501, 305, 243, 101, 422, 89, 131, 410, 878, 832, 695, 577, 497, 36, 413, 39, 412, 494, 54, 432, 550, 885, 321, 604, 187, 143, 45, 96, 923, 64, 141, 165, 715, 911, 480, 743, 394, 177, 526, 969, 436, 508, 485, 824, 893, 344, 353, 446, 271, 391, 794, 57, 19, 424, 40, 370, 968, 646, 535, 626, 39, 951, 439, 546]
[107, 920, 358, 373, 577, 299, 326, 968, 334, 677, 322, 520, 773, 808, 182, 162, 103, 50, 740, 429, 186, 28, 832, 828, 294, 699, 407, 984, 742, 0, 822, 790, 864, 67, 33, 468, 518, 593, 387, 450, 231, 726, 453, 177, 136, 571, 909, 712, 603, 258, 433, 591, 520, 983, 432, 729, 826, 15, 730, 794, 433, 426, 406, 899, 450, 974, 561, 393, 115, 224, 365, 918, 46, 486, 221, 395, 614, 683, 707, 531, 747, 95, 462, 268, 84, 863, 47, 859, 111, 744, 945, 689, 641, 201, 554, 49, 984, 765, 46, 950, 29, 888, 76, 187, 162, 948, 225, 44, 541, 862, 437, 253, 296, 190, 860, 813, 52, 857, 13, 296]
[239, 971, 322, 44, 73, 527, 355, 60, 56, 325, 320, 815, 881, 1000, 319, 158, 163, 381, 588, 499, 667, 307, 526, 127, 458, 698, 326, 990, 124, 822, 0, 109, 497, 196, 562, 844, 875, 132, 35, 698, 507, 712, 156, 954, 665, 960, 924, 228, 303, 397, 60, 905, 160, 903, 386, 222, 911, 660, 420, 473, 334, 17, 346, 569, 322, 245, 910, 163, 458, 549, 763, 29, 522, 825, 268, 583, 465, 755, 95, 266, 686, 34, 713, 732, 51, 974, 982, 413, 416, 110, 787, 973, 230, 592, 645, 76, 100, 634, 413, 751, 76, 664, 139, 288, 747, 111, 675, 786, 125, 594, 914, 400, 694, 645, 416, 924, 632, 971, 437, 457]
[231, 754, 268, 855, 649, 137, 404, 834, 151, 425, 779, 367, 723, 32, 746, 865, 607, 429, 441, 36, 647, 130, 739, 717, 464, 289, 306, 337, 416, 790, 109, 0, 412, 354, 50, 831, 435, 843, 240, 429, 603, 658, 454, 924, 487, 363, 191, 608, 701, 837, 714, 491, 651, 421, 288, 310, 669, 628, 55, 869, 780, 480, 297, 833, 193, 120, 156, 130, 433, 650, 543, 618, 198, 691, 347, 887, 425, 29, 605, 617, 557, 931, 64, 216, 767, 814, 258, 874, 328, 169, 160, 272, 545, 440, 290, 586, 871, 838, 620, 855, 644, 584, 442, 739, 967, 681, 872, 718, 782, 231, 167, 776, 989, 83, 311, 859, 460, 175, 743, 508]
[852, 674, 932, 672, 828, 804, 87, 375, 930, 938, 256, 29, 590, 938, 338, 131, 681, 409, 40, 939, 651, 655, 425, 430, 289, 970, 102, 973, 514, 864, 497, 412, 0, 948, 865, 572, 54, 263, 252, 461, 203, 415, 740, 417, 774, 774, 915, 361, 590, 624, 649, 921, 107, 11, 244, 384, 714, 258, 421, 472, 141, 300, 709, 931, 118, 29, 341, 236, 587, 815, 793, 853, 718, 943, 428, 943, 820, 573, 69, 275, 528, 121, 317, 532, 714, 17, 198, 222, 62, 940, 309, 977, 101, 515, 948, 315, 694, 560, 749, 27, 663, 801, 999, 50, 389, 138, 90, 997, 487, 396, 559, 975, 382, 623, 48, 997, 758, 780, 154, 465]
[515, 490, 297, 466, 819, 133, 364, 45, 113, 579, 319, 507, 634, 959, 375, 538, 785, 595, 989, 892, 43, 955, 590, 889, 734, 243, 333, 977, 400, 67, 196, 354, 948, 0, 10, 920, 516, 390, 417, 803, 300, 897, 917, 854, 573, 918, 148, 681, 476, 19, 363, 736, 397, 238, 744, 78, 331, 251, 924, 449, 920, 719, 17, 661, 555, 325, 415, 754, 714, 887, 999, 11, 685, 158, 862, 318, 572, 895, 909, 217, 373, 90, 653, 691, 816, 394, 497, 440, 130, 947, 457, 571, 559, 732, 180, 359, 686, 239, 23, 430, 693, 588, 112, 799, 249, 503, 939, 911, 757, 13, 253, 187, 650, 631, 181, 141, 33, 279, 937, 489]
[472, 256, 597, 726, 966, 938, 165, 229, 856, 984, 749, 155, 921, 82, 762, 332, 399, 499, 338, 308, 753, 208, 115, 100, 468, 611, 933, 218, 804, 33, 562, 50, 865, 10, 0, 251, 393, 127, 205, 816, 277, 421, 589, 320, 555, 810, 275, 80, 300, 60, 636, 204, 91, 836, 718, 219, 263, 82, 535, 870, 339, 385, 186, 475, 759, 129, 612, 312, 730, 78, 756, 320, 183, 901, 941, 918, 838, 513, 990, 618, 791, 73, 320, 217, 371, 592, 772, 457, 662, 494, 408, 172, 644, 75, 155, 236, 619, 626, 744, 905, 310, 725, 771, 144, 180, 491, 209, 22, 601, 304, 990, 636, 45, 904, 392, 645, 963, 447, 900, 125]
[136, 201, 423, 998, 821, 952, 445, 545, 933, 166, 142, 705, 11, 133, 987, 606, 668, 391, 441, 298, 452, 44, 651, 97, 476, 674, 108, 145, 700, 468, 844, 831, 572, 920, 251, 0, 17, 164, 193, 994, 521, 429, 736, 588, 89, 26, 675, 908, 152, 958, 209, 256, 994, 728, 436, 280, 917, 40, 798, 629, 251, 658, 103, 671, 862, 201, 154, 368, 939, 402, 800, 251, 770, 576, 415, 567, 920, 597, 285, 905, 459, 760, 797, 813, 997, 413, 982, 301, 498, 200, 572, 445, 495, 774, 162, 903, 184, 488, 963, 140, 851, 489, 713, 99, 918, 712, 692, 718, 45, 269, 677, 239, 104, 352, 682, 423, 809, 951, 538, 920]
[628, 659, 841, 223, 295, 526, 710, 921, 472, 74, 47, 935, 904, 287, 96, 711, 846, 191, 749, 920, 761, 405, 964, 527, 41, 878, 715, 326, 558, 518, 875, 435, 54, 516, 393, 17, 0, 542, 664, 245, 784, 758, 787, 985, 88, 886, 208, 735, 178, 816, 365, 58, 99, 747, 795, 965, 956, 120, 289, 719, 824, 533, 503, 260, 920, 169, 852, 341, 310, 996, 643, 820, 305, 27, 960, 280, 980, 479, 261, 446, 915, 348, 554, 545, 735, 210, 87, 66, 414, 103, 419, 813, 64, 437, 124, 341, 949, 925, 163, 98, 409, 208, 271, 598, 85, 480, 311, 661, 878, 786, 570, 594, 557, 750, 271, 286, 423, 371, 353, 214]
[787, 680, 595, 153, 326, 542, 408, 112, 626, 175, 450, 49, 745, 903, 281, 202, 197, 28, 111, 747, 181, 605, 638, 252, 598, 566, 578, 208, 223, 593, 132, 843, 263, 390, 127, 164, 542, 0, 264, 915, 679, 670, 657, 109, 646, 831, 208, 63, 739, 491, 692, 784, 757, 512, 108, 151, 815, 56, 30, 938, 722, 72, 438, 305, 560, 329, 657, 318, 79, 128, 191, 140, 441, 914, 869, 229, 16, 154, 679, 623, 423, 641, 200, 279, 759, 661, 216, 954, 153, 781, 986, 134, 683, 128, 557, 410, 774, 857, 923, 654, 766, 239, 700, 117, 720, 20, 522, 968, 219, 128, 852, 548, 752, 818, 164, 849, 357, 828, 154, 124]
[304, 590, 630, 311, 910, 868, 768, 480, 45, 595, 330, 980, 797, 29, 278, 446, 100, 158, 683, 964, 571, 790, 56, 690, 99, 576, 602, 122, 68, 387, 35, 240, 252, 417, 205, 193, 664, 264, 0, 846, 389, 975, 934, 753, 693, 28, 519, 821, 369, 46, 527, 728, 87, 47, 28, 523, 502, 749, 569, 176, 528, 916, 101, 142, 357, 253, 700, 911, 525, 123, 947, 394, 193, 960, 649, 637, 354, 45, 275, 53, 273, 772, 451, 842, 880, 32, 635, 847, 483, 664, 411, 366, 285, 84, 613, 181, 407, 780, 936, 1000, 226, 261, 254, 106, 302, 283, 479, 698, 546, 75, 495, 532, 37, 777, 856, 711, 317, 781, 446, 737]
[349, 740, 226, 726, 447, 302, 968, 39, 994, 518, 251, 974, 667, 231, 349, 232, 351, 58, 784, 173, 903, 710, 135, 352, 629, 170, 942, 240, 435, 450, 698, 429, 461, 803, 816, 994, 245, 915, 846, 0, 792, 201, 599, 737, 796, 934, 283, 756, 365, 939, 880, 60, 476, 1000, 322, 420, 175, 816, 921, 792, 828, 909, 520, 179, 37, 212, 128, 347, 339, 951, 517, 292, 105, 339, 439, 262, 499, 401, 789, 84, 771, 971, 582, 923, 605, 157, 536, 474, 774, 476, 631, 139, 166, 342, 864, 420, 180, 276, 641, 468, 342, 794, 928, 662, 933, 295, 579, 57, 751, 610, 679, 831, 959, 288, 583, 944, 967, 320, 64, 666]
[386, 738, 876, 593, 701, 242, 413, 47, 366, 560, 297, 402, 573, 553, 224, 453, 175, 688, 698, 346, 748, 448, 40, 812, 163, 282, 635, 486, 434, 231, 507, 603, 203, 300, 277, 521, 784, 679, 389, 792, 0, 726, 238, 963, 258, 626, 585, 352, 840, 941, 707, 123, 408, 898, 27, 161, 452, 427, 535, 907, 402, 426, 169, 569, 456, 945, 685, 505, 302, 302, 292, 985, 743, 293, 748, 400, 709, 506, 79, 935, 87, 241, 713, 906, 915, 525, 762, 163, 823, 125, 112, 98, 540, 664, 748, 679, 936, 421, 927, 649, 961, 94, 345, 121, 432, 211, 801, 305, 769, 614, 710, 333, 755, 207, 298, 77, 831, 167, 460, 608]
[582, 455, 991, 377, 951, 386, 496, 434, 515, 218, 162, 282, 608, 561, 559, 190, 265, 910, 236, 947, 811, 148, 17, 854, 202, 521, 162, 457, 641, 726, 712, 658, 415, 897, 421, 429, 758, 670, 975, 201, 726, 0, 209, 953, 614, 493, 156, 731, 34, 897, 894, 963, 450, 551, 233, 514, 904, 107, 247, 368, 127, 740, 451, 189, 86, 899, 386, 177, 69, 183, 917, 482, 505, 429, 805, 154, 162, 129, 769, 504, 460, 573, 229, 908, 91, 739, 668, 252, 257, 878, 653, 29, 416, 876, 735, 503, 75, 225, 357, 425, 75, 63, 958, 97, 820, 521, 372, 19, 399, 411, 834, 305, 271, 678, 492, 337, 184, 336, 709, 224]
[69, 588, 911, 618, 994, 41, 639, 670, 268, 324, 417, 152, 503, 613, 465, 628, 215, 535, 925, 223, 220, 332, 770, 651, 882, 329, 546, 261, 459, 453, 156, 454, 740, 917, 589, 736, 787, 657, 934, 599, 238, 209, 0, 841, 749, 362, 418, 865, 918, 60, 119, 877, 801, 889, 423, 533, 432, 503, 431, 714, 361, 157, 438, 940, 283, 660, 955, 616, 159, 412, 344, 335, 543, 859, 19, 455, 797, 641, 404, 762, 701, 854, 329, 96, 638, 175, 709, 672, 936, 279, 143, 755, 974, 944, 141, 848, 58, 865, 960, 831, 770, 544, 99, 694, 755, 414, 553, 698, 76, 888, 790, 310, 469, 924, 557, 256, 747, 490, 965, 305]
[594, 127, 953, 347, 932, 826, 877, 984, 267, 605, 173, 442, 635, 54, 543, 923, 115, 284, 478, 622, 123, 150, 200, 419, 814, 730, 688, 636, 265, 177, 954, 924, 417, 854, 320, 588, 985, 109, 753, 737, 963, 953, 841, 0, 437, 550, 823, 691, 814, 416, 826, 218, 811, 894, 920, 912, 247, 322, 103, 216, 335, 822, 645, 803, 404, 595, 297, 646, 490, 398, 67, 697, 304, 198, 393, 491, 275, 319, 169, 107, 498, 128, 875, 920, 329, 87, 779, 425, 471, 664, 645, 919, 211, 572, 704, 814, 589, 358, 833, 777, 346, 255, 63, 902, 949, 662, 266, 883, 354, 413, 151, 352, 565, 949, 337, 783, 702, 80, 803, 519]
[777, 392, 607, 182, 483, 231, 87, 289, 34, 213, 191, 538, 314, 714, 65, 564, 626, 85, 669, 245, 176, 740, 72, 864, 818, 164, 143, 486, 590, 136, 665, 487, 774, 573, 555, 89, 88, 646, 693, 796, 258, 614, 749, 437, 0, 520, 697, 441, 761, 909, 137, 986, 943, 447, 697, 624, 699, 920, 304, 586, 158, 365, 75, 272, 491, 212, 781, 471, 767, 449, 346, 359, 938, 740, 984, 278, 644, 415, 257, 162, 39, 476, 748, 208, 440, 101, 32, 809, 934, 337, 34, 573, 49, 492, 495, 648, 152, 948, 359, 136, 419, 492, 642, 848, 465, 808, 644, 263, 264, 995, 947, 842, 352, 792, 35, 789, 322, 307, 363, 427]
[334, 439, 795, 922, 40, 371, 708, 408, 281, 998, 300, 34, 458, 961, 262, 228, 833, 887, 324, 142, 57, 794, 693, 875, 529, 107, 452, 897, 331, 571, 960, 363, 774, 918, 810, 26, 886, 831, 28, 934, 626, 493, 362, 550, 520, 0, 478, 686, 52, 202, 581, 742, 990, 252, 180, 11, 577, 53, 264, 556, 693, 219, 761, 880, 431, 837, 417, 53, 158, 851, 805, 168, 902, 62, 926, 542, 592, 976, 74, 201, 940, 800, 412, 601, 797, 104, 916, 842, 174, 521, 399, 756, 307, 59, 225, 233, 322, 46, 512, 363, 481, 256, 641, 521, 830, 440, 517, 922, 688, 370, 980, 65, 45, 197, 682, 880, 882, 737, 72, 657]
[947, 756, 616, 824, 753, 366, 828, 33, 619, 65, 120, 564, 556, 136, 152, 103, 169, 352, 377, 372, 596, 529, 194, 697, 769, 679, 611, 382, 809, 909, 924, 191, 915, 148, 275, 675, 208, 208, 519, 283, 585, 156, 418, 823, 697, 478, 0, 355, 325, 826, 884, 581, 509, 366, 970, 51, 383, 943, 25, 163, 536, 391, 669, 190, 719, 717, 984, 869, 763, 447, 686, 764, 462, 911, 853, 615, 61, 361, 725, 959, 860, 354, 979, 395, 103, 800, 470, 349, 953, 858, 605, 358, 71, 530, 344, 308, 697, 348, 332, 743, 542, 628, 881, 574, 980, 939, 966, 420, 715, 923, 338, 504, 319, 327, 260, 122, 863, 821, 355, 497]
[38, 333, 864, 234, 425, 312, 594, 574, 110, 242, 453, 39, 111, 524, 380, 16, 793, 134, 481, 136, 29, 254, 896, 306, 745, 47, 708, 688, 382, 712, 228, 608, 361, 681, 80, 908, 735, 63, 821, 756, 352, 731, 865, 691, 441, 686, 355, 0, 149, 468, 338, 295, 590, 839, 744, 188, 317, 167, 231, 293, 299, 601, 568, 610, 877, 480, 745, 113, 283, 959, 573, 392, 892, 972, 672, 816, 111, 451, 34, 12, 216, 418, 30, 717, 719, 932, 111, 987, 571, 498, 137, 428, 124, 848, 501, 759, 256, 132, 509, 745, 970, 284, 592, 873, 505, 838, 546, 459, 793, 648, 925, 632, 53, 535, 933, 877, 519, 52, 68, 961]
[681, 270, 192, 158, 869, 535, 528, 861, 93, 688, 938, 182, 188, 278, 77, 129, 47, 312, 627, 199, 598, 488, 84, 991, 293, 926, 608, 481, 463, 603, 303, 701, 590, 476, 300, 152, 178, 739, 369, 365, 840, 34, 918, 814, 761, 52, 325, 149, 0, 399, 593, 159, 674, 758, 625, 380, 230, 404, 829, 185, 127, 515, 41, 574, 386, 357, 548, 676, 735, 211, 670, 588, 363, 987, 595, 841, 600, 729, 397, 34, 874, 792, 385, 651, 956, 43, 906, 76, 712, 109, 12, 697, 710, 682, 148, 410, 289, 735, 815, 99, 503, 157, 971, 456, 583, 310, 521, 159, 284, 277, 253, 652, 127, 800, 240, 56, 544, 324, 461, 903]
[366, 729, 892, 949, 604, 252, 745, 330, 535, 509, 725, 630, 984, 180, 592, 1000, 366, 729, 490, 840, 377, 613, 773, 369, 953, 871, 903, 637, 132, 258, 397, 837, 624, 19, 60, 958, 816, 491, 46, 939, 941, 897, 60, 416, 909, 202, 826, 468, 399, 0, 115, 148, 488, 476, 506, 71, 632, 213, 159, 94, 11, 463, 121, 481, 965, 472, 471, 326, 933, 96, 190, 61, 157, 242, 126, 876, 212, 24, 785, 594, 984, 536, 855, 929, 442, 454, 76, 662, 829, 153, 732, 952, 348, 764, 806, 262, 648, 737, 797, 931, 379, 211, 512, 344, 684, 691, 390, 443, 823, 340, 893, 79, 204, 617, 984, 169, 457, 498, 225, 285]
[37, 401, 101, 995, 798, 161, 640, 646, 530, 491, 158, 545, 797, 534, 419, 13, 100, 387, 642, 523, 285, 487, 249, 628, 708, 833, 847, 54, 80, 433, 60, 714, 649, 363, 636, 209, 365, 692, 527, 880, 707, 894, 119, 826, 137, 581, 884, 338, 593, 115, 0, 65, 493, 926, 165, 322, 293, 818, 434, 677, 538, 901, 806, 288, 196, 795, 276, 533, 820, 343, 78, 234, 880, 289, 271, 973, 224, 435, 679, 609, 61, 233, 458, 721, 116, 826, 462, 687, 153, 41, 259, 187, 656, 878, 994, 918, 433, 499, 815, 287, 80, 488, 772, 472, 372, 203, 205, 285, 836, 782, 996, 390, 193, 66, 532, 851, 986, 482, 392, 812]
[466, 403, 855, 594, 722, 240, 508, 520, 976, 170, 933, 450, 747, 640, 404, 147, 602, 656, 322, 446, 119, 903, 795, 978, 60, 339, 644, 273, 712, 591, 905, 491, 921, 736, 204, 256, 58, 784, 728, 60, 123, 963, 877, 218, 986, 742, 581, 295, 159, 148, 65, 0, 641, 455, 661, 917, 29, 498, 989, 918, 20, 102, 827, 620, 679, 655, 111, 595, 519, 939, 678, 906, 819, 409, 113, 423, 809, 766, 245, 475, 240, 439, 441, 739, 641, 631, 83, 261, 809, 590, 409, 139, 441, 420, 477, 19, 693, 555, 978, 866, 560, 583, 451, 371, 500, 35, 473, 845, 190, 357, 805, 483, 209, 637, 413, 588, 390, 603, 582, 983]
[511, 407, 851, 39, 909, 838, 841, 289, 716, 928, 102, 631, 275, 538, 622, 212, 278, 687, 906, 555, 450, 737, 581, 755, 733, 717, 34, 125, 26, 520, 160, 651, 107, 397, 91, 994, 99, 757, 87, 476, 408, 450, 801, 811, 943, 990, 509, 590, 674, 488, 493, 641, 0, 671, 893, 225, 154, 28, 533, 473, 540, 187, 179, 829, 636, 25, 717, 390, 67, 548, 885, 432, 113, 336, 309, 681, 863, 501, 908, 810, 286, 155, 995, 927, 22, 132, 404, 642, 199, 399, 684, 911, 663, 360, 515, 612, 426, 785, 915, 486, 779, 759, 524, 260, 502, 481, 128, 930, 475, 668, 954, 412, 387, 908, 526, 921, 838, 580, 854, 52]
[715, 819, 121, 953, 220, 500, 509, 39, 600, 690, 479, 631, 878, 783, 143, 255, 253, 109, 838, 337, 286, 332, 801, 219, 132, 277, 457, 764, 949, 983, 903, 421, 11, 238, 836, 728, 747, 512, 47, 1000, 898, 551, 889, 894, 447, 252, 366, 839, 758, 476, 926, 455, 671, 0, 80, 387, 459, 635, 152, 695, 575, 860, 846, 558, 516, 35, 597, 219, 486, 635, 263, 602, 12, 22, 722, 576, 729, 816, 467, 586, 587, 815, 270, 77, 851, 645, 873, 61, 744, 922, 911, 707, 201, 983, 454, 84, 442, 48, 38, 777, 510, 795, 35, 912, 566, 577, 264, 959, 182, 507, 167, 383, 714, 546, 836, 695, 610, 915, 855, 35]
[14, 287, 780, 918, 369, 428, 138, 536, 377, 368, 378, 740, 970, 506, 989, 43, 990, 863, 776, 773, 25, 753, 344, 220, 39, 678, 454, 507, 914, 432, 386, 288, 244, 744, 718, 436, 795, 108, 28, 322, 27, 233, 423, 920, 697, 180, 970, 744, 625, 506, 165, 661, 893, 80, 0, 972, 557, 260, 409, 140, 995, 270, 889, 116, 983, 561, 931, 148, 588, 444, 412, 643, 976, 376, 849, 888, 923, 625, 69, 246, 453, 367, 372, 442, 686, 683, 907, 212, 530, 341, 682, 383, 681, 208, 707, 29, 154, 498, 565, 33, 927, 673, 317, 878, 648, 985, 392, 748, 729, 630, 766, 637, 151, 945, 597, 465, 763, 930, 477, 126]
[146, 210, 352, 797, 327, 229, 1000, 908, 56, 573, 473, 85, 714, 504, 349, 110, 39, 804, 867, 872, 291, 201, 153, 848, 910, 728, 549, 210, 320, 729, 222, 310, 384, 78, 219, 280, 965, 151, 523, 420, 161, 514, 533, 912, 624, 11, 51, 188, 380, 71, 322, 917, 225, 387, 972, 0, 250, 212, 50, 23, 786, 545, 43, 380, 717, 937, 887, 811, 278, 590, 908, 528, 938, 583, 680, 840, 259, 360, 351, 951, 358, 512, 152, 382, 393, 523, 255, 242, 212, 403, 355, 240, 70, 668, 780, 538, 39, 226, 874, 678, 258, 700, 463, 430, 551, 13, 269, 117, 621, 806, 516, 203, 549, 571, 46, 512, 616, 886, 66, 753]
[585, 946, 287, 470, 693, 282, 266, 244, 230, 985, 547, 302, 561, 915, 422, 536, 121, 880, 841, 999, 564, 503, 373, 397, 680, 663, 919, 729, 501, 826, 911, 669, 714, 331, 263, 917, 956, 815, 502, 175, 452, 904, 432, 247, 699, 577, 383, 317, 230, 632, 293, 29, 154, 459, 557, 250, 0, 359, 116, 837, 161, 192, 103, 538, 730, 401, 646, 756, 661, 815, 124, 36, 250, 164, 82, 323, 693, 642, 396, 860, 109, 719, 730, 324, 583, 400, 352, 307, 928, 521, 11, 278, 55, 849, 247, 329, 186, 764, 575, 954, 987, 728, 623, 471, 899, 719, 529, 59, 853, 941, 188, 507, 643, 388, 691, 390, 287, 427, 391, 717]
[342, 823, 479, 669, 975, 931, 345, 542, 961, 333, 611, 129, 895, 367, 662, 861, 631, 184, 718, 23, 613, 345, 668, 848, 416, 770, 831, 632, 305, 15, 660, 628, 258, 251, 82, 40, 120, 56, 749, 816, 427, 107, 503, 322, 920, 53, 943, 167, 404, 213, 818, 498, 28, 635, 260, 212, 359, 0, 619, 486, 166, 855, 35, 87, 566, 96, 485, 849, 729, 245, 616, 519, 77, 59, 840, 68, 805, 902, 407, 168, 703, 526, 372, 991, 75, 972, 903, 188, 944, 400, 534, 162, 376, 660, 996, 954, 660, 963, 396, 809, 545, 502, 612, 701, 862, 389, 645, 517, 568, 895, 531, 707, 215, 807, 552, 503, 348, 214, 935, 221]
[341, 538, 604, 132, 687, 100, 798, 175, 89, 192, 15, 233, 571, 703, 421, 609, 980, 688, 709, 155, 475, 521, 275, 121, 221, 407, 413, 549, 243, 730, 420, 55, 421, 924, 535, 798, 289, 30, 569, 921, 535, 247, 431, 103, 304, 264, 25, 231, 829, 159, 434, 989, 533, 152, 409, 50, 116, 619, 0, 485, 710, 780, 639, 558, 636, 509, 726, 864, 102, 692, 392, 327, 278, 57, 489, 950, 467, 138, 265, 954, 217, 616, 226, 938, 244, 725, 697, 530, 790, 431, 369, 817, 925, 590, 935, 718, 104, 180, 945, 248, 410, 509, 778, 146, 355, 295, 697, 207, 394, 557, 256, 18, 769, 472, 306, 415, 52, 14, 526, 589]
[478, 548, 948, 216, 769, 465, 701, 263, 27, 323, 665, 275, 968, 979, 541, 105, 505, 131, 525, 101, 240, 661, 143, 762, 462, 812, 621, 418, 101, 794, 473, 869, 472, 449, 870, 629, 719, 938, 176, 792, 907, 368, 714, 216, 586, 556, 163, 293, 185, 94, 677, 918, 473, 695, 140, 23, 837, 486, 485, 0, 103, 361, 808, 540, 273, 832, 721, 497, 638, 93, 490, 247, 648, 994, 18, 33, 673, 43, 863, 606, 866, 265, 447, 540, 106, 511, 451, 64, 252, 854, 210, 940, 635, 160, 452, 746, 174, 587, 934, 848, 965, 778, 655, 992, 835, 196, 270, 825, 15, 331, 889, 228, 541, 385, 435, 256, 776, 200, 119, 345]
[567, 681, 135, 993, 783, 810, 72, 205, 584, 96, 554, 743, 956, 997, 354, 32, 540, 1000, 690, 125, 114, 676, 471, 997, 756, 183, 335, 533, 422, 433, 334, 780, 141, 920, 339, 251, 824, 722, 528, 828, 402, 127, 361, 335, 158, 693, 536, 299, 127, 11, 538, 20, 540, 575, 995, 786, 161, 166, 710, 103, 0, 666, 278, 645, 336, 641, 704, 999, 877, 618, 708, 756, 449, 459, 711, 424, 999, 195, 146, 545, 374, 137, 454, 973, 79, 201, 825, 195, 237, 325, 335, 456, 936, 504, 278, 465, 647, 386, 477, 136, 280, 800, 173, 729, 487, 711, 727, 627, 399, 656, 400, 36, 169, 45, 678, 872, 201, 456, 901, 30]
[548, 13, 750, 264, 375, 962, 895, 736, 421, 954, 254, 490, 975, 407, 51, 413, 518, 872, 228, 208, 429, 585, 59, 742, 879, 952, 576, 556, 89, 426, 17, 480, 300, 719, 385, 658, 533, 72, 916, 909, 426, 740, 157, 822, 365, 219, 391, 601, 515, 463, 901, 102, 187, 860, 270, 545, 192, 855, 780, 361, 666, 0, 429, 605, 269, 577, 39, 397, 151, 444, 770, 158, 686, 852, 626, 842, 352, 206, 636, 314, 702, 990, 410, 660, 275, 909, 338, 881, 206, 783, 822, 818, 609, 767, 748, 725, 680, 349, 545, 429, 906, 517, 263, 256, 311, 592, 349, 452, 486, 649, 497, 103, 934, 445, 196, 868, 158, 420, 803, 127]
[848, 755, 134, 842, 410, 718, 832, 541, 516, 336, 112, 675, 337, 949, 317, 326, 754, 189, 42, 316, 262, 60, 76, 753, 574, 935, 987, 168, 131, 406, 346, 297, 709, 17, 186, 103, 503, 438, 101, 520, 169, 451, 438, 645, 75, 761, 669, 568, 41, 121, 806, 827, 179, 846, 889, 43, 103, 35, 639, 808, 278, 429, 0, 96, 32, 729, 910, 711, 163, 583, 633, 532, 629, 465, 587, 917, 189, 32, 843, 181, 792, 542, 691, 146, 950, 792, 789, 721, 929, 352, 610, 309, 15, 494, 880, 684, 402, 234, 732, 868, 757, 884, 552, 30, 989, 929, 545, 321, 575, 883, 478, 314, 935, 274, 233, 56, 497, 45, 715, 756]
[721, 980, 570, 910, 816, 155, 569, 540, 61, 828, 738, 834, 354, 388, 682, 839, 481, 143, 601, 689, 593, 168, 629, 962, 496, 782, 633, 642, 410, 899, 569, 833, 931, 661, 475, 671, 260, 305, 142, 179, 569, 189, 940, 803, 272, 880, 190, 610, 574, 481, 288, 620, 829, 558, 116, 380, 538, 87, 558, 540, 645, 605, 96, 0, 326, 835, 911, 212, 755, 359, 723, 518, 299, 404, 416, 545, 985, 364, 184, 422, 262, 741, 709, 496, 138, 637, 25, 318, 255, 444, 247, 991, 956, 177, 364, 330, 651, 607, 245, 849, 464, 844, 262, 477, 925, 654, 494, 210, 900, 994, 723, 581, 243, 80, 540, 15, 134, 838, 934, 99]
[365, 198, 646, 562, 284, 744, 909, 565, 816, 686, 865, 166, 912, 708, 441, 652, 217, 872, 793, 886, 433, 795, 415, 752, 236, 414, 933, 710, 878, 450, 322, 193, 118, 555, 759, 862, 920, 560, 357, 37, 456, 86, 283, 404, 491, 431, 719, 877, 386, 965, 196, 679, 636, 516, 983, 717, 730, 566, 636, 273, 336, 269, 32, 326, 0, 406, 182, 216, 327, 712, 460, 808, 349, 223, 879, 319, 974, 578, 672, 905, 718, 785, 258, 385, 250, 373, 538, 897, 537, 499, 427, 857, 576, 338, 384, 326, 733, 843, 75, 861, 542, 734, 294, 785, 105, 636, 885, 698, 544, 496, 731, 137, 947, 961, 426, 556, 661, 709, 54, 674]
[810, 979, 338, 898, 582, 479, 83, 826, 499, 763, 354, 775, 294, 596, 416, 189, 556, 275, 992, 414, 123, 89, 384, 203, 581, 437, 391, 469, 832, 974, 245, 120, 29, 325, 129, 201, 169, 329, 253, 212, 945, 899, 660, 595, 212, 837, 717, 480, 357, 472, 795, 655, 25, 35, 561, 937, 401, 96, 509, 832, 641, 577, 729, 835, 406, 0, 173, 602, 144, 578, 408, 933, 700, 299, 474, 19, 670, 732, 27, 93, 221, 460, 511, 401, 472, 986, 673, 695, 487, 502, 90, 960, 946, 755, 394, 266, 810, 679, 426, 829, 45, 692, 566, 395, 741, 146, 937, 995, 182, 748, 298, 832, 307, 791, 886, 439, 906, 187, 66, 207]
[412, 768, 24, 392, 915, 111, 194, 268, 115, 93, 850, 769, 299, 125, 36, 243, 186, 307, 730, 137, 350, 499, 272, 326, 712, 83, 129, 415, 695, 561, 910, 156, 341, 415, 612, 154, 852, 657, 700, 128, 685, 386, 955, 297, 781, 417, 984, 745, 548, 471, 276, 111, 717, 597, 931, 887, 646, 485, 726, 721, 704, 39, 910, 911, 182, 173, 0, 524, 948, 368, 785, 235, 408, 559, 878, 721, 735, 369, 851, 400, 862, 264, 321, 272, 748, 38, 555, 964, 853, 840, 563, 943, 495, 49, 314, 241, 233, 539, 711, 306, 155, 577, 347, 685, 296, 751, 240, 713, 835, 496, 638, 953, 566, 449, 505, 805, 333, 97, 482, 316]
