[0, 464, 782, 550, 312, 585, 327, 60, 147, 264],
[464, 0, 212, 520, 528, 624, 320, 145, 824, 14],
[782, 212, 0, 547, 572, 738, 904, 684, 749, 587],
[550, 520, 547, 0, 84, 70, 740, 873, 918, 422],
[312, 528, 572, 84, 0, 705, 575, 230, 87, 928],
[585, 624, 738, 70, 705, 0, 102, 406, 366, 341],
[327, 320, 904, 740, 575, 102, 0, 359, 349, 979],
[60, 145, 684, 873, 230, 406, 359, 0, 343, 661],
[147, 824, 749, 918, 87, 366, 349, 343, 0, 110],
[264, 14, 587, 422, 928, 341, 979, 661, 110, 0]
