[0, 734, 868, 812, 286, 503, 575, 578, 789, 391, 875, 514, 657, 402, 748, 95, 294, 733, 940, 385, 746, 910, 828, 87, 649, 265, 799, 245, 283, 71, 204, 773, 320, 916, 202, 490, 836, 539, 912, 339, 127, 854, 302, 598, 797, 395, 833, 334, 720, 211, 145, 459, 700, 309, 603, 419, 982, 427, 794, 823, 434, 931, 785, 304, 446, 146, 291, 819, 650, 747, 424, 223, 657, 152, 952, 424, 837, 940, 455, 972, 223, 647, 888, 284, 446, 393, 479, 10, 905, 645],
[734, 0, 484, 149, 100, 948, 921, 92, 530, 380, 257, 593, 989, 811, 497, 395, 279, 881, 562, 510, 278, 472, 145, 713, 726, 200, 873, 160, 217, 821, 831, 651, 491, 943, 584, 68, 829, 777, 425, 104, 664, 416, 64, 277, 224, 151, 728, 530, 776, 329, 400, 392, 591, 141, 353, 934, 782, 419, 195, 340, 773, 806, 999, 804, 429, 405, 887, 601, 511, 939, 402, 99, 51, 664, 491, 202, 65, 979, 732, 78, 655, 386, 827, 799, 12, 518, 190, 918, 654, 259],
[868, 484, 0, 775, 734, 678, 918, 795, 109, 483, 766, 964, 785, 402, 714, 698, 905, 163, 41, 97, 298, 271, 270, 309, 123, 146, 799, 863, 62, 434, 538, 915, 679, 703, 183, 420, 974, 204, 601, 991, 522, 850, 286, 248, 683, 349, 97, 614, 764, 571, 930, 627, 29, 525, 921, 699, 257, 300, 720, 358, 957, 242, 320, 750, 688, 987, 309, 867, 847, 869, 65, 33, 937, 440, 668, 268, 474, 170, 291, 682, 594, 120, 129, 720, 602, 335, 163, 125, 520, 99],
[812, 149, 775, 0, 488, 757, 431, 741, 437, 289, 797, 125, 722, 893, 266, 795, 736, 765, 576, 959, 20, 34, 387, 678, 118, 361, 261, 422, 204, 942, 599, 268, 386, 799, 694, 712, 574, 720, 662, 167, 797, 557, 459, 257, 924, 489, 122, 129, 480, 636, 899, 247, 791, 255, 797, 623, 845, 491, 792, 692, 448, 190, 19, 574, 872, 842, 270, 204, 838, 60, 987, 678, 33, 472, 455, 895, 720, 748, 834, 945, 189, 506, 232, 194, 157, 644, 347, 88, 901, 805],
[286, 100, 734, 488, 0, 918, 591, 419, 916, 176, 486, 335, 497, 447, 235, 251, 802, 240, 322, 630, 208, 967, 864, 367, 43, 268, 904, 171, 714, 223, 435, 404, 252, 344, 73, 667, 855, 880, 361, 929, 773, 378, 21, 53, 558, 460, 825, 284, 46, 321, 523, 277, 675, 937, 907, 102, 153, 374, 725, 500, 841, 817, 226, 73, 122, 288, 810, 296, 807, 960, 765, 841, 834, 157, 780, 409, 122, 847, 274, 145, 597, 421, 849, 472, 714, 493, 868, 768, 136, 913],
[503, 948, 678, 757, 918, 0, 327, 371, 47, 169, 992, 554, 978, 755, 698, 223, 293, 475, 55, 204, 663, 770, 29, 398, 321, 112, 338, 112, 649, 949, 580, 478, 266, 858, 225, 306, 848, 859, 563, 430, 647, 753, 956, 173, 750, 57, 769, 175, 406, 313, 960, 854, 833, 719, 589, 612, 365, 144, 175, 765, 117, 290, 66, 987, 481, 565, 339, 276, 778, 935, 500, 100, 160, 938, 771, 638, 618, 66, 622, 127, 973, 59, 393, 81, 579, 658, 626, 839, 925, 845],
[575, 921, 918, 431, 591, 327, 0, 499, 319, 887, 254, 260, 480, 979, 571, 628, 229, 37, 722, 845, 86, 904, 533, 104, 419, 318, 790, 49, 577, 152, 292, 858, 927, 895, 52, 517, 279, 342, 139, 264, 901, 676, 761, 361, 396, 92, 230, 409, 219, 88, 805, 236, 890, 246, 312, 786, 400, 52, 507, 54, 28, 547, 29, 214, 717, 118, 118, 295, 733, 945, 753, 42, 971, 24, 209, 471, 395, 315, 879, 352, 882, 325, 525, 20, 723, 448, 83, 306, 816, 230],
[578, 92, 795, 741, 419, 371, 499, 0, 272, 913, 590, 862, 779, 553, 268, 883, 774, 393, 304, 954, 934, 537, 688, 350, 509, 983, 258, 397, 620, 564, 610, 63, 204, 838, 80, 895, 124, 305, 107, 544, 648, 687, 705, 993, 943, 889, 339, 593, 680, 973, 602, 688, 315, 796, 782, 930, 836, 533, 275, 798, 327, 512, 915, 929, 528, 29, 558, 959, 952, 572, 80, 79, 485, 201, 15, 590, 30, 730, 981, 310, 635, 288, 945, 595, 403, 39, 223, 717, 798, 636],
[789, 530, 109, 437, 916, 47, 319, 272, 0, 472, 511, 915, 278, 498, 66, 141, 693, 530, 530, 458, 256, 74, 981, 87, 311, 947, 80, 855, 949, 780, 158, 801, 791, 711, 921, 847, 719, 592, 822, 951, 92, 361, 828, 796, 842, 616, 423, 325, 236, 994, 370, 689, 141, 66, 914, 434, 861, 324, 827, 541, 150, 93, 628, 86, 282, 476, 161, 228, 791, 848, 727, 596, 846, 164, 567, 919, 400, 96, 425, 599, 244, 929, 321, 292, 944, 845, 564, 396, 461, 108],
[391, 380, 483, 289, 176, 169, 887, 913, 472, 0, 619, 343, 726, 242, 157, 474, 392, 544, 555, 563, 427, 873, 474, 537, 811, 351, 458, 196, 184, 70, 85, 684, 603, 213, 260, 371, 100, 834, 309, 658, 625, 435, 994, 760, 989, 921, 355, 145, 353, 183, 542, 574, 655, 244, 760, 200, 428, 650, 807, 609, 792, 388, 508, 657, 625, 518, 570, 555, 690, 525, 286, 729, 159, 459, 84, 486, 741, 840, 389, 25, 990, 341, 980, 808, 447, 408, 56, 510, 424, 990],
[875, 257, 766, 797, 486, 992, 254, 590, 511, 619, 0, 629, 390, 537, 185, 804, 977, 422, 655, 143, 151, 903, 765, 254, 38, 670, 1000, 648, 407, 835, 946, 376, 457, 969, 966, 516, 605, 799, 878, 20, 828, 256, 706, 492, 319, 957, 755, 979, 695, 694, 193, 700, 627, 602, 847, 62, 290, 810, 922, 389, 438, 842, 684, 306, 707, 371, 309, 436, 803, 529, 374, 674, 804, 11, 690, 226, 410, 58, 665, 241, 938, 793, 360, 644, 344, 291, 811, 379, 806, 241],
[514, 593, 964, 125, 335, 554, 260, 862, 915, 343, 629, 0, 403, 791, 346, 360, 819, 595, 301, 828, 254, 483, 994, 65, 972, 396, 74, 305, 492, 88, 47, 56, 484, 272, 12, 414, 246, 254, 808, 629, 612, 232, 88, 466, 39, 296, 469, 443, 73, 109, 81, 488, 434, 411, 700, 960, 959, 914, 242, 667, 167, 86, 347, 825, 887, 316, 737, 994, 134, 792, 613, 544, 856, 362, 351, 215, 584, 119, 550, 113, 279, 642, 873, 879, 296, 676, 545, 106, 350, 686],
[657, 989, 785, 722, 497, 978, 480, 779, 278, 726, 390, 403, 0, 204, 898, 719, 439, 95, 665, 809, 952, 684, 348, 123, 445, 811, 395, 680, 227, 460, 966, 91, 156, 373, 635, 728, 606, 798, 758, 971, 485, 632, 378, 30, 295, 724, 224, 559, 424, 368, 603, 207, 969, 306, 790, 670, 428, 500, 579, 669, 231, 171, 951, 157, 887, 197, 27, 929, 220, 433, 589, 734, 471, 530, 414, 685, 349, 754, 904, 599, 284, 803, 882, 696, 510, 455, 13, 217, 843, 692],
[402, 811, 402, 893, 447, 755, 979, 553, 498, 242, 537, 791, 204, 0, 976, 673, 599, 532, 383, 572, 148, 999, 905, 64, 21, 990, 668, 404, 366, 710, 360, 14, 889, 159, 793, 620, 770, 570, 166, 836, 936, 907, 799, 447, 498, 241, 135, 672, 669, 97, 54, 685, 982, 706, 686, 891, 760, 525, 536, 48, 940, 844, 158, 284, 68, 920, 371, 686, 971, 712, 693, 798, 887, 242, 439, 764, 789, 928, 673, 692, 578, 378, 62, 113, 844, 289, 575, 42, 526, 325],
[748, 497, 714, 266, 235, 698, 571, 268, 66, 157, 185, 346, 898, 976, 0, 417, 118, 397, 342, 624, 507, 578, 466, 791, 517, 274, 570, 238, 418, 243, 748, 424, 13, 207, 738, 571, 325, 171, 746, 99, 158, 367, 637, 171, 201, 355, 155, 954, 968, 620, 949, 434, 595, 539, 369, 439, 884, 430, 999, 653, 15, 117, 766, 161, 489, 280, 816, 511, 480, 816, 456, 629, 422, 947, 542, 996, 223, 249, 36, 954, 30, 686, 221, 368, 666, 497, 810, 860, 458, 337],
[95, 395, 698, 795, 251, 223, 628, 883, 141, 474, 804, 360, 719, 673, 417, 0, 131, 644, 945, 193, 395, 700, 790, 49, 759, 28, 577, 528, 767, 518, 690, 819, 666, 161, 915, 155, 250, 279, 452, 846, 778, 603, 510, 212, 729, 313, 213, 64, 450, 17, 767, 901, 638, 708, 587, 667, 492, 439, 286, 256, 332, 430, 273, 897, 606, 615, 290, 502, 118, 540, 543, 307, 269, 454, 442, 264, 905, 701, 207, 341, 278, 342, 354, 341, 41, 388, 832, 293, 722, 693],
[294, 279, 905, 736, 802, 293, 229, 774, 693, 392, 977, 819, 439, 599, 118, 131, 0, 782, 136, 979, 210, 167, 843, 544, 289, 489, 324, 449, 251, 71, 220, 430, 106, 995, 343, 407, 761, 860, 988, 264, 47, 917, 308, 643, 315, 345, 788, 775, 387, 642, 702, 848, 852, 80, 310, 337, 386, 571, 499, 796, 889, 464, 389, 615, 156, 640, 443, 812, 687, 474, 551, 611, 813, 434, 216, 376, 114, 605, 660, 42, 782, 224, 970, 214, 718, 18, 406, 856, 452, 558],
[733, 881, 163, 765, 240, 475, 37, 393, 530, 544, 422, 595, 95, 532, 397, 644, 782, 0, 898, 548, 278, 232, 164, 61, 835, 337, 520, 239, 671, 761, 754, 544, 607, 851, 822, 985, 258, 379, 989, 211, 924, 800, 455, 356, 848, 748, 843, 114, 676, 979, 304, 750, 624, 600, 274, 626, 23, 30, 546, 817, 521, 643, 390, 664, 773, 748, 16, 896, 544, 769, 284, 653, 887, 60, 359, 445, 767, 193, 226, 569, 581, 450, 341, 851, 959, 353, 54, 412, 387, 817],
[940, 562, 41, 576, 322, 55, 722, 304, 530, 555, 655, 301, 665, 383, 342, 945, 136, 898, 0, 90, 416, 562, 885, 374, 971, 108, 599, 579, 631, 927, 92, 545, 823, 154, 681, 73, 855, 267, 567, 960, 283, 397, 150, 817, 595, 863, 263, 230, 346, 515, 438, 321, 583, 955, 811, 864, 988, 240, 615, 869, 319, 906, 66, 957, 379, 314, 194, 405, 158, 54, 850, 649, 408, 953, 128, 35, 226, 494, 270, 862, 494, 853, 580, 738, 578, 271, 40, 606, 912, 632],
[385, 510, 97, 959, 630, 204, 845, 954, 458, 563, 143, 828, 809, 572, 624, 193, 979, 548, 90, 0, 167, 101, 280, 983, 295, 554, 848, 811, 701, 942, 220, 317, 589, 181, 181, 107, 570, 938, 742, 795, 805, 407, 761, 606, 752, 929, 667, 56, 92, 193, 717, 331, 981, 410, 33, 759, 359, 596, 350, 428, 286, 368, 139, 169, 529, 958, 506, 531, 579, 372, 21, 317, 615, 567, 473, 510, 891, 789, 363, 708, 661, 554, 64, 900, 220, 942, 820, 20, 728, 810],
[746, 278, 298, 20, 208, 663, 86, 934, 256, 427, 151, 254, 952, 148, 507, 395, 210, 278, 416, 167, 0, 339, 227, 22, 942, 336, 592, 743, 144, 468, 150, 834, 853, 799, 856, 594, 543, 584, 593, 619, 187, 177, 591, 55, 631, 849, 60, 466, 113, 808, 184, 711, 467, 930, 976, 979, 724, 475, 310, 492, 295, 17, 76, 464, 89, 369, 889, 939, 641, 691, 352, 429, 300, 56, 621, 974, 184, 534, 173, 489, 434, 412, 973, 250, 794, 672, 652, 238, 653, 529],
[910, 472, 271, 34, 967, 770, 904, 537, 74, 873, 903, 483, 684, 999, 578, 700, 167, 232, 562, 101, 339, 0, 692, 552, 876, 665, 771, 462, 648, 691, 684, 898, 940, 997, 417, 382, 986, 51, 713, 534, 827, 632, 236, 569, 590, 609, 903, 214, 347, 54, 403, 564, 26, 299, 740, 695, 594, 282, 510, 766, 849, 640, 189, 146, 970, 91, 149, 442, 147, 778, 906, 369, 691, 179, 100, 732, 496, 948, 513, 15, 580, 200, 526, 880, 801, 368, 777, 543, 401, 319],
[828, 145, 270, 387, 864, 29, 533, 688, 981, 474, 765, 994, 348, 905, 466, 790, 843, 164, 885, 280, 227, 692, 0, 582, 563, 96, 143, 102, 249, 31, 601, 58, 872, 279, 700, 429, 292, 116, 292, 839, 793, 971, 170, 276, 824, 865, 539, 241, 505, 113, 942, 196, 894, 427, 884, 158, 705, 309, 572, 201, 951, 800, 848, 202, 608, 276, 994, 305, 718, 759, 830, 109, 49, 841, 802, 255, 749, 506, 548, 635, 257, 552, 979, 187, 27, 165, 435, 315, 176, 266],
[87, 713, 309, 678, 367, 398, 104, 350, 87, 537, 254, 65, 123, 64, 791, 49, 544, 61, 374, 983, 22, 552, 582, 0, 994, 698, 587, 848, 651, 16, 664, 128, 103, 497, 406, 159, 808, 496, 876, 389, 366, 43, 24, 796, 659, 871, 617, 138, 386, 456, 955, 946, 755, 940, 656, 290, 353, 982, 356, 574, 620, 893, 882, 242, 42, 638, 397, 33, 372, 481, 612, 683, 291, 635, 334, 280, 730, 640, 96, 863, 720, 777, 348, 480, 51, 731, 239, 447, 672, 226],
[649, 726, 123, 118, 43, 321, 419, 509, 311, 811, 38, 972, 445, 21, 517, 759, 289, 835, 971, 295, 942, 876, 563, 994, 0, 906, 25, 850, 831, 181, 375, 413, 250, 479, 205, 854, 407, 56, 48, 94, 579, 380, 27, 371, 517, 376, 432, 600, 898, 171, 253, 457, 471, 963, 492, 666, 38, 135, 151, 391, 654, 537, 38, 876, 898, 447, 264, 723, 344, 201, 928, 965, 740, 153, 60, 167, 686, 835, 359, 542, 703, 432, 984, 235, 112, 613, 19, 112, 762, 608],
[265, 200, 146, 361, 268, 112, 318, 983, 947, 351, 670, 396, 811, 990, 274, 28, 489, 337, 108, 554, 336, 665, 96, 698, 906, 0, 63, 78, 315, 206, 294, 691, 876, 661, 175, 372, 53, 169, 845, 966, 969, 538, 352, 670, 395, 194, 948, 548, 261, 161, 707, 974, 307, 586, 356, 675, 120, 826, 761, 543, 608, 687, 74, 878, 171, 577, 849, 447, 111, 335, 394, 612, 231, 334, 549, 460, 654, 918, 730, 816, 76, 407, 60, 676, 538, 584, 292, 230, 960, 50],
[799, 873, 799, 261, 904, 338, 790, 258, 80, 458, 1000, 74, 395, 668, 570, 577, 324, 520, 599, 848, 592, 771, 143, 587, 25, 63, 0, 494, 335, 268, 623, 867, 719, 911, 825, 410, 952, 248, 179, 909, 790, 658, 933, 736, 69, 760, 350, 914, 154, 941, 873, 527, 403, 491, 462, 838, 194, 616, 78, 765, 341, 59, 265, 381, 691, 845, 605, 577, 54, 964, 422, 673, 258, 628, 845, 514, 439, 32, 809, 84, 477, 848, 891, 17, 26, 805, 566, 901, 826, 36],
[245, 160, 863, 422, 171, 112, 49, 397, 855, 196, 648, 305, 680, 404, 238, 528, 449, 239, 579, 811, 743, 462, 102, 848, 850, 78, 494, 0, 871, 607, 919, 469, 711, 841, 878, 364, 845, 751, 62, 283, 980, 60, 929, 23, 81, 382, 111, 251, 812, 419, 232, 665, 45, 524, 700, 380, 701, 362, 508, 548, 957, 193, 90, 558, 597, 423, 307, 605, 751, 566, 51, 715, 123, 184, 803, 885, 798, 937, 146, 86, 566, 46, 720, 628, 460, 605, 84, 169, 645, 77],
[283, 217, 62, 204, 714, 649, 577, 620, 949, 184, 407, 492, 227, 366, 418, 767, 251, 671, 631, 701, 144, 648, 249, 651, 831, 315, 335, 871, 0, 267, 12, 207, 916, 612, 299, 948, 133, 856, 763, 297, 225, 103, 125, 635, 37, 16, 429, 904, 500, 82, 235, 661, 995, 302, 128, 101, 705, 724, 998, 332, 60, 681, 438, 597, 269, 315, 878, 893, 528, 42, 560, 646, 712, 556, 648, 467, 721, 223, 994, 59, 615, 544, 697, 752, 252, 881, 238, 41, 351, 208],
[71, 821, 434, 942, 223, 949, 152, 564, 780, 70, 835, 88, 460, 710, 243, 518, 71, 761, 927, 942, 468, 691, 31, 16, 181, 206, 268, 607, 267, 0, 177, 13, 733, 970, 968, 782, 39, 900, 501, 580, 968, 845, 446, 585, 455, 174, 407, 373, 234, 986, 533, 524, 99, 108, 909, 80, 597, 728, 335, 341, 257, 812, 109, 954, 235, 134, 438, 93, 703, 748, 805, 811, 131, 800, 522, 497, 422, 927, 575, 154, 666, 953, 358, 343, 104, 473, 906, 667, 404, 204],
[204, 831, 538, 599, 435, 580, 292, 610, 158, 85, 946, 47, 966, 360, 748, 690, 220, 754, 92, 220, 150, 684, 601, 664, 375, 294, 623, 919, 12, 177, 0, 866, 534, 744, 795, 911, 340, 487, 783, 863, 335, 550, 573, 164, 276, 140, 385, 121, 504, 737, 243, 189, 31, 755, 523, 334, 873, 523, 245, 97, 738, 264, 207, 509, 61, 877, 28, 701, 334, 759, 29, 539, 234, 723, 372, 936, 416, 100, 185, 976, 899, 13, 955, 603, 811, 976, 665, 988, 720, 808],
[773, 651, 915, 268, 404, 478, 858, 63, 801, 684, 376, 56, 91, 14, 424, 819, 430, 544, 545, 317, 834, 898, 58, 128, 413, 691, 867, 469, 207, 13, 866, 0, 604, 533, 841, 274, 797, 757, 309, 837, 513, 614, 299, 906, 59, 324, 481, 185, 701, 546, 558, 783, 505, 52, 741, 149, 903, 267, 44, 690, 165, 335, 566, 153, 282, 538, 335, 172, 247, 875, 234, 548, 176, 667, 781, 409, 865, 184, 236, 680, 371, 755, 977, 214, 874, 425, 610, 520, 571, 109],
[320, 491, 679, 386, 252, 266, 927, 204, 791, 603, 457, 484, 156, 889, 13, 666, 106, 607, 823, 589, 853, 940, 872, 103, 250, 876, 719, 711, 916, 733, 534, 604, 0, 293, 871, 471, 25, 794, 609, 690, 884, 108, 164, 298, 895, 109, 619, 630, 793, 285, 108, 450, 640, 139, 383, 293, 557, 153, 953, 734, 649, 230, 12, 175, 166, 314, 561, 870, 123, 160, 962, 551, 102, 777, 963, 59, 551, 131, 571, 861, 666, 313, 712, 438, 408, 119, 789, 729, 257, 454],
[916, 943, 703, 799, 344, 858, 895, 838, 711, 213, 969, 272, 373, 159, 207, 161, 995, 851, 154, 181, 799, 997, 279, 497, 479, 661, 911, 841, 612, 970, 744, 533, 293, 0, 109, 780, 347, 449, 234, 489, 172, 836, 643, 35, 23, 823, 317, 248, 812, 180, 670, 908, 872, 53, 460, 304, 986, 447, 938, 688, 105, 110, 635, 864, 120, 816, 832, 882, 919, 927, 426, 590, 783, 754, 897, 115, 392, 535, 302, 292, 30, 562, 668, 499, 318, 655, 724, 565, 843, 585],
[202, 584, 183, 694, 73, 225, 52, 80, 921, 260, 966, 12, 635, 793, 738, 915, 343, 822, 681, 181, 856, 417, 700, 406, 205, 175, 825, 878, 299, 968, 795, 841, 871, 109, 0, 86, 370, 542, 177, 985, 665, 30, 758, 374, 738, 574, 347, 628, 22, 181, 637, 508, 244, 95, 734, 338, 676, 307, 808, 813, 947, 37, 165, 745, 392, 825, 598, 681, 787, 519, 227, 978, 108, 127, 297, 594, 438, 617, 47, 180, 258, 884, 48, 350, 26, 718, 837, 274, 331, 953],
[490, 68, 420, 712, 667, 306, 517, 895, 847, 371, 516, 414, 728, 620, 571, 155, 407, 985, 73, 107, 594, 382, 429, 159, 854, 372, 410, 364, 948, 782, 911, 274, 471, 780, 86, 0, 133, 837, 692, 490, 155, 407, 433, 132, 937, 243, 796, 953, 888, 388, 844, 952, 143, 124, 763, 648, 250, 909, 532, 994, 193, 633, 894, 886, 744, 399, 680, 692, 458, 680, 369, 615, 147, 610, 246, 590, 888, 550, 21, 603, 665, 404, 670, 44, 792, 479, 512, 879, 128, 230],
[836, 829, 974, 574, 855, 848, 279, 124, 719, 100, 605, 246, 606, 770, 325, 250, 761, 258, 855, 570, 543, 986, 292, 808, 407, 53, 952, 845, 133, 39, 340, 797, 25, 347, 370, 133, 0, 303, 12, 768, 513, 19, 888, 218, 62, 500, 32, 359, 626, 804, 393, 554, 117, 892, 625, 104, 106, 386, 179, 755, 510, 835, 777, 606, 846, 717, 704, 356, 178, 676, 867, 917, 754, 852, 254, 892, 233, 460, 722, 323, 509, 507, 148, 891, 730, 386, 84, 852, 404, 239],
[539, 777, 204, 720, 880, 859, 342, 305, 592, 834, 799, 254, 798, 570, 171, 279, 860, 379, 267, 938, 584, 51, 116, 496, 56, 169, 248, 751, 856, 900, 487, 757, 794, 449, 542, 837, 303, 0, 498, 161, 410, 716, 721, 233, 361, 793, 224, 777, 841, 832, 68, 82, 863, 966, 632, 559, 978, 715, 280, 161, 657, 334, 45, 242, 75, 743, 711, 186, 393, 923, 136, 97, 382, 34, 918, 590, 45, 455, 391, 570, 124, 290, 874, 305, 95, 566, 551, 844, 757, 476],
[912, 425, 601, 662, 361, 563, 139, 107, 822, 309, 878, 808, 758, 166, 746, 452, 988, 989, 567, 742, 593, 713, 292, 876, 48, 845, 179, 62, 763, 501, 783, 309, 609, 234, 177, 692, 12, 498, 0, 771, 692, 392, 996, 27, 286, 128, 827, 548, 279, 764, 752, 795, 12, 718, 224, 303, 882, 882, 209, 734, 65, 284, 61, 120, 237, 848, 796, 505, 15, 778, 80, 426, 331, 126, 411, 271, 420, 797, 149, 549, 520, 897, 481, 28, 300, 181, 887, 503, 45, 539],
[339, 104, 991, 167, 929, 430, 264, 544, 951, 658, 20, 629, 971, 836, 99, 846, 264, 211, 960, 795, 619, 534, 839, 389, 94, 966, 909, 283, 297, 580, 863, 837, 690, 489, 985, 490, 768, 161, 771, 0, 659, 853, 958, 27, 984, 455, 346, 315, 652, 269, 142, 439, 291, 296, 767, 157, 352, 785, 394, 435, 469, 15, 841, 337, 311, 873, 699, 536, 355, 147, 660, 922, 378, 55, 486, 406, 133, 135, 59, 227, 832, 836, 160, 165, 767, 874, 182, 368, 664, 708],
[127, 664, 522, 797, 773, 647, 901, 648, 92, 625, 828, 612, 485, 936, 158, 778, 47, 924, 283, 805, 187, 827, 793, 366, 579, 969, 790, 980, 225, 968, 335, 513, 884, 172, 665, 155, 513, 410, 692, 659, 0, 454, 45, 107, 108, 268, 506, 850, 106, 169, 658, 289, 494, 337, 101, 603, 530, 207, 662, 488, 767, 916, 228, 993, 455, 115, 408, 56, 486, 339, 613, 697, 842, 119, 488, 239, 400, 735, 527, 481, 973, 832, 400, 612, 852, 134, 123, 598, 162, 36],
[854, 416, 850, 557, 378, 753, 676, 687, 361, 435, 256, 232, 632, 907, 367, 603, 917, 800, 397, 407, 177, 632, 971, 43, 380, 538, 658, 60, 103, 845, 550, 614, 108, 836, 30, 407, 19, 716, 392, 853, 454, 0, 263, 576, 778, 234, 166, 846, 232, 341, 806, 61, 79, 263, 221, 697, 588, 88, 766, 277, 837, 942, 411, 49, 167, 655, 104, 995, 796, 606, 933, 351, 691, 115, 840, 429, 936, 316, 229, 837, 662, 991, 818, 633, 856, 946, 476, 280, 798, 225],
[302, 64, 286, 459, 21, 956, 761, 705, 828, 994, 706, 88, 378, 799, 637, 510, 308, 455, 150, 761, 591, 236, 170, 24, 27, 352, 933, 929, 125, 446, 573, 299, 164, 643, 758, 433, 888, 721, 996, 958, 45, 263, 0, 686, 227, 79, 552, 355, 802, 644, 958, 359, 662, 880, 292, 530, 421, 17, 275, 849, 76, 707, 423, 456, 427, 124, 405, 364, 760, 712, 180, 400, 179, 385, 114, 356, 97, 296, 113, 618, 419, 869, 919, 94, 581, 664, 168, 454, 979, 997],
[598, 277, 248, 257, 53, 173, 361, 993, 796, 760, 492, 466, 30, 447, 171, 212, 643, 356, 817, 606, 55, 569, 276, 796, 371, 670, 736, 23, 635, 585, 164, 906, 298, 35, 374, 132, 218, 233, 27, 27, 107, 576, 686, 0, 392, 814, 147, 174, 701, 949, 693, 43, 769, 786, 776, 951, 392, 824, 619, 645, 711, 186, 296, 635, 591, 688, 857, 270, 411, 239, 979, 507, 411, 981, 698, 569, 901, 350, 712, 482, 879, 860, 858, 544, 607, 678, 130, 202, 660, 417],
[797, 224, 683, 924, 558, 750, 396, 943, 842, 989, 319, 39, 295, 498, 201, 729, 315, 848, 595, 752, 631, 590, 824, 659, 517, 395, 69, 81, 37, 455, 276, 59, 895, 23, 738, 937, 62, 361, 286, 984, 108, 778, 227, 392, 0, 906, 424, 789, 177, 762, 246, 308, 536, 850, 983, 909, 493, 737, 477, 89, 710, 950, 330, 636, 927, 708, 471, 294, 54, 254, 459, 109, 543, 947, 656, 919, 487, 105, 929, 767, 835, 368, 32, 569, 206, 298, 47, 101, 283, 485],
[395, 151, 349, 489, 460, 57, 92, 889, 616, 921, 957, 296, 724, 241, 355, 313, 345, 748, 863, 929, 849, 609, 865, 871, 376, 194, 760, 382, 16, 174, 140, 324, 109, 823, 574, 243, 500, 793, 128, 455, 268, 234, 79, 814, 906, 0, 101, 328, 1000, 691, 857, 692, 302, 858, 103, 714, 938, 87, 652, 656, 314, 279, 730, 603, 456, 579, 230, 895, 476, 525, 332, 199, 43, 315, 854, 533, 152, 735, 859, 48, 215, 864, 916, 634, 938, 48, 163, 148, 474, 521],
[833, 728, 97, 122, 825, 769, 230, 339, 423, 355, 755, 469, 224, 135, 155, 213, 788, 843, 263, 667, 60, 903, 539, 617, 432, 948, 350, 111, 429, 407, 385, 481, 619, 317, 347, 796, 32, 224, 827, 346, 506, 166, 552, 147, 424, 101, 0, 732, 14, 948, 382, 689, 296, 275, 188, 915, 838, 69, 801, 621, 908, 196, 303, 302, 541, 694, 902, 154, 266, 923, 997, 59, 53, 172, 48, 202, 62, 679, 646, 778, 844, 519, 222, 52, 960, 752, 495, 613, 765, 183],
[334, 530, 614, 129, 284, 175, 409, 593, 325, 145, 979, 443, 559, 672, 954, 64, 775, 114, 230, 56, 466, 214, 241, 138, 600, 548, 914, 251, 904, 373, 121, 185, 630, 248, 628, 953, 359, 777, 548, 315, 850, 846, 355, 174, 789, 328, 732, 0, 325, 490, 188, 108, 33, 302, 706, 740, 332, 829, 495, 576, 683, 54, 775, 466, 463, 136, 675, 719, 846, 355, 146, 776, 810, 230, 220, 256, 490, 281, 681, 172, 78, 1000, 175, 394, 312, 191, 134, 726, 402, 276],
[720, 776, 764, 480, 46, 406, 219, 680, 236, 353, 695, 73, 424, 669, 968, 450, 387, 676, 346, 92, 113, 347, 505, 386, 898, 261, 154, 812, 500, 234, 504, 701, 793, 812, 22, 888, 626, 841, 279, 652, 106, 232, 802, 701, 177, 1000, 14, 325, 0, 577, 65, 105, 425, 446, 690, 367, 897, 657, 344, 725, 867, 347, 59, 799, 112, 785, 547, 490, 604, 359, 874, 290, 785, 610, 574, 940, 408, 177, 35, 829, 115, 138, 881, 542, 84, 206, 737, 763, 828, 604],
[211, 329, 571, 636, 321, 313, 88, 973, 994, 183, 694, 109, 368, 97, 620, 17, 642, 979, 515, 193, 808, 54, 113, 456, 171, 161, 941, 419, 82, 986, 737, 546, 285, 180, 181, 388, 804, 832, 764, 269, 169, 341, 644, 949, 762, 691, 948, 490, 577, 0, 70, 990, 73, 338, 177, 128, 277, 781, 300, 798, 309, 45, 179, 50, 932, 340, 361, 409, 401, 211, 246, 829, 654, 187, 546, 20, 103, 843, 81, 286, 995, 468, 557, 488, 687, 231, 274, 123, 352, 456],
[145, 400, 930, 899, 523, 960, 805, 602, 370, 542, 193, 81, 603, 54, 949, 767, 702, 304, 438, 717, 184, 403, 942, 955, 253, 707, 873, 232, 235, 533, 243, 558, 108, 670, 637, 844, 393, 68, 752, 142, 658, 806, 958, 693, 246, 857, 382, 188, 65, 70, 0, 435, 760, 213, 383, 754, 924, 115, 859, 80, 91, 648, 151, 289, 988, 752, 869, 694, 870, 765, 157, 293, 245, 121, 972, 667, 448, 130, 982, 463, 907, 962, 281, 778, 551, 370, 529, 867, 328, 615],
[459, 392, 627, 247, 277, 854, 236, 688, 689, 574, 700, 488, 207, 685, 434, 901, 848, 750, 321, 331, 711, 564, 196, 946, 457, 974, 527, 665, 661, 524, 189, 783, 450, 908, 508, 952, 554, 82, 795, 439, 289, 61, 359, 43, 308, 692, 689, 108, 105, 990, 435, 0, 589, 253, 638, 842, 793, 286, 214, 101, 702, 504, 484, 751, 239, 614, 635, 836, 561, 378, 843, 724, 932, 65, 521, 419, 672, 387, 185, 890, 643, 952, 765, 127, 77, 450, 500, 656, 506, 61],
[700, 591, 29, 791, 675, 833, 890, 315, 141, 655, 627, 434, 969, 982, 595, 638, 852, 624, 583, 981, 467, 26, 894, 755, 471, 307, 403, 45, 995, 99, 31, 505, 640, 872, 244, 143, 117, 863, 12, 291, 494, 79, 662, 769, 536, 302, 296, 33, 425, 73, 760, 589, 0, 142, 252, 230, 673, 858, 378, 540, 793, 912, 107, 466, 118, 622, 809, 940, 75, 905, 735, 62, 792, 896, 485, 848, 549, 848, 225, 626, 15, 22, 384, 51, 198, 665, 605, 878, 320, 379],
[309, 141, 525, 255, 937, 719, 246, 796, 66, 244, 602, 411, 306, 706, 539, 708, 80, 600, 955, 410, 930, 299, 427, 940, 963, 586, 491, 524, 302, 108, 755, 52, 139, 53, 95, 124, 892, 966, 718, 296, 337, 263, 880, 786, 850, 858, 275, 302, 446, 338, 213, 253, 142, 0, 220, 461, 338, 649, 251, 900, 146, 974, 997, 230, 937, 546, 522, 986, 266, 493, 631, 12, 755, 456, 37, 757, 34, 442, 858, 574, 185, 985, 758, 84, 596, 403, 291, 395, 855, 517],
[603, 353, 921, 797, 907, 589, 312, 782, 914, 760, 847, 700, 790, 686, 369, 587, 310, 274, 811, 33, 976, 740, 884, 656, 492, 356, 462, 700, 128, 909, 523, 741, 383, 460, 734, 763, 625, 632, 224, 767, 101, 221, 292, 776, 983, 103, 188, 706, 690, 177, 383, 638, 252, 220, 0, 232, 168, 819, 819, 428, 585, 429, 520, 813, 594, 179, 204, 404, 165, 809, 291, 98, 916, 264, 53, 119, 331, 99, 50, 558, 884, 62, 41, 268, 425, 337, 874, 264, 961, 23],
[419, 934, 699, 623, 102, 612, 786, 930, 434, 200, 62, 960, 670, 891, 439, 667, 337, 626, 864, 759, 979, 695, 158, 290, 666, 675, 838, 380, 101, 80, 334, 149, 293, 304, 338, 648, 104, 559, 303, 157, 603, 697, 530, 951, 909, 714, 915, 740, 367, 128, 754, 842, 230, 461, 232, 0, 917, 325, 488, 139, 90, 930, 368, 779, 878, 629, 621, 156, 307, 478, 233, 419, 616, 673, 422, 544, 901, 429, 79, 100, 346, 825, 868, 163, 376, 774, 253, 625, 974, 943],
[982, 782, 257, 845, 153, 365, 400, 836, 861, 428, 290, 959, 428, 760, 884, 492, 386, 23, 988, 359, 724, 594, 705, 353, 38, 120, 194, 701, 705, 597, 873, 903, 557, 986, 676, 250, 106, 978, 882, 352, 530, 588, 421, 392, 493, 938, 838, 332, 897, 277, 924, 793, 673, 338, 168, 917, 0, 255, 402, 598, 243, 176, 469, 985, 528, 966, 633, 886, 109, 865, 718, 112, 272, 564, 730, 754, 212, 877, 460, 692, 452, 533, 170, 910, 698, 173, 600, 981, 838, 710],
[427, 419, 300, 491, 374, 144, 52, 533, 324, 650, 810, 914, 500, 525, 430, 439, 571, 30, 240, 596, 475, 282, 309, 982, 135, 826, 616, 362, 724, 728, 523, 267, 153, 447, 307, 909, 386, 715, 882, 785, 207, 88, 17, 824, 737, 87, 69, 829, 657, 781, 115, 286, 858, 649, 819, 325, 255, 0, 850, 519, 953, 29, 223, 158, 388, 734, 724, 36, 83, 432, 441, 560, 612, 141, 489, 270, 628, 181, 398, 575, 320, 545, 848, 269, 933, 910, 821, 838, 63, 903],
[794, 195, 720, 792, 725, 175, 507, 275, 827, 807, 922, 242, 579, 536, 999, 286, 499, 546, 615, 350, 310, 510, 572, 356, 151, 761, 78, 508, 998, 335, 245, 44, 953, 938, 808, 532, 179, 280, 209, 394, 662, 766, 275, 619, 477, 652, 801, 495, 344, 300, 859, 214, 378, 251, 819, 488, 402, 850, 0, 477, 158, 366, 421, 404, 767, 622, 897, 290, 430, 329, 10, 840, 90, 344, 723, 656, 438, 559, 310, 554, 794, 55, 46, 909, 664, 934, 629, 178, 507, 531],
[823, 340, 358, 692, 500, 765, 54, 798, 541, 609, 389, 667, 669, 48, 653, 256, 796, 817, 869, 428, 492, 766, 201, 574, 391, 543, 765, 548, 332, 341, 97, 690, 734, 688, 813, 994, 755, 161, 734, 435, 488, 277, 849, 645, 89, 656, 621, 576, 725, 798, 80, 101, 540, 900, 428, 139, 598, 519, 477, 0, 476, 468, 927, 790, 604, 744, 927, 462, 252, 272, 456, 342, 62, 377, 983, 485, 708, 12, 162, 280, 579, 895, 214, 879, 251, 126, 524, 585, 364, 771],
[434, 773, 957, 448, 841, 117, 28, 327, 150, 792, 438, 167, 231, 940, 15, 332, 889, 521, 319, 286, 295, 849, 951, 620, 654, 608, 341, 957, 60, 257, 738, 165, 649, 105, 947, 193, 510, 657, 65, 469, 767, 837, 76, 711, 710, 314, 908, 683, 867, 309, 91, 702, 793, 146, 585, 90, 243, 953, 158, 476, 0, 250, 713, 203, 485, 906, 903, 667, 236, 589, 34, 908, 791, 49, 710, 671, 922, 606, 868, 192, 541, 156, 66, 359, 283, 875, 279, 871, 815, 28],
[931, 806, 242, 190, 817, 290, 547, 512, 93, 388, 842, 86, 171, 844, 117, 430, 464, 643, 906, 368, 17, 640, 800, 893, 537, 687, 59, 193, 681, 812, 264, 335, 230, 110, 37, 633, 835, 334, 284, 15, 916, 942, 707, 186, 950, 279, 196, 54, 347, 45, 648, 504, 912, 974, 429, 930, 176, 29, 366, 468, 250, 0, 989, 22, 761, 319, 722, 617, 250, 601, 545, 989, 115, 290, 748, 391, 544, 995, 661, 392, 55, 868, 363, 334, 47, 86, 599, 342, 961, 521],
[785, 999, 320, 19, 226, 66, 29, 915, 628, 508, 684, 347, 951, 158, 766, 273, 389, 390, 66, 139, 76, 189, 848, 882, 38, 74, 265, 90, 438, 109, 207, 566, 12, 635, 165, 894, 777, 45, 61, 841, 228, 411, 423, 296, 330, 730, 303, 775, 59, 179, 151, 484, 107, 997, 520, 368, 469, 223, 421, 927, 713, 989, 0, 898, 210, 896, 565, 306, 121, 467, 866, 344, 331, 192, 548, 267, 886, 718, 886, 412, 93, 660, 27, 413, 411, 534, 70, 665, 380, 159],
[304, 804, 750, 574, 73, 987, 214, 929, 86, 657, 306, 825, 157, 284, 161, 897, 615, 664, 957, 169, 464, 146, 202, 242, 876, 878, 381, 558, 597, 954, 509, 153, 175, 864, 745, 886, 606, 242, 120, 337, 993, 49, 456, 635, 636, 603, 302, 466, 799, 50, 289, 751, 466, 230, 813, 779, 985, 158, 404, 790, 203, 22, 898, 0, 659, 431, 614, 263, 1000, 798, 684, 143, 14, 408, 569, 407, 552, 166, 755, 946, 697, 254, 851, 349, 982, 191, 217, 295, 441, 597],
[446, 429, 688, 872, 122, 481, 717, 528, 282, 625, 707, 887, 887, 68, 489, 606, 156, 773, 379, 529, 89, 970, 608, 42, 898, 171, 691, 597, 269, 235, 61, 282, 166, 120, 392, 744, 846, 75, 237, 311, 455, 167, 427, 591, 927, 456, 541, 463, 112, 932, 988, 239, 118, 937, 594, 878, 528, 388, 767, 604, 485, 761, 210, 659, 0, 504, 132, 613, 939, 240, 659, 659, 24, 904, 76, 974, 647, 908, 636, 140, 306, 11, 563, 886, 566, 286, 79, 18, 833, 40],
[146, 405, 987, 842, 288, 565, 118, 29, 476, 518, 371, 316, 197, 920, 280, 615, 640, 748, 314, 958, 369, 91, 276, 638, 447, 577, 845, 423, 315, 134, 877, 538, 314, 816, 825, 399, 717, 743, 848, 873, 115, 655, 124, 688, 708, 579, 694, 136, 785, 340, 752, 614, 622, 546, 179, 629, 966, 734, 622, 744, 906, 319, 896, 431, 504, 0, 146, 307, 749, 285, 278, 939, 425, 703, 377, 737, 108, 219, 47, 378, 322, 524, 858, 587, 180, 665, 128, 894, 82, 195],
[291, 887, 309, 270, 810, 339, 118, 558, 161, 570, 309, 737, 27, 371, 816, 290, 443, 16, 194, 506, 889, 149, 994, 397, 264, 849, 605, 307, 878, 438, 28, 335, 561, 832, 598, 680, 704, 711, 796, 699, 408, 104, 405, 857, 471, 230, 902, 675, 547, 361, 869, 635, 809, 522, 204, 621, 633, 724, 897, 927, 903, 722, 565, 614, 132, 146, 0, 460, 896, 152, 264, 339, 64, 883, 712, 93, 417, 495, 493, 553, 644, 935, 709, 69, 573, 14, 150, 323, 51, 142],
[819, 601, 867, 204, 296, 276, 295, 959, 228, 555, 436, 994, 929, 686, 511, 502, 812, 896, 405, 531, 939, 442, 305, 33, 723, 447, 577, 605, 893, 93, 701, 172, 870, 882, 681, 692, 356, 186, 505, 536, 56, 995, 364, 270, 294, 895, 154, 719, 490, 409, 694, 836, 940, 986, 404, 156, 886, 36, 290, 462, 667, 617, 306, 263, 613, 307, 460, 0, 690, 843, 29, 912, 817, 182, 685, 273, 566, 609, 597, 222, 82, 326, 899, 539, 915, 970, 302, 327, 592, 891],
[650, 511, 847, 838, 807, 778, 733, 952, 791, 690, 803, 134, 220, 971, 480, 118, 687, 544, 158, 579, 641, 147, 718, 372, 344, 111, 54, 751, 528, 703, 334, 247, 123, 919, 787, 458, 178, 393, 15, 355, 486, 796, 760, 411, 54, 476, 266, 846, 604, 401, 870, 561, 75, 266, 165, 307, 109, 83, 430, 252, 236, 250, 121, 1000, 939, 749, 896, 690, 0, 788, 353, 745, 837, 766, 830, 117, 197, 121, 152, 197, 542, 297, 785, 463, 671, 330, 593, 155, 263, 838],
[747, 939, 869, 60, 960, 935, 945, 572, 848, 525, 529, 792, 433, 712, 816, 540, 474, 769, 54, 372, 691, 778, 759, 481, 201, 335, 964, 566, 42, 748, 759, 875, 160, 927, 519, 680, 676, 923, 778, 147, 339, 606, 712, 239, 254, 525, 923, 355, 359, 211, 765, 378, 905, 493, 809, 478, 865, 432, 329, 272, 589, 601, 467, 798, 240, 285, 152, 843, 788, 0, 226, 143, 464, 741, 929, 824, 718, 155, 829, 705, 465, 697, 315, 167, 293, 100, 896, 478, 377, 104],
[424, 402, 65, 987, 765, 500, 753, 80, 727, 286, 374, 613, 589, 693, 456, 543, 551, 284, 850, 21, 352, 906, 830, 612, 928, 394, 422, 51, 560, 805, 29, 234, 962, 426, 227, 369, 867, 136, 80, 660, 613, 933, 180, 979, 459, 332, 997, 146, 874, 246, 157, 843, 735, 631, 291, 233, 718, 441, 10, 456, 34, 545, 866, 684, 659, 278, 264, 29, 353, 226, 0, 880, 384, 852, 986, 256, 600, 538, 933, 977, 624, 728, 131, 669, 72, 179, 691, 566, 73, 125],
[223, 99, 33, 678, 841, 100, 42, 79, 596, 729, 674, 544, 734, 798, 629, 307, 611, 653, 649, 317, 429, 369, 109, 683, 965, 612, 673, 715, 646, 811, 539, 548, 551, 590, 978, 615, 917, 97, 426, 922, 697, 351, 400, 507, 109, 199, 59, 776, 290, 829, 293, 724, 62, 12, 98, 419, 112, 560, 840, 342, 908, 989, 344, 143, 659, 939, 339, 912, 745, 143, 880, 0, 891, 122, 839, 39, 257, 767, 913, 116, 165, 500, 959, 353, 571, 457, 600, 97, 765, 576],
[657, 51, 937, 33, 834, 160, 971, 485, 846, 159, 804, 856, 471, 887, 422, 269, 813, 887, 408, 615, 300, 691, 49, 291, 740, 231, 258, 123, 712, 131, 234, 176, 102, 783, 108, 147, 754, 382, 331, 378, 842, 691, 179, 411, 543, 43, 53, 810, 785, 654, 245, 932, 792, 755, 916, 616, 272, 612, 90, 62, 791, 115, 331, 14, 24, 425, 64, 817, 837, 464, 384, 891, 0, 231, 92, 368, 755, 581, 684, 795, 704, 240, 157, 268, 445, 659, 880, 641, 496, 636],
[152, 664, 440, 472, 157, 938, 24, 201, 164, 459, 11, 362, 530, 242, 947, 454, 434, 60, 953, 567, 56, 179, 841, 635, 153, 334, 628, 184, 556, 800, 723, 667, 777, 754, 127, 610, 852, 34, 126, 55, 119, 115, 385, 981, 947, 315, 172, 230, 610, 187, 121, 65, 896, 456, 264, 673, 564, 141, 344, 377, 49, 290, 192, 408, 904, 703, 883, 182, 766, 741, 852, 122, 231, 0, 952, 521, 177, 137, 580, 616, 346, 680, 672, 189, 277, 791, 253, 157, 669, 203],
[952, 491, 668, 455, 780, 771, 209, 15, 567, 84, 690, 351, 414, 439, 542, 442, 216, 359, 128, 473, 621, 100, 802, 334, 60, 549, 845, 803, 648, 522, 372, 781, 963, 897, 297, 246, 254, 918, 411, 486, 488, 840, 114, 698, 656, 854, 48, 220, 574, 546, 972, 521, 485, 37, 53, 422, 730, 489, 723, 983, 710, 748, 548, 569, 76, 377, 712, 685, 830, 929, 986, 839, 92, 952, 0, 835, 178, 259, 771, 425, 995, 669, 448, 541, 196, 863, 445, 573, 284, 552],
[424, 202, 268, 895, 409, 638, 471, 590, 919, 486, 226, 215, 685, 764, 996, 264, 376, 445, 35, 510, 974, 732, 255, 280, 167, 460, 514, 885, 467, 497, 936, 409, 59, 115, 594, 590, 892, 590, 271, 406, 239, 429, 356, 569, 919, 533, 202, 256, 940, 20, 667, 419, 848, 757, 119, 544, 754, 270, 656, 485, 671, 391, 267, 407, 974, 737, 93, 273, 117, 824, 256, 39, 368, 521, 835, 0, 144, 17, 540, 786, 992, 935, 701, 777, 572, 249, 484, 673, 990, 952],
[837, 65, 474, 720, 122, 618, 395, 30, 400, 741, 410, 584, 349, 789, 223, 905, 114, 767, 226, 891, 184, 496, 749, 730, 686, 654, 439, 798, 721, 422, 416, 865, 551, 392, 438, 888, 233, 45, 420, 133, 400, 936, 97, 901, 487, 152, 62, 490, 408, 103, 448, 672, 549, 34, 331, 901, 212, 628, 438, 708, 922, 544, 886, 552, 647, 108, 417, 566, 197, 718, 600, 257, 755, 177, 178, 144, 0, 640, 699, 784, 754, 66, 62, 675, 908, 779, 177, 386, 294, 59],
[940, 979, 170, 748, 847, 66, 315, 730, 96, 840, 58, 119, 754, 928, 249, 701, 605, 193, 494, 789, 534, 948, 506, 640, 835, 918, 32, 937, 223, 927, 100, 184, 131, 535, 617, 550, 460, 455, 797, 135, 735, 316, 296, 350, 105, 735, 679, 281, 177, 843, 130, 387, 848, 442, 99, 429, 877, 181, 559, 12, 606, 995, 718, 166, 908, 219, 495, 609, 121, 155, 538, 767, 581, 137, 259, 17, 640, 0, 195, 785, 351, 501, 897, 519, 851, 702, 234, 78, 926, 761],
[455, 732, 291, 834, 274, 622, 879, 981, 425, 389, 665, 550, 904, 673, 36, 207, 660, 226, 270, 363, 173, 513, 548, 96, 359, 730, 809, 146, 994, 575, 185, 236, 571, 302, 47, 21, 722, 391, 149, 59, 527, 229, 113, 712, 929, 859, 646, 681, 35, 81, 982, 185, 225, 858, 50, 79, 460, 398, 310, 162, 868, 661, 886, 755, 636, 47, 493, 597, 152, 829, 933, 913, 684, 580, 771, 540, 699, 195, 0, 564, 894, 59, 541, 463, 260, 177, 846, 800, 775, 284],
[972, 78, 682, 945, 145, 127, 352, 310, 599, 25, 241, 113, 599, 692, 954, 341, 42, 569, 862, 708, 489, 15, 635, 863, 542, 816, 84, 86, 59, 154, 976, 680, 861, 292, 180, 603, 323, 570, 549, 227, 481, 837, 618, 482, 767, 48, 778, 172, 829, 286, 463, 890, 626, 574, 558, 100, 692, 575, 554, 280, 192, 392, 412, 946, 140, 378, 553, 222, 197, 705, 977, 116, 795, 616, 425, 786, 784, 785, 564, 0, 235, 974, 912, 176, 183, 763, 915, 165, 136, 621],
[223, 655, 594, 189, 597, 973, 882, 635, 244, 990, 938, 279, 284, 578, 30, 278, 782, 581, 494, 661, 434, 580, 257, 720, 703, 76, 477, 566, 615, 666, 899, 371, 666, 30, 258, 665, 509, 124, 520, 832, 973, 662, 419, 879, 835, 215, 844, 78, 115, 995, 907, 643, 15, 185, 884, 346, 452, 320, 794, 579, 541, 55, 93, 697, 306, 322, 644, 82, 542, 465, 624, 165, 704, 346, 995, 992, 754, 351, 894, 235, 0, 968, 897, 577, 530, 89, 905, 947, 744, 715],
[647, 386, 120, 506, 421, 59, 325, 288, 929, 341, 793, 642, 803, 378, 686, 342, 224, 450, 853, 554, 412, 200, 552, 777, 432, 407, 848, 46, 544, 953, 13, 755, 313, 562, 884, 404, 507, 290, 897, 836, 832, 991, 869, 860, 368, 864, 519, 1000, 138, 468, 962, 952, 22, 985, 62, 825, 533, 545, 55, 895, 156, 868, 660, 254, 11, 524, 935, 326, 297, 697, 728, 500, 240, 680, 669, 935, 66, 501, 59, 974, 968, 0, 389, 427, 555, 272, 146, 628, 244, 171],
[888, 827, 129, 232, 849, 393, 525, 945, 321, 980, 360, 873, 882, 62, 221, 354, 970, 341, 580, 64, 973, 526, 979, 348, 984, 60, 891, 720, 697, 358, 955, 977, 712, 668, 48, 670, 148, 874, 481, 160, 400, 818, 919, 858, 32, 916, 222, 175, 881, 557, 281, 765, 384, 758, 41, 868, 170, 848, 46, 214, 66, 363, 27, 851, 563, 858, 709, 899, 785, 315, 131, 959, 157, 672, 448, 701, 62, 897, 541, 912, 897, 389, 0, 339, 36, 325, 255, 966, 865, 253],
[284, 799, 720, 194, 472, 81, 20, 595, 292, 808, 644, 879, 696, 113, 368, 341, 214, 851, 738, 900, 250, 880, 187, 480, 235, 676, 17, 628, 752, 343, 603, 214, 438, 499, 350, 44, 891, 305, 28, 165, 612, 633, 94, 544, 569, 634, 52, 394, 542, 488, 778, 127, 51, 84, 268, 163, 910, 269, 909, 879, 359, 334, 413, 349, 886, 587, 69, 539, 463, 167, 669, 353, 268, 189, 541, 777, 675, 519, 463, 176, 577, 427, 339, 0, 492, 551, 217, 530, 870, 257],
[446, 12, 602, 157, 714, 579, 723, 403, 944, 447, 344, 296, 510, 844, 666, 41, 718, 959, 578, 220, 794, 801, 27, 51, 112, 538, 26, 460, 252, 104, 811, 874, 408, 318, 26, 792, 730, 95, 300, 767, 852, 856, 581, 607, 206, 938, 960, 312, 84, 687, 551, 77, 198, 596, 425, 376, 698, 933, 664, 251, 283, 47, 411, 982, 566, 180, 573, 915, 671, 293, 72, 571, 445, 277, 196, 572, 908, 851, 260, 183, 530, 555, 36, 492, 0, 339, 968, 629, 546, 173],
[393, 518, 335, 644, 493, 658, 448, 39, 845, 408, 291, 676, 455, 289, 497, 388, 18, 353, 271, 942, 672, 368, 165, 731, 613, 584, 805, 605, 881, 473, 976, 425, 119, 655, 718, 479, 386, 566, 181, 874, 134, 946, 664, 678, 298, 48, 752, 191, 206, 231, 370, 450, 665, 403, 337, 774, 173, 910, 934, 126, 875, 86, 534, 191, 286, 665, 14, 970, 330, 100, 179, 457, 659, 791, 863, 249, 779, 702, 177, 763, 89, 272, 325, 551, 339, 0, 67, 999, 521, 735],
[479, 190, 163, 347, 868, 626, 83, 223, 564, 56, 811, 545, 13, 575, 810, 832, 406, 54, 40, 820, 652, 777, 435, 239, 19, 292, 566, 84, 238, 906, 665, 610, 789, 724, 837, 512, 84, 551, 887, 182, 123, 476, 168, 130, 47, 163, 495, 134, 737, 274, 529, 500, 605, 291, 874, 253, 600, 821, 629, 524, 279, 599, 70, 217, 79, 128, 150, 302, 593, 896, 691, 600, 880, 253, 445, 484, 177, 234, 846, 915, 905, 146, 255, 217, 968, 67, 0, 338, 539, 832],
[10, 918, 125, 88, 768, 839, 306, 717, 396, 510, 379, 106, 217, 42, 860, 293, 856, 412, 606, 20, 238, 543, 315, 447, 112, 230, 901, 169, 41, 667, 988, 520, 729, 565, 274, 879, 852, 844, 503, 368, 598, 280, 454, 202, 101, 148, 613, 726, 763, 123, 867, 656, 878, 395, 264, 625, 981, 838, 178, 585, 871, 342, 665, 295, 18, 894, 323, 327, 155, 478, 566, 97, 641, 157, 573, 673, 386, 78, 800, 165, 947, 628, 966, 530, 629, 999, 338, 0, 962, 221],
[905, 654, 520, 901, 136, 925, 816, 798, 461, 424, 806, 350, 843, 526, 458, 722, 452, 387, 912, 728, 653, 401, 176, 672, 762, 960, 826, 645, 351, 404, 720, 571, 257, 843, 331, 128, 404, 757, 45, 664, 162, 798, 979, 660, 283, 474, 765, 402, 828, 352, 328, 506, 320, 855, 961, 974, 838, 63, 507, 364, 815, 961, 380, 441, 833, 82, 51, 592, 263, 377, 73, 765, 496, 669, 284, 990, 294, 926, 775, 136, 744, 244, 865, 870, 546, 521, 539, 962, 0, 696],
[645, 259, 99, 805, 913, 845, 230, 636, 108, 990, 241, 686, 692, 325, 337, 693, 558, 817, 632, 810, 529, 319, 266, 226, 608, 50, 36, 77, 208, 204, 808, 109, 454, 585, 953, 230, 239, 476, 539, 708, 36, 225, 997, 417, 485, 521, 183, 276, 604, 456, 615, 61, 379, 517, 23, 943, 710, 903, 531, 771, 28, 521, 159, 597, 40, 195, 142, 891, 838, 104, 125, 576, 636, 203, 552, 952, 59, 761, 284, 621, 715, 171, 253, 257, 173, 735, 832, 221, 696, 0]
