[0, 944, 793, 458, 333, 383, 966, 378, 807, 220, 236, 862, 481, 107, 331, 556, 617, 341, 320, 688, 446, 79, 634, 178, 247, 807, 41, 21, 502, 739, 209, 839, 317, 675, 922, 841, 355, 853, 110, 639, 394, 64, 471, 511, 401, 73, 833, 936, 821, 105, 551, 869, 487, 256, 210, 588, 70, 157, 876, 560, 817, 797, 566, 624, 37, 433, 490, 149, 204, 93, 999, 722, 128, 650, 971, 107, 751, 866, 897, 467, 332, 869, 747, 627, 548, 892, 472, 856, 873, 47, 65, 48, 805, 251, 708, 499, 983, 641, 223, 550, 633, 234, 486, 396, 144, 279, 99, 297, 167, 268, 637, 566, 873, 259, 518, 370, 542, 956, 207, 584, 569, 839, 658, 895, 349, 259, 601, 977, 712, 585, 47, 497, 656, 67, 428, 542, 415, 485, 983, 937, 795, 695, 445, 841, 435, 975, 355, 399, 282, 472, 584, 969, 425, 194, 205, 440, 918, 383, 735, 690, 770, 191, 445, 650, 713, 621, 98, 433, 146, 985]
[944, 0, 337, 644, 52, 284, 118, 360, 468, 780, 470, 303, 85, 376, 658, 441, 327, 908, 623, 956, 262, 205, 348, 726, 354, 255, 787, 406, 830, 83, 60, 957, 779, 290, 714, 353, 378, 888, 136, 719, 714, 698, 402, 614, 279, 342, 297, 33, 625, 88, 557, 334, 227, 577, 237, 936, 805, 384, 177, 132, 963, 414, 286, 80, 277, 578, 190, 338, 800, 607, 341, 911, 386, 865, 529, 604, 667, 356, 465, 778, 238, 83, 164, 425, 327, 56, 219, 594, 99, 331, 179, 115, 126, 942, 598, 104, 302, 572, 39, 782, 886, 25, 417, 984, 807, 934, 440, 85, 157, 205, 526, 33, 516, 98, 443, 592, 250, 668, 240, 689, 110, 248, 150, 353, 691, 79, 147, 867, 742, 301, 986, 443, 669, 651, 51, 563, 650, 762, 489, 144, 600, 322, 32, 972, 198, 647, 701, 871, 354, 944, 172, 682, 434, 117, 810, 186, 560, 907, 130, 645, 500, 76, 292, 526, 285, 418, 436, 826, 672, 589]
[793, 337, 0, 574, 156, 783, 970, 849, 131, 654, 267, 44, 101, 993, 362, 191, 272, 516, 267, 447, 728, 245, 361, 89, 721, 643, 390, 321, 642, 732, 121, 425, 551, 455, 145, 919, 964, 463, 740, 721, 284, 411, 227, 13, 465, 756, 546, 993, 701, 18, 549, 305, 265, 976, 259, 41, 977, 59, 26, 369, 980, 487, 898, 642, 886, 554, 941, 169, 661, 286, 757, 44, 789, 121, 784, 558, 167, 637, 28, 843, 862, 874, 987, 968, 326, 103, 590, 575, 155, 701, 876, 584, 250, 294, 85, 666, 370, 775, 139, 820, 924, 840, 899, 641, 964, 431, 133, 727, 450, 333, 825, 24, 851, 238, 387, 348, 235, 89, 719, 551, 629, 369, 303, 641, 734, 668, 76, 264, 60, 410, 472, 764, 170, 263, 496, 343, 985, 441, 796, 297, 571, 204, 815, 655, 114, 481, 710, 359, 449, 286, 905, 567, 346, 344, 418, 431, 346, 350, 45, 93, 601, 760, 332, 945, 446, 688, 72, 977, 748, 569]
[458, 644, 574, 0, 272, 135, 453, 139, 795, 446, 933, 613, 86, 955, 392, 788, 403, 208, 346, 234, 141, 45, 298, 421, 661, 886, 28, 931, 263, 753, 223, 190, 827, 751, 325, 772, 585, 796, 306, 402, 596, 447, 896, 52, 450, 299, 682, 190, 197, 140, 555, 95, 489, 41, 546, 885, 158, 845, 473, 999, 871, 210, 392, 184, 432, 556, 723, 931, 996, 262, 890, 377, 884, 342, 939, 32, 802, 46, 839, 845, 203, 753, 179, 367, 23, 312, 661, 190, 813, 513, 301, 875, 844, 148, 384, 104, 206, 892, 969, 278, 143, 83, 608, 141, 670, 743, 784, 346, 201, 496, 662, 243, 41, 690, 870, 671, 337, 305, 363, 979, 811, 438, 618, 928, 470, 402, 677, 985, 711, 737, 372, 223, 189, 131, 380, 882, 482, 48, 43, 540, 308, 937, 261, 216, 645, 758, 560, 796, 719, 493, 299, 971, 485, 233, 413, 749, 28, 522, 993, 477, 874, 500, 17, 387, 638, 338, 108, 434, 440, 400]
[333, 52, 156, 272, 0, 542, 968, 18, 409, 390, 432, 575, 326, 641, 518, 640, 269, 586, 526, 190, 436, 767, 822, 247, 747, 841, 472, 295, 88, 960, 31, 856, 781, 696, 648, 978, 892, 418, 466, 943, 434, 600, 603, 531, 272, 67, 391, 977, 150, 66, 112, 881, 41, 467, 503, 165, 210, 217, 954, 456, 27, 480, 333, 536, 803, 772, 729, 350, 484, 531, 240, 992, 560, 540, 436, 689, 956, 413, 545, 147, 703, 421, 582, 629, 816, 693, 11, 797, 740, 348, 10, 926, 888, 64, 579, 348, 356, 204, 226, 977, 271, 189, 220, 29, 15, 170, 869, 883, 882, 746, 177, 283, 894, 189, 783, 628, 455, 526, 619, 691, 51, 323, 858, 314, 638, 228, 183, 356, 905, 208, 325, 492, 606, 61, 805, 959, 695, 227, 669, 891, 744, 173, 60, 572, 96, 298, 418, 535, 659, 947, 744, 954, 885, 273, 754, 815, 349, 819, 258, 563, 169, 689, 269, 721, 600, 970, 617, 133, 916, 273]
[383, 284, 783, 135, 542, 0, 759, 655, 135, 67, 935, 568, 423, 590, 726, 476, 355, 205, 299, 613, 744, 968, 86, 964, 335, 413, 192, 101, 675, 415, 614, 498, 831, 362, 577, 312, 181, 619, 365, 633, 422, 517, 199, 268, 640, 868, 625, 392, 744, 49, 283, 730, 186, 425, 513, 880, 759, 157, 277, 576, 69, 446, 263, 480, 831, 102, 970, 435, 408, 137, 504, 47, 78, 176, 641, 388, 734, 787, 355, 665, 37, 863, 662, 864, 97, 252, 372, 402, 25, 360, 836, 29, 549, 107, 419, 58, 891, 99, 564, 484, 183, 225, 834, 773, 125, 581, 257, 531, 413, 161, 668, 450, 785, 837, 323, 721, 402, 814, 258, 887, 702, 271, 207, 751, 707, 846, 934, 682, 408, 340, 504, 480, 871, 792, 90, 797, 96, 482, 446, 187, 82, 364, 951, 11, 259, 999, 336, 504, 382, 168, 646, 498, 87, 489, 168, 619, 561, 584, 209, 758, 799, 414, 109, 119, 464, 593, 804, 182, 453, 413]
[966, 118, 970, 453, 968, 759, 0, 163, 927, 418, 152, 572, 103, 351, 650, 441, 219, 150, 420, 797, 721, 217, 392, 242, 847, 609, 241, 51, 144, 207, 406, 600, 97, 126, 952, 759, 462, 982, 1000, 85, 946, 942, 855, 939, 280, 865, 365, 241, 325, 825, 375, 826, 881, 826, 939, 251, 907, 702, 402, 651, 288, 647, 443, 563, 786, 600, 296, 354, 391, 794, 414, 836, 302, 642, 514, 472, 245, 244, 378, 383, 767, 780, 924, 155, 978, 657, 905, 123, 567, 920, 287, 865, 508, 331, 156, 142, 433, 566, 473, 160, 217, 892, 588, 648, 472, 341, 209, 692, 717, 937, 884, 747, 390, 918, 233, 499, 622, 398, 527, 297, 364, 434, 601, 728, 322, 855, 829, 550, 282, 902, 715, 23, 493, 206, 836, 596, 261, 121, 487, 113, 77, 627, 722, 213, 386, 481, 367, 660, 268, 596, 669, 435, 630, 140, 299, 287, 1000, 942, 705, 386, 307, 897, 566, 508, 907, 605, 334, 936, 560, 681]
[378, 360, 849, 139, 18, 655, 163, 0, 767, 229, 585, 961, 965, 329, 418, 912, 607, 841, 483, 361, 223, 72, 110, 206, 378, 310, 276, 432, 953, 81, 914, 993, 81, 119, 247, 437, 277, 33, 500, 932, 511, 460, 352, 865, 523, 762, 713, 392, 150, 377, 463, 375, 82, 67, 496, 601, 100, 441, 47, 469, 884, 607, 973, 680, 103, 353, 387, 884, 640, 249, 457, 116, 348, 76, 977, 635, 725, 47, 233, 881, 957, 264, 545, 325, 602, 85, 73, 590, 101, 789, 114, 779, 689, 178, 643, 682, 886, 135, 169, 246, 468, 611, 672, 691, 733, 358, 868, 960, 782, 157, 1000, 212, 706, 398, 565, 617, 919, 764, 57, 573, 614, 88, 843, 254, 144, 887, 485, 922, 557, 84, 423, 187, 214, 751, 81, 893, 542, 254, 847, 251, 176, 819, 571, 876, 780, 568, 347, 553, 820, 694, 37, 396, 577, 140, 610, 301, 26, 461, 912, 138, 482, 295, 871, 20, 571, 285, 206, 753, 135, 247]
[807, 468, 131, 795, 409, 135, 927, 767, 0, 388, 962, 140, 507, 530, 90, 904, 677, 410, 940, 458, 18, 489, 241, 21, 267, 477, 345, 926, 215, 682, 291, 359, 262, 270, 367, 252, 840, 771, 630, 138, 484, 753, 647, 847, 657, 458, 112, 307, 432, 908, 776, 854, 570, 300, 21, 206, 900, 170, 834, 18, 394, 317, 41, 884, 401, 767, 162, 607, 968, 545, 772, 312, 928, 267, 692, 748, 717, 867, 585, 239, 387, 164, 179, 924, 220, 979, 892, 716, 326, 555, 406, 48, 801, 976, 530, 713, 520, 413, 897, 172, 662, 421, 410, 202, 451, 915, 86, 797, 275, 289, 745, 477, 604, 668, 753, 833, 616, 241, 778, 750, 936, 710, 167, 507, 342, 326, 213, 89, 765, 385, 266, 949, 983, 513, 433, 565, 463, 95, 447, 502, 189, 345, 662, 845, 157, 242, 901, 449, 927, 978, 21, 118, 362, 776, 568, 766, 874, 710, 555, 886, 244, 108, 281, 817, 237, 176, 386, 722, 87, 970]
[220, 780, 654, 446, 390, 67, 418, 229, 388, 0, 224, 782, 920, 965, 135, 28, 528, 621, 139, 426, 588, 568, 655, 189, 777, 823, 493, 329, 634, 869, 465, 499, 735, 173, 333, 575, 641, 266, 149, 434, 87, 115, 941, 642, 48, 52, 711, 257, 207, 56, 483, 821, 720, 55, 513, 27, 483, 22, 770, 653, 386, 502, 887, 551, 913, 966, 254, 928, 146, 972, 798, 376, 650, 471, 994, 281, 414, 428, 843, 284, 864, 203, 484, 36, 443, 985, 540, 71, 781, 265, 272, 938, 520, 685, 526, 287, 523, 517, 16, 465, 378, 739, 947, 960, 95, 794, 930, 870, 342, 147, 628, 958, 875, 361, 479, 856, 306, 661, 792, 853, 295, 207, 481, 292, 581, 776, 542, 802, 936, 510, 610, 719, 390, 658, 420, 941, 357, 15, 545, 469, 864, 876, 585, 405, 331, 287, 977, 641, 833, 948, 809, 60, 781, 161, 876, 446, 60, 746, 621, 386, 129, 394, 521, 652, 513, 762, 633, 682, 503, 791]
[236, 470, 267, 933, 432, 935, 152, 585, 962, 224, 0, 103, 978, 79, 485, 481, 996, 780, 215, 607, 760, 442, 353, 693, 949, 861, 977, 876, 456, 478, 459, 982, 393, 348, 405, 349, 390, 613, 76, 508, 429, 252, 532, 450, 373, 757, 192, 991, 629, 418, 58, 831, 766, 337, 801, 230, 954, 190, 397, 825, 118, 696, 260, 963, 206, 733, 383, 683, 333, 127, 289, 790, 21, 407, 625, 820, 978, 495, 898, 590, 610, 780, 117, 314, 377, 19, 756, 583, 246, 348, 526, 804, 270, 961, 700, 858, 444, 853, 403, 656, 594, 578, 932, 778, 898, 464, 87, 100, 937, 280, 438, 631, 77, 12, 270, 312, 795, 108, 613, 103, 392, 15, 244, 911, 616, 342, 733, 644, 176, 667, 182, 459, 487, 563, 240, 288, 174, 989, 342, 366, 965, 291, 192, 596, 19, 728, 168, 563, 493, 544, 116, 837, 938, 123, 290, 853, 330, 34, 944, 186, 495, 458, 323, 128, 460, 585, 529, 227, 429, 60]
[862, 303, 44, 613, 575, 568, 572, 961, 140, 782, 103, 0, 909, 359, 737, 378, 828, 173, 140, 737, 156, 439, 802, 256, 778, 401, 466, 224, 85, 806, 807, 99, 457, 115, 95, 448, 136, 698, 887, 632, 257, 901, 238, 743, 181, 184, 747, 903, 585, 498, 22, 526, 247, 890, 365, 937, 255, 636, 58, 888, 162, 638, 322, 361, 881, 709, 901, 484, 515, 718, 434, 874, 406, 76, 489, 212, 36, 627, 873, 664, 33, 614, 909, 359, 76, 934, 924, 856, 883, 169, 898, 133, 54, 947, 631, 559, 794, 405, 539, 446, 558, 36, 437, 936, 633, 756, 449, 549, 974, 387, 850, 303, 539, 263, 486, 700, 437, 836, 405, 619, 892, 255, 202, 658, 268, 859, 54, 331, 311, 738, 514, 827, 826, 995, 574, 420, 845, 351, 497, 992, 784, 699, 975, 811, 19, 253, 79, 505, 204, 775, 159, 602, 74, 185, 435, 756, 25, 672, 504, 972, 496, 73, 984, 207, 391, 883, 17, 943, 639, 356]
[481, 85, 101, 86, 326, 423, 103, 965, 507, 920, 978, 909, 0, 683, 124, 713, 47, 848, 945, 824, 399, 20, 941, 159, 682, 443, 698, 961, 64, 179, 403, 699, 155, 551, 166, 198, 292, 528, 952, 241, 95, 875, 491, 351, 968, 335, 108, 729, 217, 314, 23, 505, 667, 535, 771, 429, 391, 327, 173, 587, 455, 652, 522, 355, 351, 354, 630, 962, 645, 220, 234, 448, 516, 535, 321, 635, 697, 272, 518, 952, 185, 992, 146, 32, 644, 314, 554, 557, 111, 297, 78, 155, 605, 334, 874, 327, 560, 36, 887, 781, 469, 690, 341, 424, 432, 780, 580, 130, 551, 480, 957, 378, 537, 229, 290, 850, 663, 549, 923, 51, 619, 978, 732, 163, 683, 545, 603, 529, 191, 679, 619, 148, 37, 135, 326, 236, 912, 92, 519, 301, 116, 784, 535, 561, 995, 448, 947, 805, 479, 259, 96, 118, 39, 949, 341, 561, 968, 643, 616, 688, 414, 751, 629, 621, 993, 238, 774, 458, 429, 712]
[107, 376, 993, 955, 641, 590, 351, 329, 530, 965, 79, 359, 683, 0, 747, 581, 63, 433, 529, 450, 454, 959, 41, 37, 614, 137, 996, 364, 330, 580, 300, 969, 369, 964, 269, 343, 871, 817, 318, 341, 896, 976, 127, 140, 345, 577, 649, 220, 120, 692, 384, 103, 828, 194, 229, 50, 929, 586, 891, 700, 631, 260, 804, 261, 519, 763, 761, 864, 563, 772, 892, 436, 71, 260, 585, 524, 502, 870, 322, 143, 816, 198, 884, 712, 432, 216, 880, 593, 306, 181, 460, 507, 731, 354, 98, 196, 324, 257, 575, 568, 282, 609, 688, 415, 805, 862, 716, 818, 94, 603, 984, 160, 469, 393, 757, 181, 89, 50, 824, 810, 66, 652, 279, 58, 139, 396, 822, 123, 633, 247, 823, 654, 462, 67, 694, 238, 781, 574, 54, 739, 331, 874, 868, 929, 935, 973, 796, 601, 555, 687, 652, 151, 633, 783, 429, 958, 196, 994, 514, 755, 314, 232, 301, 504, 541, 392, 883, 377, 151, 271]
[331, 658, 362, 392, 518, 726, 650, 418, 90, 135, 485, 737, 124, 747, 0, 774, 419, 466, 925, 227, 691, 525, 379, 991, 680, 861, 513, 69, 186, 577, 193, 755, 947, 643, 139, 671, 490, 351, 657, 504, 685, 585, 432, 177, 441, 194, 18, 636, 137, 61, 285, 551, 683, 898, 575, 477, 917, 335, 650, 838, 630, 636, 268, 20, 754, 374, 188, 443, 162, 144, 967, 789, 132, 881, 606, 991, 20, 426, 814, 927, 765, 261, 691, 820, 424, 420, 745, 73, 522, 495, 686, 683, 658, 917, 482, 98, 350, 301, 439, 531, 281, 540, 308, 488, 257, 280, 826, 893, 235, 295, 575, 392, 927, 966, 407, 821, 266, 454, 732, 335, 580, 570, 443, 375, 515, 503, 101, 432, 639, 437, 290, 502, 998, 324, 836, 71, 597, 655, 76, 38, 692, 549, 94, 502, 205, 450, 569, 975, 624, 787, 406, 746, 129, 347, 402, 457, 838, 513, 940, 574, 839, 170, 166, 667, 245, 827, 511, 98, 563, 821]
[556, 441, 191, 788, 640, 476, 441, 912, 904, 28, 481, 378, 713, 581, 774, 0, 504, 772, 386, 771, 846, 388, 166, 575, 367, 910, 930, 68, 93, 312, 734, 10, 467, 791, 97, 94, 609, 743, 375, 411, 563, 777, 49, 545, 417, 156, 577, 807, 677, 727, 848, 806, 570, 254, 874, 955, 756, 813, 544, 632, 995, 43, 861, 854, 38, 430, 141, 912, 199, 963, 779, 603, 128, 852, 83, 731, 603, 113, 336, 53, 921, 168, 51, 754, 16, 554, 966, 210, 37, 571, 614, 42, 478, 68, 287, 98, 703, 796, 598, 992, 80, 298, 921, 43, 157, 986, 819, 189, 204, 28, 829, 468, 159, 201, 779, 110, 773, 322, 123, 85, 66, 980, 462, 202, 581, 156, 113, 30, 664, 604, 164, 734, 609, 389, 34, 295, 126, 362, 264, 870, 81, 987, 666, 875, 990, 204, 634, 289, 434, 526, 739, 655, 422, 265, 121, 196, 60, 778, 667, 703, 813, 453, 72, 876, 603, 150, 663, 859, 500, 548]
[617, 327, 272, 403, 269, 355, 219, 607, 677, 528, 996, 828, 47, 63, 419, 504, 0, 507, 199, 423, 991, 271, 347, 393, 774, 81, 817, 436, 995, 107, 525, 602, 149, 77, 671, 803, 983, 376, 389, 978, 187, 739, 431, 348, 660, 338, 173, 816, 796, 942, 667, 525, 396, 648, 926, 28, 719, 607, 278, 570, 686, 163, 25, 714, 582, 377, 423, 985, 649, 895, 736, 399, 231, 971, 135, 521, 339, 418, 87, 349, 800, 535, 617, 149, 341, 622, 667, 433, 737, 705, 45, 230, 381, 948, 319, 867, 207, 359, 966, 447, 118, 835, 483, 657, 343, 498, 26, 520, 559, 222, 867, 560, 415, 293, 942, 875, 734, 470, 375, 683, 348, 766, 743, 554, 654, 227, 932, 430, 459, 788, 282, 233, 832, 364, 865, 321, 339, 54, 857, 253, 787, 560, 521, 792, 143, 878, 105, 791, 158, 325, 273, 391, 641, 208, 953, 644, 363, 125, 459, 593, 308, 112, 967, 903, 180, 847, 873, 127, 187, 643]
[341, 908, 516, 208, 586, 205, 150, 841, 410, 621, 780, 173, 848, 433, 466, 772, 507, 0, 426, 204, 105, 611, 232, 430, 546, 228, 744, 825, 181, 689, 408, 690, 517, 109, 374, 513, 196, 299, 988, 813, 271, 583, 811, 600, 681, 513, 770, 561, 290, 431, 302, 488, 403, 121, 215, 348, 303, 37, 835, 744, 246, 200, 137, 293, 917, 76, 460, 318, 414, 539, 255, 922, 150, 857, 810, 535, 346, 399, 755, 843, 451, 144, 756, 954, 364, 322, 155, 648, 640, 225, 661, 223, 200, 732, 607, 346, 385, 255, 903, 237, 258, 826, 64, 788, 208, 960, 407, 143, 589, 563, 85, 90, 358, 947, 837, 411, 320, 10, 78, 78, 894, 390, 810, 602, 128, 210, 703, 776, 938, 408, 382, 733, 426, 634, 596, 10, 769, 22, 166, 833, 662, 550, 27, 107, 905, 123, 247, 595, 458, 764, 563, 572, 179, 10, 977, 726, 512, 428, 817, 42, 263, 322, 765, 789, 128, 740, 741, 890, 560, 607]
[320, 623, 267, 346, 526, 299, 420, 483, 940, 139, 215, 140, 945, 529, 925, 386, 199, 426, 0, 649, 211, 314, 634, 449, 768, 164, 956, 922, 660, 740, 154, 57, 103, 208, 83, 752, 417, 390, 117, 105, 788, 377, 41, 512, 692, 239, 973, 495, 12, 412, 759, 338, 974, 268, 444, 137, 213, 363, 130, 257, 143, 274, 767, 450, 714, 818, 247, 590, 758, 538, 804, 661, 826, 147, 292, 637, 309, 282, 951, 920, 282, 615, 822, 709, 689, 527, 738, 28, 212, 409, 203, 355, 638, 163, 699, 254, 345, 67, 786, 362, 159, 341, 344, 776, 257, 46, 526, 205, 985, 846, 272, 531, 818, 723, 161, 444, 316, 248, 776, 538, 48, 798, 479, 363, 72, 609, 766, 933, 298, 225, 493, 461, 398, 932, 289, 53, 158, 719, 603, 904, 358, 93, 880, 709, 519, 814, 616, 100, 585, 415, 823, 77, 710, 725, 743, 846, 158, 300, 144, 659, 571, 62, 81, 691, 419, 253, 52, 879, 640, 488]
[688, 956, 447, 234, 190, 613, 797, 361, 458, 426, 607, 737, 824, 450, 227, 771, 423, 204, 649, 0, 824, 684, 931, 208, 600, 437, 696, 389, 517, 818, 422, 513, 539, 767, 504, 771, 416, 287, 881, 34, 227, 12, 720, 19, 179, 71, 347, 769, 189, 688, 385, 789, 665, 381, 340, 96, 727, 386, 907, 763, 234, 687, 507, 20, 733, 823, 646, 150, 344, 720, 559, 861, 40, 987, 225, 648, 596, 705, 271, 382, 376, 32, 715, 205, 67, 443, 762, 301, 17, 540, 756, 805, 668, 971, 906, 283, 164, 746, 757, 477, 496, 259, 689, 579, 312, 22, 461, 532, 771, 359, 616, 752, 569, 995, 113, 506, 259, 871, 437, 131, 869, 857, 736, 166, 542, 27, 27, 254, 85, 356, 176, 430, 631, 65, 647, 421, 717, 667, 736, 796, 187, 836, 220, 789, 778, 811, 116, 378, 990, 860, 678, 185, 533, 405, 754, 693, 329, 432, 461, 883, 223, 369, 795, 29, 562, 307, 462, 371, 304, 513]
[446, 262, 728, 141, 436, 744, 721, 223, 18, 588, 760, 156, 399, 454, 691, 846, 991, 105, 211, 824, 0, 475, 855, 693, 864, 559, 840, 64, 588, 968, 525, 128, 859, 262, 892, 117, 610, 236, 496, 66, 937, 76, 339, 301, 459, 197, 708, 241, 31, 849, 469, 986, 411, 401, 912, 360, 274, 638, 250, 688, 163, 741, 115, 229, 891, 129, 676, 773, 37, 207, 377, 770, 438, 598, 531, 954, 972, 972, 246, 362, 764, 262, 929, 71, 549, 269, 576, 962, 440, 707, 245, 639, 439, 905, 752, 630, 372, 972, 738, 511, 167, 321, 391, 353, 867, 206, 183, 225, 254, 969, 403, 800, 471, 781, 905, 582, 140, 270, 547, 868, 759, 15, 762, 186, 943, 773, 475, 322, 496, 846, 960, 354, 257, 508, 656, 172, 639, 38, 879, 223, 291, 939, 285, 587, 730, 715, 682, 344, 835, 170, 324, 388, 158, 516, 525, 83, 710, 887, 486, 310, 556, 186, 113, 263, 746, 827, 733, 227, 35, 438]
[79, 205, 245, 45, 767, 968, 217, 72, 489, 568, 442, 439, 20, 959, 525, 388, 271, 611, 314, 684, 475, 0, 303, 155, 357, 487, 27, 470, 437, 895, 263, 96, 451, 691, 254, 539, 37, 886, 174, 931, 880, 361, 76, 500, 79, 544, 390, 946, 763, 838, 590, 802, 785, 185, 506, 224, 665, 405, 508, 514, 778, 413, 232, 749, 791, 241, 545, 932, 821, 865, 616, 155, 100, 834, 948, 568, 852, 639, 177, 339, 611, 57, 981, 227, 692, 586, 670, 830, 405, 582, 632, 424, 650, 133, 65, 389, 258, 612, 909, 975, 880, 862, 637, 596, 143, 298, 506, 979, 590, 728, 990, 922, 549, 25, 883, 104, 946, 752, 530, 381, 958, 114, 874, 955, 318, 90, 144, 296, 981, 397, 879, 723, 421, 404, 430, 100, 119, 172, 511, 826, 313, 259, 700, 986, 158, 112, 678, 302, 207, 139, 421, 909, 764, 849, 415, 937, 135, 913, 791, 439, 70, 231, 767, 279, 516, 164, 813, 10, 104, 32]
[634, 348, 361, 298, 822, 86, 392, 110, 241, 655, 353, 802, 941, 41, 379, 166, 347, 232, 634, 931, 855, 303, 0, 303, 935, 714, 345, 265, 416, 518, 658, 129, 15, 492, 21, 811, 550, 746, 812, 455, 275, 856, 732, 473, 794, 444, 447, 822, 920, 290, 771, 341, 282, 613, 160, 323, 999, 973, 295, 740, 516, 828, 593, 164, 662, 110, 557, 500, 300, 289, 129, 973, 126, 23, 523, 690, 699, 558, 272, 289, 337, 399, 121, 660, 883, 100, 719, 533, 942, 729, 58, 388, 366, 883, 865, 832, 453, 75, 643, 845, 548, 984, 982, 971, 656, 638, 255, 621, 789, 393, 561, 913, 417, 32, 984, 219, 717, 878, 639, 45, 409, 392, 304, 351, 116, 40, 105, 833, 345, 923, 765, 96, 784, 816, 852, 167, 154, 871, 904, 628, 250, 476, 978, 112, 364, 174, 515, 605, 813, 922, 976, 593, 143, 123, 588, 484, 15, 15, 396, 291, 536, 724, 427, 632, 99, 127, 221, 770, 842, 308]
[178, 726, 89, 421, 247, 964, 242, 206, 21, 189, 693, 256, 159, 37, 991, 575, 393, 430, 449, 208, 693, 155, 303, 0, 57, 165, 255, 605, 48, 101, 204, 860, 161, 152, 219, 587, 432, 998, 913, 310, 450, 507, 60, 481, 89, 425, 705, 414, 256, 890, 370, 947, 239, 347, 777, 438, 150, 409, 631, 597, 494, 718, 94, 761, 301, 196, 917, 854, 412, 390, 475, 561, 475, 940, 618, 433, 86, 949, 370, 199, 549, 894, 308, 191, 473, 700, 413, 584, 959, 972, 655, 26, 839, 713, 76, 853, 475, 242, 361, 257, 517, 539, 10, 658, 927, 792, 864, 60, 851, 179, 509, 994, 311, 201, 626, 812, 842, 275, 261, 500, 513, 730, 504, 634, 974, 952, 367, 885, 958, 617, 126, 432, 253, 90, 339, 302, 987, 491, 77, 337, 373, 232, 689, 113, 764, 61, 141, 924, 65, 185, 894, 295, 27, 240, 575, 771, 856, 494, 959, 187, 869, 600, 129, 947, 42, 70, 998, 892, 689, 626]
[247, 354, 721, 661, 747, 335, 847, 378, 267, 777, 949, 778, 682, 614, 680, 367, 774, 546, 768, 600, 864, 357, 935, 57, 0, 261, 729, 73, 182, 577, 520, 212, 843, 742, 98, 101, 382, 408, 618, 481, 647, 867, 748, 100, 725, 49, 982, 803, 630, 413, 135, 267, 781, 490, 463, 396, 261, 326, 473, 233, 511, 39, 744, 915, 196, 331, 904, 229, 810, 339, 394, 344, 230, 383, 880, 741, 210, 857, 298, 994, 381, 611, 375, 107, 669, 262, 954, 461, 774, 512, 913, 656, 217, 182, 548, 280, 103, 374, 976, 356, 638, 457, 413, 550, 837, 222, 940, 539, 764, 307, 637, 48, 735, 608, 538, 197, 251, 737, 581, 559, 611, 737, 580, 344, 488, 532, 289, 899, 763, 41, 327, 265, 201, 257, 45, 635, 560, 894, 42, 206, 837, 608, 712, 976, 370, 493, 883, 379, 963, 539, 464, 140, 69, 51, 515, 937, 554, 22, 775, 485, 634, 430, 648, 834, 311, 299, 164, 682, 520, 757]
[807, 255, 643, 886, 841, 413, 609, 310, 477, 823, 861, 401, 443, 137, 861, 910, 81, 228, 164, 437, 559, 487, 714, 165, 261, 0, 227, 97, 526, 453, 636, 839, 34, 577, 282, 346, 33, 646, 868, 21, 986, 449, 213, 38, 157, 179, 604, 399, 378, 977, 410, 193, 68, 854, 573, 814, 390, 533, 756, 443, 316, 315, 879, 461, 208, 794, 450, 741, 728, 114, 962, 637, 328, 909, 979, 302, 657, 31, 546, 952, 712, 187, 21, 931, 769, 823, 439, 982, 603, 366, 363, 524, 92, 38, 549, 694, 97, 676, 584, 541, 750, 748, 529, 277, 587, 656, 741, 111, 907, 309, 375, 442, 285, 939, 33, 518, 993, 323, 150, 93, 319, 52, 68, 355, 423, 443, 574, 225, 324, 687, 171, 113, 953, 641, 935, 68, 385, 246, 854, 707, 508, 935, 866, 49, 727, 143, 985, 693, 443, 926, 120, 338, 281, 106, 414, 841, 361, 824, 646, 21, 577, 84, 551, 518, 696, 770, 690, 964, 220, 275]
[41, 787, 390, 28, 472, 192, 241, 276, 345, 493, 977, 466, 698, 996, 513, 930, 817, 744, 956, 696, 840, 27, 345, 255, 729, 227, 0, 459, 473, 501, 600, 430, 366, 756, 642, 623, 435, 794, 937, 201, 976, 534, 805, 333, 75, 75, 760, 309, 415, 670, 682, 655, 202, 733, 302, 308, 504, 713, 735, 641, 720, 548, 181, 940, 75, 918, 377, 430, 84, 916, 72, 815, 615, 308, 766, 665, 149, 645, 38, 266, 223, 868, 965, 429, 381, 561, 215, 443, 971, 827, 809, 180, 258, 804, 154, 237, 43, 87, 208, 571, 578, 506, 857, 224, 668, 490, 102, 786, 465, 387, 768, 897, 610, 266, 722, 811, 507, 51, 517, 900, 619, 486, 685, 569, 915, 785, 152, 728, 915, 763, 661, 598, 776, 868, 887, 223, 295, 169, 278, 181, 387, 607, 797, 840, 602, 938, 257, 641, 779, 109, 701, 797, 125, 452, 472, 818, 44, 367, 207, 445, 626, 81, 356, 207, 35, 479, 193, 496, 537, 219]
[21, 406, 321, 931, 295, 101, 51, 432, 926, 329, 876, 224, 961, 364, 69, 68, 436, 825, 922, 389, 64, 470, 265, 605, 73, 97, 459, 0, 921, 724, 519, 966, 68, 825, 549, 903, 382, 762, 810, 791, 100, 662, 837, 664, 547, 388, 946, 689, 626, 390, 213, 242, 754, 305, 27, 611, 549, 241, 304, 967, 965, 793, 806, 391, 334, 486, 813, 569, 722, 342, 908, 609, 652, 532, 745, 10, 282, 89, 994, 818, 970, 178, 309, 678, 707, 269, 984, 813, 13, 297, 481, 843, 214, 466, 357, 355, 89, 659, 755, 903, 560, 210, 367, 346, 370, 688, 425, 952, 799, 462, 129, 562, 526, 601, 622, 945, 780, 591, 722, 88, 865, 692, 622, 390, 312, 522, 902, 100, 114, 599, 465, 160, 522, 585, 829, 528, 603, 181, 765, 767, 115, 335, 679, 478, 21, 837, 858, 945, 743, 569, 102, 974, 705, 718, 331, 389, 119, 294, 911, 622, 719, 247, 240, 129, 428, 275, 445, 46, 29, 296]
[502, 830, 642, 263, 88, 675, 144, 953, 215, 634, 456, 85, 64, 330, 186, 93, 995, 181, 660, 517, 588, 437, 416, 48, 182, 526, 473, 921, 0, 594, 338, 635, 781, 278, 473, 172, 856, 255, 398, 20, 19, 896, 86, 743, 923, 478, 983, 529, 684, 530, 204, 112, 589, 436, 528, 407, 140, 975, 465, 775, 321, 46, 139, 471, 447, 436, 90, 390, 554, 790, 871, 576, 600, 393, 300, 881, 892, 799, 940, 589, 142, 976, 609, 19, 308, 563, 836, 921, 522, 886, 70, 440, 905, 854, 866, 891, 656, 474, 378, 376, 249, 93, 774, 592, 739, 350, 757, 79, 140, 424, 187, 87, 19, 62, 549, 400, 415, 800, 24, 493, 530, 598, 737, 923, 327, 322, 908, 26, 276, 118, 550, 235, 20, 372, 751, 893, 881, 533, 970, 276, 661, 338, 757, 331, 934, 54, 602, 708, 21, 857, 951, 784, 421, 277, 481, 988, 81, 958, 12, 199, 66, 325, 547, 74, 145, 922, 464, 366, 927, 506]
[739, 83, 732, 753, 960, 415, 207, 81, 682, 869, 478, 806, 179, 580, 577, 312, 107, 689, 740, 818, 968, 895, 518, 101, 577, 453, 501, 724, 594, 0, 538, 84, 321, 831, 877, 905, 28, 62, 315, 707, 79, 500, 103, 179, 782, 464, 676, 507, 489, 422, 550, 571, 829, 34, 261, 814, 671, 256, 542, 117, 348, 563, 405, 560, 684, 284, 288, 857, 730, 877, 293, 859, 640, 581, 323, 52, 127, 535, 222, 415, 657, 522, 565, 131, 498, 984, 520, 415, 456, 90, 227, 679, 319, 228, 187, 945, 466, 916, 276, 492, 660, 284, 246, 325, 421, 600, 445, 976, 10, 623, 339, 336, 61, 340, 216, 833, 57, 889, 484, 317, 900, 719, 625, 702, 685, 980, 760, 540, 671, 996, 155, 997, 477, 441, 806, 351, 357, 338, 228, 134, 515, 276, 993, 734, 291, 324, 413, 166, 183, 986, 899, 273, 862, 28, 434, 754, 555, 962, 946, 530, 239, 748, 923, 554, 837, 209, 253, 520, 468, 505]
[209, 60, 121, 223, 31, 614, 406, 914, 291, 465, 459, 807, 403, 300, 193, 734, 525, 408, 154, 422, 525, 263, 658, 204, 520, 636, 600, 519, 338, 538, 0, 204, 873, 152, 421, 208, 386, 986, 968, 22, 770, 936, 14, 64, 203, 110, 158, 42, 349, 730, 540, 329, 622, 184, 741, 191, 171, 948, 641, 892, 291, 918, 96, 569, 307, 179, 921, 357, 815, 719, 25, 968, 822, 82, 579, 57, 168, 980, 452, 903, 655, 145, 870, 297, 611, 849, 801, 54, 752, 549, 440, 153, 483, 787, 914, 450, 452, 399, 791, 132, 483, 207, 173, 101, 622, 78, 686, 672, 29, 47, 662, 823, 615, 687, 10, 15, 992, 18, 60, 923, 400, 646, 764, 747, 525, 33, 103, 16, 934, 333, 868, 989, 711, 75, 837, 853, 268, 313, 251, 951, 359, 538, 734, 754, 40, 673, 603, 999, 754, 154, 257, 302, 291, 667, 525, 76, 593, 222, 601, 290, 462, 116, 126, 108, 768, 991, 396, 626, 527, 774]
[839, 957, 425, 190, 856, 498, 600, 993, 359, 499, 982, 99, 699, 969, 755, 10, 602, 690, 57, 513, 128, 96, 129, 860, 212, 839, 430, 966, 635, 84, 204, 0, 601, 799, 147, 504, 180, 78, 791, 326, 375, 611, 824, 444, 302, 521, 805, 830, 862, 104, 748, 521, 920, 988, 701, 683, 80, 313, 125, 810, 917, 99, 41, 602, 79, 801, 70, 893, 34, 802, 40, 81, 176, 30, 886, 972, 183, 73, 854, 211, 881, 38, 973, 356, 184, 772, 79, 728, 198, 228, 579, 283, 327, 662, 68, 988, 740, 806, 674, 284, 311, 390, 644, 481, 942, 607, 134, 163, 986, 958, 719, 476, 334, 991, 586, 87, 835, 829, 756, 784, 230, 150, 541, 219, 426, 114, 712, 305, 365, 958, 31, 895, 25, 172, 565, 285, 425, 769, 329, 534, 589, 540, 700, 174, 155, 934, 649, 762, 295, 353, 595, 523, 232, 693, 995, 866, 863, 168, 527, 451, 888, 365, 774, 480, 712, 879, 133, 94, 952, 785]
[317, 779, 551, 827, 781, 831, 97, 81, 262, 735, 393, 457, 155, 369, 947, 467, 149, 517, 103, 539, 859, 451, 15, 161, 843, 34, 366, 68, 781, 321, 873, 601, 0, 534, 949, 630, 374, 291, 338, 955, 685, 352, 454, 420, 916, 955, 87, 99, 95, 335, 40, 661, 39, 574, 791, 441, 305, 542, 613, 43, 572, 476, 556, 318, 945, 696, 937, 892, 153, 877, 265, 424, 787, 218, 522, 312, 607, 222, 333, 630, 670, 171, 988, 275, 759, 907, 122, 730, 50, 920, 835, 672, 357, 714, 449, 290, 28, 77, 618, 269, 618, 245, 518, 454, 126, 179, 569, 145, 393, 86, 744, 556, 559, 161, 446, 942, 313, 144, 405, 993, 171, 337, 999, 398, 82, 465, 348, 778, 937, 349, 922, 808, 201, 532, 384, 965, 918, 834, 382, 507, 621, 328, 980, 826, 517, 783, 95, 36, 960, 134, 924, 234, 987, 483, 117, 121, 765, 802, 443, 973, 558, 113, 516, 47, 440, 820, 303, 759, 309, 321]
[675, 290, 455, 751, 696, 362, 126, 119, 270, 173, 348, 115, 551, 964, 643, 791, 77, 109, 208, 767, 262, 691, 492, 152, 742, 577, 756, 825, 278, 831, 152, 799, 534, 0, 405, 518, 370, 712, 962, 484, 139, 978, 969, 893, 510, 657, 342, 468, 514, 171, 570, 662, 747, 85, 633, 506, 480, 873, 362, 735, 541, 161, 897, 604, 132, 931, 603, 487, 864, 330, 543, 525, 380, 748, 330, 357, 730, 477, 729, 790, 671, 608, 743, 244, 58, 665, 435, 525, 847, 59, 98, 207, 338, 272, 132, 759, 114, 51, 759, 55, 956, 47, 40, 528, 704, 900, 182, 555, 23, 38, 167, 510, 261, 844, 349, 750, 324, 967, 541, 349, 411, 109, 366, 437, 591, 431, 313, 343, 569, 270, 99, 82, 126, 181, 725, 209, 307, 146, 780, 662, 136, 550, 309, 483, 285, 146, 838, 724, 406, 779, 600, 588, 742, 64, 145, 801, 585, 795, 96, 954, 892, 867, 435, 850, 691, 955, 142, 547, 990, 564]
[922, 714, 145, 325, 648, 577, 952, 247, 367, 333, 405, 95, 166, 269, 139, 97, 671, 374, 83, 504, 892, 254, 21, 219, 98, 282, 642, 549, 473, 877, 421, 147, 949, 405, 0, 370, 571, 722, 300, 938, 846, 944, 926, 806, 215, 266, 461, 781, 357, 890, 616, 127, 448, 476, 336, 932, 382, 484, 775, 867, 628, 919, 747, 34, 566, 685, 603, 378, 114, 13, 529, 160, 211, 418, 238, 616, 267, 719, 636, 771, 229, 133, 835, 525, 629, 957, 778, 427, 840, 450, 597, 988, 190, 960, 446, 80, 540, 880, 817, 325, 251, 238, 569, 13, 198, 822, 246, 519, 34, 412, 430, 849, 700, 620, 269, 65, 349, 267, 772, 841, 191, 219, 821, 174, 538, 479, 750, 899, 867, 51, 824, 339, 780, 924, 304, 863, 152, 701, 417, 35, 733, 436, 304, 809, 229, 489, 505, 180, 95, 20, 759, 964, 302, 104, 303, 703, 596, 906, 162, 681, 27, 378, 956, 729, 890, 831, 756, 952, 525, 305]
[841, 353, 919, 772, 978, 312, 759, 437, 252, 575, 349, 448, 198, 343, 671, 94, 803, 513, 752, 771, 117, 539, 811, 587, 101, 346, 623, 903, 172, 905, 208, 504, 630, 518, 370, 0, 841, 462, 775, 82, 479, 151, 991, 56, 857, 336, 627, 970, 506, 376, 66, 247, 102, 489, 227, 922, 628, 35, 423, 933, 495, 248, 321, 885, 720, 290, 817, 756, 173, 811, 115, 972, 428, 614, 144, 993, 443, 332, 864, 52, 729, 423, 514, 70, 458, 745, 516, 251, 910, 444, 469, 146, 714, 439, 406, 402, 234, 747, 447, 458, 279, 571, 937, 79, 134, 50, 223, 673, 520, 327, 886, 178, 727, 879, 616, 809, 863, 702, 96, 127, 767, 352, 728, 639, 88, 604, 54, 981, 664, 140, 625, 883, 717, 464, 856, 403, 997, 170, 754, 395, 623, 393, 925, 955, 349, 146, 908, 474, 109, 111, 263, 883, 799, 910, 959, 940, 565, 463, 219, 827, 10, 729, 495, 489, 69, 661, 922, 713, 415, 684]
[355, 378, 964, 585, 892, 181, 462, 277, 840, 641, 390, 136, 292, 871, 490, 609, 983, 196, 417, 416, 610, 37, 550, 432, 382, 33, 435, 382, 856, 28, 386, 180, 374, 370, 571, 841, 0, 321, 522, 411, 53, 562, 954, 836, 113, 994, 669, 444, 711, 174, 653, 429, 118, 540, 540, 632, 302, 947, 454, 975, 151, 149, 336, 69, 418, 177, 194, 621, 372, 516, 657, 930, 954, 175, 98, 552, 164, 343, 964, 610, 493, 399, 289, 727, 82, 561, 576, 155, 959, 847, 691, 388, 466, 675, 928, 616, 415, 157, 919, 300, 108, 537, 753, 165, 687, 827, 292, 919, 207, 306, 448, 212, 186, 861, 864, 210, 280, 516, 188, 147, 912, 420, 546, 862, 860, 986, 333, 469, 204, 932, 489, 316, 263, 574, 398, 625, 693, 268, 786, 934, 304, 285, 440, 864, 542, 905, 484, 163, 996, 269, 885, 648, 533, 61, 234, 717, 901, 922, 472, 815, 913, 365, 42, 131, 804, 385, 624, 284, 124, 874]
[853, 888, 463, 796, 418, 619, 982, 33, 771, 266, 613, 698, 528, 817, 351, 743, 376, 299, 390, 287, 236, 886, 746, 998, 408, 646, 794, 762, 255, 62, 986, 78, 291, 712, 722, 462, 321, 0, 70, 481, 386, 654, 705, 232, 445, 592, 91, 415, 502, 471, 535, 899, 994, 743, 367, 748, 675, 642, 654, 911, 567, 867, 660, 219, 197, 305, 596, 648, 707, 995, 116, 934, 212, 623, 472, 487, 784, 880, 12, 362, 78, 565, 894, 359, 409, 486, 253, 262, 970, 25, 71, 409, 89, 586, 294, 676, 668, 750, 384, 850, 670, 227, 658, 147, 591, 133, 301, 893, 298, 47, 195, 966, 410, 790, 538, 411, 398, 490, 903, 678, 26, 137, 768, 78, 480, 349, 544, 44, 106, 269, 578, 702, 610, 894, 47, 932, 847, 689, 133, 173, 604, 692, 87, 22, 62, 994, 901, 562, 181, 54, 366, 552, 574, 63, 427, 476, 883, 91, 694, 562, 229, 254, 97, 990, 314, 24, 755, 355, 776, 452]
[110, 136, 740, 306, 466, 365, 1000, 500, 630, 149, 76, 887, 952, 318, 657, 375, 389, 988, 117, 881, 496, 174, 812, 913, 618, 868, 937, 810, 398, 315, 968, 791, 338, 962, 300, 775, 522, 70, 0, 958, 180, 146, 426, 794, 43, 523, 245, 687, 117, 756, 632, 387, 120, 624, 411, 401, 436, 726, 334, 186, 284, 298, 184, 816, 853, 769, 257, 348, 274, 407, 496, 152, 98, 892, 909, 289, 478, 148, 89, 612, 66, 947, 527, 860, 392, 204, 585, 831, 418, 62, 792, 956, 611, 733, 727, 924, 953, 197, 519, 991, 269, 842, 987, 85, 655, 528, 328, 971, 196, 90, 993, 150, 735, 220, 825, 693, 390, 611, 110, 590, 511, 224, 876, 935, 686, 908, 500, 115, 284, 89, 667, 552, 352, 975, 59, 617, 839, 497, 434, 863, 460, 837, 237, 422, 837, 766, 582, 232, 91, 11, 649, 154, 903, 339, 908, 465, 82, 746, 39, 660, 337, 240, 256, 162, 63, 242, 511, 544, 261, 682]
[639, 719, 721, 402, 943, 633, 85, 932, 138, 434, 508, 632, 241, 341, 504, 411, 978, 813, 105, 34, 66, 931, 455, 310, 481, 21, 201, 791, 20, 707, 22, 326, 955, 484, 938, 82, 411, 481, 958, 0, 538, 411, 28, 134, 936, 617, 295, 313, 371, 143, 511, 542, 106, 234, 661, 53, 97, 729, 128, 334, 521, 568, 398, 342, 137, 245, 490, 789, 774, 574, 131, 297, 870, 84, 272, 745, 743, 390, 984, 555, 895, 918, 578, 793, 243, 597, 513, 345, 141, 143, 951, 940, 787, 253, 733, 654, 353, 794, 579, 304, 407, 992, 809, 592, 386, 543, 860, 101, 773, 612, 970, 288, 766, 596, 581, 71, 430, 630, 58, 80, 733, 820, 988, 526, 975, 522, 439, 105, 376, 946, 699, 897, 251, 798, 628, 526, 675, 321, 184, 356, 375, 676, 880, 524, 280, 400, 925, 92, 357, 796, 485, 143, 953, 774, 326, 794, 782, 745, 635, 415, 751, 59, 942, 186, 275, 459, 832, 60, 232, 71]
[394, 714, 284, 596, 434, 422, 946, 511, 484, 87, 429, 257, 95, 896, 685, 563, 187, 271, 788, 227, 937, 880, 275, 450, 647, 986, 976, 100, 19, 79, 770, 375, 685, 139, 846, 479, 53, 386, 180, 538, 0, 360, 249, 777, 903, 264, 220, 228, 578, 792, 88, 272, 872, 932, 137, 437, 682, 97, 900, 281, 572, 119, 580, 904, 695, 531, 156, 436, 980, 694, 942, 800, 354, 263, 325, 685, 404, 185, 84, 770, 590, 70, 927, 708, 187, 366, 381, 864, 761, 332, 589, 367, 373, 423, 205, 387, 718, 964, 487, 537, 611, 782, 503, 265, 819, 943, 499, 650, 287, 507, 150, 394, 598, 727, 957, 886, 555, 225, 177, 904, 515, 68, 374, 864, 292, 789, 513, 136, 185, 726, 143, 229, 265, 927, 959, 529, 715, 821, 994, 947, 60, 941, 639, 905, 910, 251, 618, 841, 218, 647, 557, 499, 321, 721, 562, 20, 150, 643, 100, 600, 558, 911, 260, 642, 432, 357, 986, 936, 440, 263]
[64, 698, 411, 447, 600, 517, 942, 460, 753, 115, 252, 901, 875, 976, 585, 777, 739, 583, 377, 12, 76, 361, 856, 507, 867, 449, 534, 662, 896, 500, 936, 611, 352, 978, 944, 151, 562, 654, 146, 411, 360, 0, 899, 627, 602, 533, 921, 288, 165, 139, 518, 550, 16, 994, 417, 360, 908, 49, 541, 749, 23, 435, 552, 618, 236, 563, 77, 970, 717, 344, 855, 570, 139, 855, 345, 529, 321, 598, 434, 69, 841, 835, 66, 845, 904, 830, 157, 640, 26, 61, 33, 105, 468, 855, 807, 844, 212, 378, 556, 44, 56, 935, 420, 958, 845, 552, 79, 65, 320, 222, 497, 719, 773, 708, 378, 405, 471, 592, 376, 579, 49, 20, 664, 312, 889, 718, 361, 727, 679, 738, 272, 555, 439, 44, 350, 949, 692, 914, 952, 775, 730, 399, 714, 463, 290, 22, 643, 154, 620, 346, 584, 917, 625, 992, 509, 853, 655, 815, 436, 715, 45, 212, 620, 467, 930, 983, 143, 667, 45, 559]
[471, 402, 227, 896, 603, 199, 855, 352, 647, 941, 532, 238, 491, 127, 432, 49, 431, 811, 41, 720, 339, 76, 732, 60, 748, 213, 805, 837, 86, 103, 14, 824, 454, 969, 926, 991, 954, 705, 426, 28, 249, 899, 0, 304, 18, 405, 935, 922, 553, 267, 242, 175, 544, 162, 189, 106, 447, 439, 484, 170, 455, 338, 186, 520, 654, 643, 149, 931, 818, 336, 633, 878, 966, 831, 455, 343, 142, 256, 34, 479, 345, 78, 229, 100, 518, 485, 655, 450, 473, 320, 441, 745, 182, 99, 424, 401, 569, 779, 583, 867, 994, 564, 216, 210, 911, 141, 534, 790, 441, 718, 807, 594, 677, 975, 633, 758, 866, 90, 532, 706, 38, 952, 543, 20, 846, 934, 986, 497, 907, 482, 981, 806, 127, 199, 385, 779, 546, 780, 218, 723, 412, 722, 572, 398, 306, 44, 703, 239, 981, 752, 735, 737, 259, 533, 414, 10, 202, 245, 686, 370, 280, 301, 675, 456, 973, 125, 967, 758, 900, 161]
[511, 614, 13, 52, 531, 268, 939, 865, 847, 642, 450, 743, 351, 140, 177, 545, 348, 600, 512, 19, 301, 500, 473, 481, 100, 38, 333, 664, 743, 179, 64, 444, 420, 893, 806, 56, 836, 232, 794, 134, 777, 627, 304, 0, 587, 211, 828, 579, 439, 164, 202, 30, 46, 202, 129, 432, 630, 556, 159, 145, 845, 80, 252, 203, 75, 794, 951, 435, 133, 796, 981, 996, 419, 456, 867, 671, 927, 629, 441, 383, 911, 672, 289, 760, 593, 953, 832, 505, 643, 360, 565, 157, 619, 130, 114, 104, 125, 267, 805, 696, 284, 615, 899, 907, 462, 180, 228, 998, 785, 772, 980, 661, 905, 937, 345, 205, 107, 433, 461, 436, 691, 197, 299, 634, 756, 771, 475, 382, 676, 461, 537, 575, 146, 254, 484, 251, 408, 681, 548, 41, 537, 477, 105, 904, 544, 568, 782, 12, 32, 523, 12, 353, 575, 985, 303, 791, 833, 547, 49, 190, 501, 129, 429, 669, 324, 255, 698, 186, 897, 746]
[401, 279, 465, 450, 272, 640, 280, 523, 657, 48, 373, 181, 968, 345, 441, 417, 660, 681, 692, 179, 459, 79, 794, 89, 725, 157, 75, 547, 923, 782, 203, 302, 916, 510, 215, 857, 113, 445, 43, 936, 903, 602, 18, 587, 0, 421, 653, 802, 666, 919, 972, 401, 184, 844, 803, 117, 472, 351, 916, 262, 619, 238, 665, 954, 800, 986, 384, 919, 606, 309, 758, 873, 893, 152, 671, 699, 97, 756, 456, 480, 119, 760, 54, 495, 500, 434, 287, 980, 839, 605, 748, 264, 414, 674, 946, 446, 430, 318, 979, 573, 180, 675, 539, 379, 131, 940, 972, 994, 24, 905, 58, 564, 243, 437, 702, 457, 743, 312, 518, 574, 33, 221, 475, 718, 606, 349, 462, 792, 639, 799, 593, 110, 649, 308, 505, 15, 523, 208, 347, 520, 806, 408, 788, 247, 737, 390, 231, 957, 138, 200, 59, 188, 746, 957, 863, 62, 180, 703, 775, 247, 118, 998, 974, 361, 598, 852, 181, 928, 70, 459]
[73, 342, 756, 299, 67, 868, 865, 762, 458, 52, 757, 184, 335, 577, 194, 156, 338, 513, 239, 71, 197, 544, 444, 425, 49, 179, 75, 388, 478, 464, 110, 521, 955, 657, 266, 336, 994, 592, 523, 617, 264, 533, 405, 211, 421, 0, 452, 175, 628, 920, 744, 932, 924, 352, 356, 482, 534, 543, 241, 897, 787, 60, 372, 777, 402, 646, 787, 713, 675, 893, 527, 949, 474, 623, 576, 657, 572, 645, 161, 887, 980, 212, 376, 579, 372, 786, 615, 144, 354, 192, 177, 362, 785, 282, 384, 12, 484, 449, 142, 605, 78, 188, 44, 199, 379, 810, 143, 678, 214, 653, 207, 67, 214, 157, 161, 601, 42, 68, 469, 675, 967, 993, 553, 717, 439, 655, 497, 600, 207, 66, 587, 153, 61, 486, 353, 270, 457, 686, 568, 831, 281, 578, 695, 473, 978, 98, 575, 382, 745, 314, 967, 913, 545, 581, 902, 766, 653, 861, 492, 706, 732, 923, 147, 156, 576, 47, 43, 934, 83, 941]
[833, 297, 546, 682, 391, 625, 365, 713, 112, 711, 192, 747, 108, 649, 18, 577, 173, 770, 973, 347, 708, 390, 447, 705, 982, 604, 760, 946, 983, 676, 158, 805, 87, 342, 461, 627, 669, 91, 245, 295, 220, 921, 935, 828, 653, 452, 0, 31, 711, 477, 902, 965, 917, 46, 550, 159, 555, 743, 988, 91, 38, 743, 594, 403, 65, 595, 797, 709, 380, 81, 298, 933, 789, 528, 605, 61, 730, 731, 300, 802, 906, 616, 787, 919, 441, 881, 605, 387, 639, 62, 223, 332, 435, 411, 763, 730, 927, 562, 864, 386, 415, 31, 21, 53, 282, 517, 183, 961, 992, 913, 912, 311, 27, 569, 670, 289, 242, 908, 709, 487, 136, 971, 501, 241, 776, 598, 771, 637, 162, 346, 319, 621, 957, 535, 977, 889, 379, 719, 783, 533, 336, 613, 856, 615, 642, 625, 37, 339, 616, 152, 650, 755, 36, 24, 164, 163, 711, 520, 306, 764, 89, 518, 456, 914, 467, 890, 93, 341, 644, 683]
[936, 33, 993, 190, 977, 392, 241, 392, 307, 257, 991, 903, 729, 220, 636, 807, 816, 561, 495, 769, 241, 946, 822, 414, 803, 399, 309, 689, 529, 507, 42, 830, 99, 468, 781, 970, 444, 415, 687, 313, 228, 288, 922, 579, 802, 175, 31, 0, 770, 754, 54, 877, 236, 191, 327, 910, 381, 346, 47, 870, 834, 860, 732, 566, 686, 254, 948, 451, 614, 571, 150, 94, 585, 44, 526, 309, 499, 318, 883, 811, 31, 842, 428, 810, 214, 823, 957, 139, 735, 584, 555, 144, 109, 658, 806, 612, 614, 441, 609, 99, 384, 601, 270, 311, 144, 87, 805, 227, 54, 909, 225, 171, 367, 851, 583, 576, 673, 357, 558, 72, 674, 840, 334, 575, 369, 22, 850, 212, 451, 645, 146, 828, 720, 960, 741, 134, 436, 162, 884, 726, 853, 83, 191, 959, 530, 504, 374, 603, 479, 553, 720, 597, 562, 401, 770, 35, 743, 447, 552, 234, 358, 270, 859, 548, 583, 431, 840, 854, 312, 347]
