[0, 834, 795, 77, 876, 368, 914, 298, 211, 286, 892, 477, 529, 644, 10, 710, 593, 608, 974, 630, 416, 217, 912, 221, 180, 772, 820, 950, 634, 523, 13, 126, 20, 414, 963, 193, 251, 318, 52, 232, 453, 571, 697, 311, 307, 450, 230, 95, 73, 253, 223, 248, 93, 602, 416, 677, 896, 499, 271, 918, 372, 104, 734, 281, 597, 755, 927, 649, 627, 419, 526, 881, 218, 483, 982, 341, 571, 629, 636, 828, 445, 961, 807, 271, 291, 440, 596, 573, 31, 320, 886, 554, 564, 975, 602, 222, 100, 751, 617, 672, 382, 828, 127, 26, 795, 359, 999, 177, 967, 598, 171, 134, 158, 726, 52, 175, 114, 876, 944, 405, 378, 707, 879, 407, 481, 822, 302, 416, 916, 718, 654, 350, 347, 432, 484, 824, 332, 720, 133, 371, 806, 46, 627, 328, 61, 176, 533, 312, 352, 41],
[834, 0, 773, 851, 532, 960, 388, 760, 505, 886, 580, 826, 389, 75, 681, 189, 695, 553, 834, 223, 972, 13, 569, 779, 782, 282, 306, 778, 807, 975, 419, 614, 199, 79, 182, 697, 754, 71, 790, 291, 915, 247, 460, 394, 448, 209, 985, 309, 305, 60, 590, 297, 53, 447, 762, 668, 529, 102, 577, 968, 628, 742, 18, 339, 330, 724, 347, 541, 423, 521, 864, 376, 791, 859, 304, 933, 592, 785, 132, 129, 262, 325, 103, 623, 625, 345, 778, 230, 330, 824, 859, 32, 424, 623, 253, 663, 895, 308, 519, 98, 761, 197, 797, 232, 313, 691, 161, 17, 629, 16, 450, 162, 452, 891, 634, 380, 38, 476, 200, 474, 550, 333, 562, 337, 488, 472, 357, 326, 892, 415, 195, 925, 605, 821, 729, 731, 920, 682, 161, 290, 316, 685, 934, 668, 224, 473, 424, 468, 827, 222],
[795, 773, 0, 516, 110, 260, 874, 139, 520, 913, 748, 708, 791, 628, 198, 804, 378, 55, 317, 658, 761, 147, 757, 994, 485, 159, 174, 955, 455, 730, 537, 595, 724, 262, 548, 93, 623, 892, 67, 56, 754, 871, 484, 644, 518, 488, 514, 240, 18, 473, 894, 379, 917, 944, 554, 552, 969, 676, 981, 930, 94, 443, 446, 886, 965, 616, 292, 786, 874, 756, 627, 649, 503, 334, 347, 805, 617, 409, 909, 173, 369, 499, 486, 947, 193, 343, 811, 725, 327, 342, 318, 467, 857, 145, 530, 823, 515, 132, 342, 804, 261, 631, 800, 608, 335, 355, 349, 951, 765, 475, 702, 205, 485, 493, 443, 883, 890, 202, 550, 149, 582, 445, 957, 668, 768, 943, 983, 176, 997, 811, 467, 747, 268, 90, 121, 687, 463, 736, 904, 646, 567, 221, 692, 989, 367, 164, 833, 252, 400, 819],
[77, 851, 516, 0, 35, 455, 517, 723, 799, 344, 654, 540, 418, 111, 980, 11, 296, 649, 586, 842, 85, 312, 866, 875, 805, 321, 671, 438, 983, 546, 704, 402, 484, 786, 587, 512, 438, 543, 392, 593, 802, 312, 495, 851, 774, 479, 452, 307, 800, 685, 535, 580, 427, 869, 860, 155, 487, 415, 870, 30, 348, 16, 421, 201, 853, 404, 287, 817, 374, 212, 115, 402, 762, 508, 369, 602, 391, 808, 387, 137, 318, 280, 153, 578, 707, 977, 308, 912, 535, 382, 94, 31, 904, 914, 980, 962, 515, 729, 921, 244, 363, 829, 697, 601, 541, 181, 31, 158, 854, 439, 920, 198, 716, 453, 27, 373, 306, 829, 150, 519, 447, 257, 765, 153, 524, 158, 268, 755, 311, 167, 948, 811, 138, 572, 907, 177, 619, 293, 648, 817, 282, 287, 986, 111, 926, 972, 81, 630, 210, 450],
[876, 532, 110, 35, 0, 400, 646, 161, 866, 525, 23, 769, 273, 652, 596, 553, 287, 331, 27, 950, 374, 461, 721, 421, 923, 456, 627, 416, 190, 917, 37, 535, 961, 749, 987, 524, 368, 81, 60, 372, 779, 557, 785, 628, 94, 864, 143, 929, 872, 133, 943, 570, 52, 234, 710, 864, 199, 362, 266, 261, 271, 156, 418, 511, 205, 870, 95, 351, 884, 957, 286, 768, 440, 510, 243, 45, 375, 729, 326, 602, 557, 198, 111, 209, 484, 259, 930, 736, 99, 491, 576, 479, 531, 888, 844, 961, 529, 467, 173, 978, 226, 866, 421, 485, 698, 333, 849, 662, 999, 282, 433, 841, 729, 452, 53, 971, 25, 924, 399, 315, 678, 656, 990, 568, 933, 143, 850, 363, 522, 240, 808, 475, 579, 482, 564, 296, 783, 58, 670, 287, 130, 329, 847, 518, 669, 995, 761, 289, 772, 327],
[368, 960, 260, 455, 400, 0, 249, 742, 513, 818, 877, 741, 166, 716, 221, 618, 416, 335, 734, 41, 374, 327, 555, 75, 183, 661, 232, 26, 777, 672, 616, 46, 711, 15, 957, 921, 308, 85, 288, 59, 687, 205, 760, 599, 844, 181, 200, 555, 750, 944, 811, 123, 699, 282, 346, 355, 878, 86, 231, 401, 821, 672, 560, 77, 365, 512, 858, 717, 680, 939, 333, 663, 119, 460, 957, 831, 378, 875, 491, 765, 526, 360, 109, 181, 720, 512, 662, 866, 415, 593, 716, 236, 673, 612, 269, 573, 217, 644, 896, 576, 642, 887, 294, 773, 693, 638, 994, 795, 949, 432, 866, 705, 681, 721, 988, 440, 723, 740, 981, 54, 461, 798, 212, 777, 43, 564, 243, 763, 198, 203, 564, 571, 231, 560, 116, 48, 333, 611, 506, 219, 620, 550, 411, 434, 242, 592, 999, 861, 979, 88],
[914, 388, 874, 517, 646, 249, 0, 777, 251, 426, 815, 120, 807, 202, 177, 590, 362, 514, 322, 564, 588, 167, 766, 888, 65, 498, 990, 837, 393, 722, 48, 383, 707, 704, 476, 859, 430, 335, 883, 986, 334, 337, 521, 638, 956, 434, 441, 172, 624, 380, 603, 309, 882, 712, 128, 652, 828, 60, 52, 825, 340, 351, 633, 898, 789, 419, 447, 297, 645, 891, 181, 561, 755, 311, 717, 103, 461, 649, 51, 184, 946, 305, 729, 775, 195, 898, 860, 448, 872, 675, 173, 563, 369, 76, 142, 878, 583, 833, 242, 451, 688, 87, 746, 265, 326, 194, 931, 702, 504, 935, 227, 387, 52, 752, 700, 389, 184, 675, 307, 189, 785, 50, 713, 481, 83, 544, 628, 303, 748, 534, 527, 763, 199, 441, 78, 827, 393, 216, 609, 26, 393, 689, 729, 361, 791, 339, 793, 854, 953, 838],
[298, 760, 139, 723, 161, 742, 777, 0, 969, 660, 298, 756, 512, 910, 79, 572, 322, 209, 434, 570, 429, 786, 225, 447, 21, 475, 392, 797, 91, 397, 267, 450, 272, 329, 689, 296, 578, 940, 300, 713, 591, 106, 779, 606, 655, 414, 950, 209, 119, 992, 143, 280, 985, 526, 425, 739, 550, 722, 445, 342, 512, 738, 386, 290, 997, 287, 285, 475, 515, 107, 216, 440, 312, 367, 833, 970, 448, 440, 831, 353, 570, 874, 599, 313, 40, 957, 602, 17, 122, 428, 863, 717, 858, 593, 742, 713, 762, 404, 849, 312, 347, 505, 628, 893, 497, 652, 111, 212, 367, 272, 913, 601, 629, 922, 326, 799, 993, 498, 708, 636, 657, 234, 159, 916, 407, 537, 301, 515, 170, 333, 715, 165, 866, 869, 38, 28, 821, 125, 523, 96, 463, 823, 43, 23, 177, 204, 962, 288, 533, 471],
[211, 505, 520, 799, 866, 513, 251, 969, 0, 367, 726, 708, 850, 768, 202, 772, 86, 514, 294, 949, 621, 437, 230, 156, 645, 650, 193, 223, 35, 91, 162, 80, 66, 622, 408, 961, 863, 130, 355, 953, 850, 361, 544, 729, 144, 927, 897, 193, 533, 744, 756, 392, 73, 780, 356, 611, 352, 96, 779, 203, 938, 311, 714, 653, 136, 933, 534, 267, 339, 426, 722, 846, 76, 269, 895, 794, 24, 340, 901, 55, 393, 104, 340, 243, 720, 270, 585, 454, 174, 288, 626, 40, 899, 525, 490, 87, 719, 188, 551, 735, 996, 23, 153, 325, 463, 738, 552, 833, 214, 604, 806, 320, 823, 484, 503, 844, 396, 103, 776, 482, 176, 46, 303, 321, 368, 867, 483, 283, 731, 519, 278, 88, 918, 363, 176, 805, 146, 455, 638, 534, 707, 120, 698, 777, 917, 723, 906, 143, 181, 522],
[286, 886, 913, 344, 525, 818, 426, 660, 367, 0, 526, 619, 691, 207, 623, 53, 102, 447, 324, 92, 431, 800, 372, 601, 681, 15, 697, 380, 801, 337, 749, 190, 13, 541, 203, 689, 24, 42, 317, 348, 444, 513, 854, 397, 417, 349, 947, 464, 962, 462, 785, 33, 293, 573, 595, 977, 592, 843, 343, 967, 685, 901, 548, 497, 73, 825, 434, 303, 203, 612, 683, 528, 72, 526, 426, 757, 370, 863, 781, 208, 646, 530, 103, 363, 380, 446, 156, 891, 80, 406, 402, 107, 380, 573, 488, 947, 210, 464, 596, 85, 995, 189, 316, 880, 79, 216, 801, 590, 456, 669, 821, 786, 506, 202, 882, 842, 841, 762, 300, 294, 293, 750, 13, 53, 212, 398, 296, 336, 810, 499, 165, 487, 867, 89, 868, 28, 618, 104, 793, 341, 113, 997, 713, 120, 923, 432, 923, 798, 178, 279],
[892, 580, 748, 654, 23, 877, 815, 298, 726, 526, 0, 275, 742, 722, 388, 49, 314, 732, 924, 410, 885, 192, 808, 873, 874, 107, 187, 893, 879, 447, 115, 362, 709, 196, 576, 163, 854, 309, 531, 36, 217, 131, 286, 547, 390, 500, 685, 687, 976, 377, 756, 660, 394, 178, 68, 10, 655, 727, 108, 58, 259, 528, 998, 409, 789, 363, 107, 55, 40, 241, 782, 605, 366, 491, 315, 114, 548, 672, 682, 83, 56, 543, 299, 734, 533, 898, 578, 522, 941, 493, 980, 301, 645, 638, 372, 718, 880, 330, 80, 475, 519, 99, 635, 224, 660, 357, 628, 900, 344, 67, 664, 931, 947, 819, 913, 880, 239, 956, 186, 740, 759, 874, 147, 162, 726, 504, 16, 851, 17, 424, 218, 76, 561, 530, 10, 916, 754, 44, 146, 748, 502, 96, 744, 773, 869, 434, 706, 877, 481, 386],
[477, 826, 708, 540, 769, 741, 120, 756, 708, 619, 275, 0, 615, 657, 917, 934, 258, 695, 598, 349, 561, 911, 593, 400, 942, 734, 145, 780, 519, 131, 394, 443, 371, 528, 52, 728, 534, 993, 68, 932, 92, 771, 747, 710, 230, 251, 174, 87, 292, 918, 454, 543, 598, 936, 285, 749, 829, 582, 546, 486, 146, 894, 202, 156, 39, 454, 173, 595, 649, 670, 813, 988, 418, 852, 678, 16, 643, 968, 919, 446, 727, 375, 133, 197, 811, 72, 800, 628, 687, 988, 175, 267, 162, 573, 143, 305, 958, 92, 902, 786, 753, 954, 985, 26, 556, 476, 886, 304, 907, 463, 255, 109, 298, 605, 580, 804, 624, 235, 620, 751, 866, 784, 131, 326, 270, 428, 962, 71, 752, 19, 957, 317, 598, 715, 213, 695, 757, 347, 121, 922, 538, 840, 742, 240, 200, 887, 64, 244, 570, 120],
[529, 389, 791, 418, 273, 166, 807, 512, 850, 691, 742, 615, 0, 37, 636, 499, 613, 963, 586, 88, 795, 162, 907, 821, 882, 327, 302, 295, 712, 251, 431, 361, 290, 932, 776, 681, 452, 570, 557, 671, 173, 91, 266, 186, 64, 142, 200, 546, 319, 205, 902, 14, 683, 16, 943, 57, 92, 555, 307, 411, 16, 287, 371, 651, 344, 133, 13, 237, 207, 63, 483, 188, 809, 632, 448, 719, 742, 579, 108, 755, 924, 847, 307, 497, 424, 201, 353, 763, 169, 811, 438, 500, 245, 799, 751, 696, 89, 924, 311, 439, 949, 105, 408, 906, 168, 231, 968, 732, 956, 742, 214, 585, 821, 593, 507, 97, 832, 110, 789, 272, 600, 307, 252, 840, 775, 392, 709, 274, 575, 882, 245, 85, 54, 333, 721, 132, 857, 906, 128, 13, 289, 995, 173, 572, 163, 285, 863, 63, 922, 247],
[644, 75, 628, 111, 652, 716, 202, 910, 768, 207, 722, 657, 37, 0, 264, 233, 489, 882, 788, 125, 945, 954, 75, 835, 212, 772, 15, 387, 851, 265, 761, 43, 188, 373, 245, 75, 496, 401, 549, 929, 490, 625, 709, 164, 963, 52, 607, 530, 805, 85, 433, 277, 617, 850, 380, 178, 60, 614, 851, 217, 891, 375, 300, 431, 921, 406, 973, 749, 49, 537, 77, 908, 938, 559, 872, 737, 587, 419, 53, 657, 267, 345, 74, 119, 383, 53, 803, 263, 684, 589, 723, 176, 119, 628, 957, 754, 474, 709, 918, 380, 830, 941, 115, 562, 781, 367, 302, 856, 609, 66, 523, 871, 214, 832, 744, 162, 55, 524, 39, 566, 215, 882, 201, 220, 455, 932, 375, 75, 649, 572, 60, 946, 295, 897, 844, 493, 141, 187, 979, 703, 323, 813, 12, 713, 989, 862, 545, 682, 851, 682],
[10, 681, 198, 980, 596, 221, 177, 79, 202, 623, 388, 917, 636, 264, 0, 923, 730, 426, 103, 314, 374, 486, 448, 501, 479, 216, 232, 46, 195, 410, 245, 205, 196, 423, 479, 770, 485, 334, 910, 244, 440, 12, 846, 395, 758, 519, 934, 707, 792, 345, 391, 242, 678, 946, 224, 705, 971, 37, 714, 536, 88, 536, 318, 737, 159, 516, 606, 165, 428, 30, 633, 415, 101, 319, 805, 535, 985, 826, 22, 67, 721, 458, 66, 545, 543, 892, 957, 426, 11, 933, 261, 961, 979, 328, 895, 993, 832, 974, 441, 120, 651, 928, 927, 563, 216, 714, 849, 767, 971, 45, 593, 112, 383, 890, 782, 963, 326, 665, 494, 256, 235, 633, 729, 419, 556, 705, 730, 144, 468, 618, 761, 92, 169, 505, 71, 440, 78, 936, 958, 258, 827, 474, 873, 34, 434, 28, 755, 52, 170, 304],
[710, 189, 804, 11, 553, 618, 590, 572, 772, 53, 49, 934, 499, 233, 923, 0, 83, 492, 889, 748, 396, 143, 762, 384, 696, 221, 215, 685, 210, 582, 55, 801, 769, 510, 413, 867, 935, 819, 58, 863, 500, 133, 205, 589, 222, 428, 871, 784, 359, 178, 951, 583, 381, 757, 405, 802, 431, 194, 471, 180, 489, 284, 84, 279, 773, 879, 919, 643, 304, 362, 969, 105, 93, 64, 599, 999, 234, 98, 969, 317, 574, 201, 419, 692, 264, 515, 327, 751, 535, 719, 355, 591, 418, 560, 41, 769, 163, 501, 637, 388, 270, 418, 315, 307, 531, 191, 175, 879, 582, 685, 774, 633, 206, 48, 556, 157, 100, 365, 124, 815, 558, 960, 993, 638, 628, 975, 97, 562, 600, 282, 406, 360, 929, 466, 264, 223, 588, 969, 982, 345, 225, 291, 365, 870, 131, 812, 82, 189, 147, 971],
[593, 695, 378, 296, 287, 416, 362, 322, 86, 102, 314, 258, 613, 489, 730, 83, 0, 223, 408, 905, 37, 369, 258, 644, 902, 204, 303, 404, 563, 529, 607, 834, 217, 722, 317, 421, 484, 968, 589, 99, 427, 502, 689, 271, 263, 468, 369, 341, 282, 776, 996, 438, 445, 957, 577, 828, 825, 637, 36, 409, 141, 81, 907, 589, 196, 545, 503, 191, 168, 580, 483, 802, 162, 397, 909, 537, 50, 225, 836, 153, 297, 623, 235, 865, 885, 697, 448, 761, 638, 629, 222, 869, 592, 765, 505, 255, 330, 147, 170, 580, 1000, 42, 590, 906, 947, 900, 559, 230, 273, 409, 567, 85, 886, 851, 910, 501, 909, 529, 332, 354, 482, 688, 851, 38, 486, 93, 864, 799, 980, 56, 673, 976, 701, 765, 440, 815, 39, 529, 141, 410, 127, 192, 478, 82, 509, 994, 577, 153, 116, 201],
[608, 553, 55, 649, 331, 335, 514, 209, 514, 447, 732, 695, 963, 882, 426, 492, 223, 0, 476, 663, 272, 182, 205, 201, 475, 310, 980, 941, 464, 407, 373, 886, 287, 801, 245, 846, 256, 658, 69, 492, 939, 719, 695, 363, 263, 330, 117, 766, 958, 404, 181, 578, 18, 642, 647, 387, 409, 751, 774, 532, 452, 652, 622, 877, 515, 475, 866, 519, 280, 752, 36, 417, 972, 429, 171, 994, 232, 657, 484, 816, 578, 174, 118, 779, 99, 655, 914, 576, 399, 158, 709, 229, 12, 930, 917, 128, 223, 425, 396, 616, 190, 819, 930, 542, 112, 128, 558, 319, 458, 496, 708, 826, 305, 316, 507, 486, 517, 937, 777, 489, 485, 891, 533, 221, 253, 366, 506, 835, 217, 513, 147, 88, 15, 269, 508, 407, 349, 240, 825, 556, 613, 973, 64, 751, 309, 197, 394, 591, 200, 811],
[974, 834, 317, 586, 27, 734, 322, 434, 294, 324, 924, 598, 586, 788, 103, 889, 408, 476, 0, 871, 12, 410, 568, 253, 44, 210, 867, 788, 266, 57, 567, 338, 751, 96, 973, 674, 232, 133, 377, 15, 399, 217, 504, 812, 917, 57, 836, 682, 752, 538, 146, 941, 790, 582, 924, 127, 151, 866, 465, 956, 46, 183, 281, 391, 17, 670, 800, 373, 171, 354, 206, 44, 673, 757, 470, 295, 38, 924, 37, 721, 436, 217, 804, 798, 125, 844, 473, 680, 380, 982, 806, 800, 91, 16, 856, 916, 175, 286, 439, 393, 496, 699, 931, 556, 526, 810, 338, 530, 453, 572, 246, 212, 232, 828, 825, 422, 241, 715, 242, 911, 810, 468, 675, 275, 826, 701, 544, 784, 328, 682, 501, 75, 507, 411, 319, 611, 185, 519, 958, 418, 632, 901, 959, 107, 256, 860, 868, 221, 33, 605],
[630, 223, 658, 842, 950, 41, 564, 570, 949, 92, 410, 349, 88, 125, 314, 748, 905, 663, 871, 0, 555, 418, 754, 175, 139, 895, 929, 483, 857, 690, 455, 425, 788, 789, 246, 765, 632, 465, 864, 855, 309, 695, 472, 796, 304, 687, 346, 562, 675, 495, 306, 615, 401, 618, 940, 807, 875, 547, 388, 849, 107, 766, 492, 704, 241, 125, 40, 168, 769, 798, 425, 982, 520, 622, 619, 979, 992, 496, 539, 995, 726, 861, 107, 958, 975, 590, 404, 894, 657, 244, 106, 839, 537, 75, 699, 687, 451, 399, 805, 511, 887, 746, 406, 319, 551, 351, 745, 376, 989, 550, 35, 607, 575, 613, 883, 62, 897, 139, 203, 588, 444, 377, 912, 99, 91, 353, 394, 171, 866, 707, 106, 146, 294, 93, 602, 384, 836, 34, 124, 358, 655, 721, 297, 169, 991, 507, 728, 423, 820, 296],
[416, 972, 761, 85, 374, 374, 588, 429, 621, 431, 885, 561, 795, 945, 374, 396, 37, 272, 12, 555, 0, 183, 892, 536, 205, 307, 847, 444, 566, 613, 49, 293, 347, 420, 808, 55, 111, 312, 950, 837, 249, 246, 921, 254, 410, 352, 964, 936, 795, 373, 316, 341, 197, 189, 53, 321, 816, 419, 939, 821, 245, 211, 280, 401, 485, 179, 531, 347, 180, 558, 16, 174, 836, 642, 371, 601, 135, 785, 172, 461, 28, 421, 399, 347, 368, 862, 88, 318, 484, 906, 12, 384, 71, 146, 307, 467, 504, 239, 252, 103, 307, 561, 541, 752, 339, 560, 734, 482, 48, 657, 832, 537, 955, 346, 163, 773, 294, 386, 518, 495, 121, 833, 177, 566, 704, 126, 104, 441, 943, 868, 642, 852, 299, 997, 543, 89, 220, 432, 335, 334, 185, 475, 181, 701, 638, 632, 655, 891, 280, 895],
[217, 13, 147, 312, 461, 327, 167, 786, 437, 800, 192, 911, 162, 954, 486, 143, 369, 182, 410, 418, 183, 0, 107, 789, 751, 65, 781, 731, 682, 330, 697, 464, 644, 682, 975, 764, 629, 478, 161, 795, 975, 435, 774, 785, 752, 835, 756, 173, 475, 571, 905, 660, 11, 154, 624, 475, 728, 645, 310, 557, 151, 558, 111, 809, 561, 976, 19, 942, 832, 346, 254, 101, 70, 226, 895, 499, 495, 486, 371, 913, 624, 304, 215, 869, 454, 294, 515, 922, 712, 834, 619, 464, 870, 19, 964, 225, 740, 907, 346, 504, 832, 613, 85, 656, 656, 420, 509, 369, 782, 549, 557, 530, 955, 166, 817, 51, 31, 580, 578, 615, 716, 239, 127, 468, 687, 303, 691, 921, 435, 65, 190, 488, 781, 774, 332, 104, 727, 626, 703, 504, 840, 786, 648, 599, 555, 757, 934, 191, 975, 982],
[912, 569, 757, 866, 721, 555, 766, 225, 230, 372, 808, 593, 907, 75, 448, 762, 258, 205, 568, 754, 892, 107, 0, 192, 623, 179, 929, 365, 295, 521, 564, 732, 543, 279, 445, 504, 626, 816, 68, 688, 358, 385, 518, 339, 180, 538, 887, 374, 908, 534, 92, 949, 121, 602, 904, 856, 318, 156, 95, 910, 331, 623, 356, 532, 340, 343, 818, 951, 856, 168, 84, 928, 252, 108, 882, 736, 533, 73, 868, 385, 317, 168, 289, 551, 868, 499, 546, 476, 935, 456, 750, 306, 463, 507, 422, 599, 904, 228, 790, 997, 757, 66, 15, 201, 421, 987, 981, 160, 164, 907, 750, 38, 557, 336, 87, 480, 409, 730, 392, 816, 245, 125, 688, 240, 814, 30, 80, 552, 10, 595, 442, 539, 84, 357, 640, 846, 415, 31, 543, 274, 659, 653, 571, 530, 836, 827, 24, 733, 764, 335],
[221, 779, 994, 875, 421, 75, 888, 447, 156, 601, 873, 400, 821, 835, 501, 384, 644, 201, 253, 175, 536, 789, 192, 0, 206, 477, 535, 438, 289, 855, 438, 506, 365, 239, 57, 264, 271, 484, 453, 438, 141, 987, 393, 201, 469, 91, 349, 457, 916, 355, 608, 693, 147, 416, 186, 76, 990, 332, 939, 856, 608, 732, 719, 535, 655, 571, 722, 335, 380, 586, 308, 124, 297, 318, 533, 650, 467, 975, 840, 691, 241, 98, 555, 751, 867, 128, 645, 130, 497, 619, 150, 436, 751, 468, 827, 145, 822, 304, 190, 216, 722, 565, 428, 801, 517, 287, 474, 281, 430, 859, 574, 461, 651, 94, 427, 425, 673, 156, 804, 467, 263, 899, 791, 303, 835, 647, 674, 277, 947, 856, 541, 694, 615, 61, 600, 981, 893, 902, 135, 930, 128, 19, 290, 198, 98, 232, 879, 322, 839, 450],
[180, 782, 485, 805, 923, 183, 65, 21, 645, 681, 874, 942, 882, 212, 479, 696, 902, 475, 44, 139, 205, 751, 623, 206, 0, 696, 249, 979, 877, 626, 587, 723, 835, 138, 990, 233, 132, 272, 16, 617, 933, 661, 461, 118, 756, 277, 996, 887, 285, 37, 373, 546, 727, 280, 707, 808, 301, 462, 839, 281, 337, 613, 433, 820, 430, 627, 655, 36, 657, 245, 899, 64, 807, 159, 65, 805, 782, 438, 55, 418, 842, 321, 537, 942, 382, 509, 917, 354, 440, 497, 212, 907, 905, 372, 749, 159, 923, 712, 950, 281, 99, 925, 601, 892, 46, 432, 381, 523, 573, 858, 650, 145, 991, 146, 735, 957, 155, 49, 650, 319, 773, 324, 897, 715, 635, 830, 739, 322, 810, 962, 920, 654, 481, 458, 596, 227, 501, 903, 136, 91, 812, 791, 227, 479, 608, 548, 602, 507, 361, 281],
[772, 282, 159, 321, 456, 661, 498, 475, 650, 15, 107, 734, 327, 772, 216, 221, 204, 310, 210, 895, 307, 65, 179, 477, 696, 0, 265, 103, 455, 739, 72, 364, 399, 389, 236, 496, 224, 470, 23, 507, 215, 884, 413, 211, 612, 762, 827, 477, 272, 713, 801, 253, 726, 752, 466, 450, 100, 179, 687, 89, 572, 974, 110, 205, 949, 71, 843, 414, 233, 269, 375, 57, 715, 700, 62, 990, 576, 359, 519, 827, 943, 505, 794, 653, 702, 75, 859, 620, 211, 136, 795, 216, 971, 67, 526, 849, 315, 769, 490, 657, 976, 710, 181, 963, 184, 974, 446, 175, 529, 425, 283, 985, 416, 59, 101, 150, 59, 921, 747, 559, 707, 898, 343, 609, 887, 232, 202, 518, 815, 106, 849, 424, 539, 207, 359, 386, 940, 840, 794, 498, 226, 982, 497, 930, 715, 458, 202, 304, 318, 96],
[820, 306, 174, 671, 627, 232, 990, 392, 193, 697, 187, 145, 302, 15, 232, 215, 303, 980, 867, 929, 847, 781, 929, 535, 249, 265, 0, 91, 405, 528, 189, 795, 828, 987, 970, 412, 267, 35, 385, 845, 827, 147, 48, 823, 94, 131, 668, 740, 656, 510, 458, 973, 309, 11, 953, 429, 533, 188, 626, 580, 801, 485, 545, 73, 438, 448, 784, 968, 540, 554, 930, 462, 74, 596, 10, 680, 753, 135, 747, 677, 215, 258, 504, 695, 267, 466, 861, 543, 590, 448, 719, 366, 259, 44, 988, 916, 399, 391, 91, 882, 918, 622, 92, 421, 723, 361, 727, 296, 408, 127, 340, 21, 209, 452, 978, 294, 227, 42, 42, 666, 815, 537, 811, 348, 361, 168, 450, 748, 320, 408, 454, 186, 96, 200, 960, 18, 277, 704, 214, 579, 629, 263, 94, 335, 941, 511, 283, 503, 259, 75],
[950, 778, 955, 438, 416, 26, 837, 797, 223, 380, 893, 780, 295, 387, 46, 685, 404, 941, 788, 483, 444, 731, 365, 438, 979, 103, 91, 0, 158, 987, 742, 883, 110, 181, 513, 891, 745, 396, 111, 243, 408, 391, 76, 462, 768, 758, 431, 831, 565, 845, 233, 519, 889, 347, 810, 468, 702, 674, 127, 273, 826, 285, 771, 255, 24, 138, 887, 210, 461, 278, 384, 354, 48, 308, 129, 272, 532, 215, 954, 957, 158, 251, 469, 336, 941, 195, 372, 515, 521, 998, 826, 303, 708, 396, 622, 828, 982, 72, 78, 365, 410, 956, 96, 149, 84, 328, 510, 862, 573, 470, 22, 607, 424, 972, 949, 137, 396, 434, 696, 667, 456, 364, 217, 382, 670, 975, 966, 374, 477, 828, 50, 788, 639, 466, 977, 25, 791, 851, 238, 11, 399, 513, 884, 436, 477, 416, 368, 836, 864, 447],
[634, 807, 455, 983, 190, 777, 393, 91, 35, 801, 879, 519, 712, 851, 195, 210, 563, 464, 266, 857, 566, 682, 295, 289, 877, 455, 405, 158, 0, 733, 452, 414, 392, 106, 121, 164, 492, 784, 952, 776, 460, 648, 531, 455, 990, 580, 638, 884, 380, 665, 478, 331, 820, 767, 808, 874, 626, 618, 650, 694, 699, 356, 382, 761, 858, 481, 894, 293, 281, 861, 615, 526, 536, 464, 55, 285, 558, 643, 648, 570, 34, 974, 860, 689, 348, 312, 278, 295, 393, 311, 253, 97, 703, 43, 106, 965, 391, 905, 903, 185, 76, 853, 838, 417, 527, 568, 942, 327, 230, 596, 212, 763, 798, 578, 966, 984, 156, 685, 848, 905, 98, 339, 826, 289, 811, 616, 235, 77, 950, 617, 651, 66, 450, 297, 624, 747, 725, 479, 799, 895, 305, 651, 391, 353, 379, 678, 278, 590, 962, 630],
[523, 975, 730, 546, 917, 672, 722, 397, 91, 337, 447, 131, 251, 265, 410, 582, 529, 407, 57, 690, 613, 330, 521, 855, 626, 739, 528, 987, 733, 0, 484, 288, 386, 675, 684, 397, 418, 501, 337, 860, 296, 918, 459, 742, 68, 713, 338, 540, 433, 130, 649, 656, 758, 474, 87, 852, 515, 403, 507, 917, 198, 790, 123, 952, 141, 514, 705, 285, 559, 39, 362, 970, 796, 502, 292, 637, 615, 164, 718, 778, 577, 447, 288, 725, 106, 736, 547, 365, 546, 727, 146, 660, 384, 660, 126, 695, 315, 519, 643, 437, 667, 998, 847, 237, 287, 271, 946, 365, 167, 311, 414, 191, 127, 901, 805, 50, 217, 888, 286, 791, 83, 496, 501, 889, 224, 284, 22, 984, 165, 931, 660, 66, 483, 721, 997, 596, 338, 955, 790, 438, 657, 82, 305, 289, 79, 53, 751, 941, 79, 27],
[13, 419, 537, 704, 37, 616, 48, 267, 162, 749, 115, 394, 431, 761, 245, 55, 607, 373, 567, 455, 49, 697, 564, 438, 587, 72, 189, 742, 452, 484, 0, 593, 946, 595, 733, 638, 181, 670, 27, 712, 865, 297, 962, 655, 190, 477, 328, 487, 375, 718, 278, 268, 349, 930, 805, 916, 560, 17, 590, 654, 308, 734, 664, 900, 948, 898, 417, 943, 444, 17, 368, 496, 870, 461, 846, 763, 118, 859, 304, 867, 239, 752, 740, 739, 427, 820, 459, 544, 38, 580, 341, 382, 51, 673, 478, 514, 827, 339, 706, 297, 388, 564, 652, 977, 284, 394, 893, 800, 548, 682, 160, 718, 900, 850, 920, 929, 335, 776, 424, 33, 811, 288, 396, 40, 742, 860, 634, 538, 824, 834, 832, 808, 602, 427, 180, 308, 440, 716, 473, 236, 897, 536, 260, 609, 226, 413, 814, 683, 121, 81],
[126, 614, 595, 402, 535, 46, 383, 450, 80, 190, 362, 443, 361, 43, 205, 801, 834, 886, 338, 425, 293, 464, 732, 506, 723, 364, 795, 883, 414, 288, 593, 0, 312, 938, 704, 449, 169, 827, 755, 652, 180, 777, 584, 529, 983, 101, 694, 316, 535, 671, 355, 230, 33, 407, 299, 409, 766, 109, 139, 967, 685, 497, 917, 235, 871, 778, 83, 433, 776, 899, 59, 885, 162, 396, 977, 103, 962, 523, 147, 843, 801, 726, 805, 409, 963, 103, 14, 282, 636, 573, 615, 859, 277, 337, 158, 96, 911, 214, 633, 540, 957, 218, 704, 404, 561, 764, 896, 340, 253, 856, 530, 598, 581, 626, 567, 76, 849, 669, 967, 911, 635, 289, 725, 289, 906, 586, 450, 150, 804, 358, 873, 453, 616, 737, 500, 464, 449, 587, 600, 664, 117, 546, 823, 707, 179, 517, 324, 772, 241, 419],
[20, 199, 724, 484, 961, 711, 707, 272, 66, 13, 709, 371, 290, 188, 196, 769, 217, 287, 751, 788, 347, 644, 543, 365, 835, 399, 828, 110, 392, 386, 946, 312, 0, 178, 10, 917, 729, 137, 149, 712, 64, 795, 416, 650, 801, 326, 779, 217, 835, 38, 431, 98, 962, 852, 212, 185, 414, 18, 133, 317, 330, 612, 788, 967, 174, 634, 271, 400, 176, 51, 651, 864, 80, 837, 249, 566, 503, 133, 937, 430, 450, 795, 654, 148, 794, 129, 595, 521, 450, 210, 453, 203, 66, 369, 955, 162, 307, 483, 229, 810, 460, 227, 452, 587, 214, 939, 231, 342, 152, 942, 595, 531, 234, 642, 941, 215, 666, 234, 843, 962, 106, 725, 805, 700, 142, 349, 183, 360, 97, 87, 214, 796, 847, 846, 11, 473, 656, 656, 711, 50, 600, 413, 636, 623, 952, 696, 783, 853, 970, 915],
[414, 79, 262, 786, 749, 15, 704, 329, 622, 541, 196, 528, 932, 373, 423, 510, 722, 801, 96, 789, 420, 682, 279, 239, 138, 389, 987, 181, 106, 675, 595, 938, 178, 0, 396, 908, 566, 130, 260, 130, 883, 84, 202, 846, 835, 205, 275, 343, 572, 510, 239, 106, 883, 134, 207, 41, 32, 948, 150, 735, 956, 52, 668, 877, 83, 541, 575, 35, 735, 381, 778, 889, 711, 61, 823, 114, 44, 386, 905, 521, 448, 549, 308, 943, 992, 236, 890, 849, 590, 257, 409, 694, 577, 447, 173, 323, 320, 319, 146, 65, 529, 846, 869, 703, 851, 597, 645, 679, 840, 674, 438, 489, 692, 526, 872, 750, 207, 136, 556, 391, 959, 263, 914, 698, 898, 512, 73, 769, 781, 641, 243, 927, 958, 203, 934, 235, 260, 192, 306, 837, 718, 370, 952, 114, 849, 261, 881, 714, 208, 480],
[963, 182, 548, 587, 987, 957, 476, 689, 408, 203, 576, 52, 776, 245, 479, 413, 317, 245, 973, 246, 808, 975, 445, 57, 990, 236, 970, 513, 121, 684, 733, 704, 10, 396, 0, 866, 317, 639, 305, 13, 262, 711, 287, 38, 995, 266, 516, 60, 177, 956, 877, 805, 537, 364, 398, 876, 593, 611, 868, 430, 744, 547, 600, 222, 229, 378, 466, 223, 903, 513, 242, 36, 661, 127, 327, 768, 905, 189, 307, 677, 327, 898, 382, 952, 860, 638, 136, 147, 246, 407, 404, 904, 194, 188, 192, 483, 621, 351, 981, 306, 357, 423, 134, 333, 71, 77, 771, 119, 746, 177, 807, 350, 390, 137, 275, 202, 39, 857, 688, 96, 174, 591, 662, 146, 46, 292, 84, 227, 748, 71, 874, 715, 304, 238, 260, 416, 374, 645, 710, 151, 674, 23, 837, 519, 55, 491, 581, 164, 569, 477],
[193, 697, 93, 512, 524, 921, 859, 296, 961, 689, 163, 728, 681, 75, 770, 867, 421, 846, 674, 765, 55, 764, 504, 264, 233, 496, 412, 891, 164, 397, 638, 449, 917, 908, 866, 0, 348, 33, 721, 911, 509, 777, 345, 476, 610, 584, 267, 883, 231, 147, 226, 683, 211, 751, 120, 104, 601, 382, 205, 917, 315, 384, 192, 131, 855, 355, 611, 579, 162, 556, 662, 77, 892, 815, 988, 139, 559, 612, 851, 114, 376, 569, 836, 18, 609, 692, 649, 828, 188, 678, 705, 117, 924, 198, 927, 915, 49, 833, 931, 833, 678, 354, 782, 669, 634, 811, 403, 622, 597, 961, 584, 877, 665, 996, 388, 425, 841, 275, 325, 327, 172, 367, 695, 396, 480, 591, 759, 996, 430, 578, 947, 450, 119, 605, 105, 121, 929, 783, 186, 737, 670, 733, 861, 918, 483, 273, 261, 114, 618, 837],
[251, 754, 623, 438, 368, 308, 430, 578, 863, 24, 854, 534, 452, 496, 485, 935, 484, 256, 232, 632, 111, 629, 626, 271, 132, 224, 267, 745, 492, 418, 181, 169, 729, 566, 317, 348, 0, 275, 353, 467, 998, 89, 920, 201, 249, 973, 288, 99, 726, 158, 107, 10, 883, 111, 243, 348, 143, 63, 774, 557, 449, 22, 699, 247, 157, 748, 741, 266, 128, 81, 675, 533, 275, 112, 568, 570, 896, 504, 803, 625, 810, 217, 689, 379, 264, 249, 355, 340, 814, 854, 600, 644, 21, 304, 612, 968, 802, 330, 110, 221, 625, 227, 155, 880, 746, 64, 691, 439, 391, 535, 739, 147, 44, 322, 924, 502, 455, 756, 557, 343, 109, 409, 624, 513, 436, 436, 734, 526, 294, 686, 926, 587, 763, 210, 794, 869, 846, 901, 952, 912, 927, 176, 751, 741, 476, 339, 985, 315, 142, 696],
[318, 71, 892, 543, 81, 85, 335, 940, 130, 42, 309, 993, 570, 401, 334, 819, 968, 658, 133, 465, 312, 478, 816, 484, 272, 470, 35, 396, 784, 501, 670, 827, 137, 130, 639, 33, 275, 0, 829, 498, 491, 381, 587, 88, 578, 570, 157, 635, 349, 514, 613, 31, 835, 480, 435, 818, 524, 83, 462, 280, 171, 595, 179, 925, 750, 679, 816, 896, 262, 796, 258, 55, 460, 954, 532, 180, 902, 292, 729, 485, 119, 980, 844, 245, 942, 817, 522, 322, 702, 672, 996, 825, 181, 484, 916, 784, 65, 232, 620, 892, 975, 961, 274, 442, 14, 69, 354, 671, 828, 439, 948, 725, 237, 446, 511, 600, 54, 161, 524, 339, 664, 760, 229, 857, 550, 864, 477, 41, 751, 263, 15, 955, 70, 34, 892, 538, 314, 657, 634, 655, 769, 234, 375, 655, 452, 860, 502, 422, 881, 465],
[52, 790, 67, 392, 60, 288, 883, 300, 355, 317, 531, 68, 557, 549, 910, 58, 589, 69, 377, 864, 950, 161, 68, 453, 16, 23, 385, 111, 952, 337, 27, 755, 149, 260, 305, 721, 353, 829, 0, 316, 179, 516, 851, 205, 928, 984, 630, 960, 926, 809, 359, 355, 495, 607, 373, 250, 415, 183, 365, 383, 506, 804, 655, 351, 826, 388, 813, 25, 438, 79, 433, 40, 94, 820, 269, 797, 856, 12, 58, 319, 354, 949, 161, 230, 834, 389, 466, 832, 844, 940, 645, 860, 373, 201, 655, 334, 698, 63, 515, 923, 546, 855, 972, 621, 129, 823, 80, 828, 980, 905, 342, 804, 857, 826, 86, 677, 970, 296, 205, 80, 470, 81, 671, 153, 640, 679, 316, 96, 628, 444, 407, 947, 14, 956, 238, 557, 279, 613, 972, 282, 313, 518, 208, 266, 128, 499, 33, 823, 904, 473],
[232, 291, 56, 593, 372, 59, 986, 713, 953, 348, 36, 932, 671, 929, 244, 863, 99, 492, 15, 855, 837, 795, 688, 438, 617, 507, 845, 243, 776, 860, 712, 652, 712, 130, 13, 911, 467, 498, 316, 0, 87, 474, 944, 243, 272, 187, 554, 14, 471, 585, 321, 715, 622, 925, 75, 501, 589, 883, 495, 688, 572, 164, 961, 193, 723, 626, 532, 76, 48, 53, 349, 671, 627, 774, 288, 829, 945, 514, 736, 828, 650, 386, 133, 544, 457, 617, 582, 51, 669, 506, 423, 985, 135, 521, 762, 374, 200, 676, 333, 356, 900, 696, 221, 380, 31, 982, 205, 866, 942, 776, 577, 343, 165, 484, 680, 787, 105, 312, 994, 93, 74, 980, 991, 926, 344, 312, 632, 569, 152, 792, 555, 513, 770, 937, 124, 282, 878, 115, 47, 853, 153, 404, 91, 119, 808, 302, 632, 301, 43, 380],
[453, 915, 754, 802, 779, 687, 334, 591, 850, 444, 217, 92, 173, 490, 440, 500, 427, 939, 399, 309, 249, 975, 358, 141, 933, 215, 827, 408, 460, 296, 865, 180, 64, 883, 262, 509, 998, 491, 179, 87, 0, 297, 13, 55, 811, 576, 368, 182, 735, 130, 876, 192, 337, 552, 204, 568, 778, 538, 834, 775, 134, 822, 260, 160, 485, 648, 575, 634, 167, 625, 726, 275, 233, 705, 424, 945, 925, 24, 158, 119, 222, 192, 994, 536, 269, 981, 794, 454, 638, 920, 110, 195, 720, 773, 153, 275, 507, 650, 661, 352, 775, 604, 892, 608, 178, 49, 773, 11, 367, 497, 936, 722, 78, 225, 428, 487, 652, 863, 478, 366, 368, 283, 740, 720, 225, 822, 622, 596, 954, 961, 335, 465, 271, 87, 347, 317, 911, 961, 262, 226, 137, 734, 315, 93, 673, 777, 18, 464, 516, 778],
[571, 247, 871, 312, 557, 205, 337, 106, 361, 513, 131, 771, 91, 625, 12, 133, 502, 719, 217, 695, 246, 435, 385, 987, 661, 884, 147, 391, 648, 918, 297, 777, 795, 84, 711, 777, 89, 381, 516, 474, 297, 0, 579, 280, 550, 620, 490, 898, 903, 270, 76, 14, 611, 841, 714, 758, 227, 689, 13, 122, 297, 915, 835, 849, 568, 654, 618, 757, 346, 452, 25, 21, 743, 304, 512, 428, 29, 625, 248, 566, 890, 480, 236, 954, 950, 151, 438, 143, 40, 115, 401, 588, 324, 526, 276, 733, 707, 233, 455, 966, 506, 669, 857, 879, 812, 896, 42, 257, 718, 102, 229, 994, 68, 732, 71, 525, 674, 779, 601, 848, 913, 446, 747, 479, 416, 877, 53, 265, 256, 970, 314, 328, 898, 492, 883, 900, 707, 441, 463, 512, 593, 356, 999, 913, 583, 400, 75, 584, 786, 720],
[697, 460, 484, 495, 785, 760, 521, 779, 544, 854, 286, 747, 266, 709, 846, 205, 689, 695, 504, 472, 921, 774, 518, 393, 461, 413, 48, 76, 531, 459, 962, 584, 416, 202, 287, 345, 920, 587, 851, 944, 13, 579, 0, 943, 594, 861, 722, 225, 175, 594, 906, 276, 544, 341, 563, 822, 154, 665, 795, 856, 647, 541, 767, 836, 422, 975, 930, 498, 293, 199, 624, 530, 174, 525, 945, 485, 873, 885, 844, 976, 399, 944, 611, 92, 788, 257, 666, 269, 730, 733, 676, 420, 571, 841, 679, 911, 652, 117, 707, 247, 195, 726, 751, 672, 302, 148, 599, 947, 661, 632, 796, 849, 62, 750, 138, 534, 686, 929, 169, 367, 294, 605, 285, 60, 619, 753, 45, 196, 958, 548, 850, 336, 425, 220, 639, 855, 107, 308, 980, 448, 130, 852, 37, 151, 679, 965, 294, 375, 480, 355],
[311, 394, 644, 851, 628, 599, 638, 606, 729, 397, 547, 710, 186, 164, 395, 589, 271, 363, 812, 796, 254, 785, 339, 201, 118, 211, 823, 462, 455, 742, 655, 529, 650, 846, 38, 476, 201, 88, 205, 243, 55, 280, 943, 0, 241, 100, 971, 109, 779, 463, 653, 427, 994, 807, 401, 642, 93, 368, 449, 27, 728, 633, 935, 703, 348, 774, 565, 743, 521, 182, 540, 138, 833, 362, 183, 558, 933, 275, 624, 685, 750, 436, 42, 584, 767, 110, 367, 153, 928, 86, 905, 1000, 512, 307, 375, 593, 668, 551, 76, 646, 343, 787, 912, 390, 307, 606, 280, 282, 966, 416, 897, 680, 243, 874, 305, 410, 200, 614, 585, 571, 201, 532, 862, 918, 281, 436, 305, 550, 20, 52, 570, 311, 483, 366, 151, 877, 501, 180, 552, 294, 186, 772, 866, 844, 34, 310, 348, 772, 765, 711],
[307, 448, 518, 774, 94, 844, 956, 655, 144, 417, 390, 230, 64, 963, 758, 222, 263, 263, 917, 304, 410, 752, 180, 469, 756, 612, 94, 768, 990, 68, 190, 983, 801, 835, 995, 610, 249, 578, 928, 272, 811, 550, 594, 241, 0, 194, 631, 916, 403, 689, 520, 537, 475, 546, 729, 947, 914, 441, 703, 350, 291, 719, 920, 550, 892, 267, 452, 752, 980, 823, 837, 421, 909, 935, 955, 931, 791, 327, 489, 354, 507, 678, 495, 179, 623, 822, 519, 393, 417, 757, 449, 916, 668, 521, 599, 951, 671, 858, 30, 963, 91, 983, 85, 922, 541, 581, 690, 367, 496, 572, 534, 161, 218, 64, 656, 24, 758, 404, 183, 816, 597, 703, 968, 505, 253, 265, 963, 685, 629, 134, 39, 855, 145, 311, 284, 779, 675, 844, 195, 925, 458, 967, 536, 964, 624, 378, 360, 528, 340, 11],
[450, 209, 488, 479, 864, 181, 434, 414, 927, 349, 500, 251, 142, 52, 519, 428, 468, 330, 57, 687, 352, 835, 538, 91, 277, 762, 131, 758, 580, 713, 477, 101, 326, 205, 266, 584, 973, 570, 984, 187, 576, 620, 861, 100, 194, 0, 538, 196, 310, 10, 612, 375, 928, 38, 532, 908, 562, 983, 574, 172, 327, 318, 331, 780, 944, 705, 154, 211, 440, 500, 289, 693, 806, 931, 612, 990, 493, 863, 794, 270, 814, 651, 197, 941, 599, 762, 257, 374, 778, 459, 899, 93, 923, 880, 487, 559, 478, 827, 246, 805, 305, 364, 810, 854, 818, 967, 601, 94, 991, 623, 118, 1000, 918, 306, 971, 885, 485, 113, 214, 24, 509, 756, 241, 224, 899, 100, 959, 214, 421, 448, 54, 698, 653, 536, 397, 725, 751, 164, 351, 935, 46, 376, 270, 523, 491, 463, 100, 303, 592, 12],
[230, 985, 514, 452, 143, 200, 441, 950, 897, 947, 685, 174, 200, 607, 934, 871, 369, 117, 836, 346, 964, 756, 887, 349, 996, 827, 668, 431, 638, 338, 328, 694, 779, 275, 516, 267, 288, 157, 630, 554, 368, 490, 722, 971, 631, 538, 0, 161, 407, 910, 49, 365, 78, 10, 21, 883, 70, 747, 377, 613, 333, 786, 373, 950, 762, 594, 68, 977, 156, 305, 117, 78, 103, 690, 505, 990, 946, 703, 150, 204, 629, 605, 480, 353, 549, 934, 231, 536, 145, 252, 875, 186, 150, 963, 165, 127, 237, 111, 834, 63, 793, 684, 249, 378, 57, 521, 770, 715, 658, 899, 227, 58, 780, 319, 34, 805, 30, 284, 359, 915, 714, 189, 565, 522, 784, 18, 232, 241, 822, 799, 304, 943, 450, 296, 373, 418, 468, 840, 613, 85, 768, 241, 381, 528, 706, 210, 140, 245, 702, 611],
[95, 309, 240, 307, 929, 555, 172, 209, 193, 464, 687, 87, 546, 530, 707, 784, 341, 766, 682, 562, 936, 173, 374, 457, 887, 477, 740, 831, 884, 540, 487, 316, 217, 343, 60, 883, 99, 635, 960, 14, 182, 898, 225, 109, 916, 196, 161, 0, 19, 298, 742, 973, 562, 267, 212, 172, 231, 286, 620, 163, 336, 708, 831, 33, 751, 410, 877, 355, 852, 952, 895, 326, 747, 13, 483, 463, 575, 38, 90, 988, 549, 215, 990, 332, 811, 507, 635, 133, 683, 659, 75, 12, 725, 850, 276, 577, 576, 853, 480, 265, 694, 861, 641, 746, 13, 638, 887, 677, 556, 803, 94, 756, 775, 491, 97, 212, 299, 833, 560, 262, 22, 273, 45, 248, 161, 519, 198, 624, 403, 810, 838, 429, 859, 314, 656, 280, 666, 599, 344, 953, 496, 742, 974, 860, 216, 130, 608, 656, 731, 548],
[73, 305, 18, 800, 872, 750, 624, 119, 533, 962, 976, 292, 319, 805, 792, 359, 282, 958, 752, 675, 795, 475, 908, 916, 285, 272, 656, 565, 380, 433, 375, 535, 835, 572, 177, 231, 726, 349, 926, 471, 735, 903, 175, 779, 403, 310, 407, 19, 0, 732, 185, 119, 339, 861, 390, 975, 213, 210, 941, 337, 457, 869, 531, 178, 627, 43, 248, 400, 690, 835, 101, 945, 751, 598, 105, 503, 866, 524, 243, 170, 257, 298, 601, 479, 856, 622, 608, 298, 699, 410, 305, 604, 955, 977, 255, 421, 60, 355, 105, 673, 70, 573, 299, 292, 819, 498, 756, 964, 674, 62, 538, 604, 175, 251, 514, 11, 510, 587, 787, 51, 91, 625, 951, 871, 636, 917, 607, 840, 473, 74, 953, 735, 441, 283, 329, 746, 206, 197, 934, 326, 123, 630, 849, 944, 774, 705, 387, 465, 66, 742],
[253, 60, 473, 685, 133, 944, 380, 992, 744, 462, 377, 918, 205, 85, 345, 178, 776, 404, 538, 495, 373, 571, 534, 355, 37, 713, 510, 845, 665, 130, 718, 671, 38, 510, 956, 147, 158, 514, 809, 585, 130, 270, 594, 463, 689, 10, 910, 298, 732, 0, 709, 608, 472, 678, 439, 1000, 45, 813, 164, 872, 432, 978, 152, 79, 162, 993, 959, 90, 474, 157, 98, 613, 452, 118, 584, 401, 323, 745, 48, 151, 864, 643, 228, 836, 351, 850, 644, 553, 66, 24, 634, 173, 523, 909, 213, 845, 273, 634, 776, 961, 250, 757, 581, 199, 114, 271, 995, 832, 937, 248, 919, 236, 594, 357, 946, 222, 960, 419, 889, 716, 844, 467, 139, 62, 845, 1000, 619, 395, 645, 166, 150, 592, 910, 48, 38, 497, 25, 737, 968, 46, 12, 518, 775, 791, 860, 147, 148, 606, 820, 548],
[223, 590, 894, 535, 943, 811, 603, 143, 756, 785, 756, 454, 902, 433, 391, 951, 996, 181, 146, 306, 316, 905, 92, 608, 373, 801, 458, 233, 478, 649, 278, 355, 431, 239, 877, 226, 107, 613, 359, 321, 876, 76, 906, 653, 520, 612, 49, 742, 185, 709, 0, 317, 428, 482, 992, 26, 838, 566, 738, 804, 957, 820, 555, 292, 373, 499, 587, 210, 163, 829, 204, 381, 647, 63, 499, 384, 133, 332, 50, 47, 41, 137, 486, 791, 302, 723, 140, 141, 161, 741, 685, 345, 148, 679, 871, 700, 376, 600, 859, 51, 917, 341, 890, 188, 419, 238, 551, 600, 148, 951, 505, 58, 309, 191, 101, 688, 889, 857, 418, 380, 530, 384, 486, 188, 668, 858, 138, 964, 508, 462, 242, 274, 751, 734, 701, 509, 719, 558, 240, 230, 997, 29, 67, 782, 607, 1000, 737, 694, 265, 173],
[248, 297, 379, 580, 570, 123, 309, 280, 392, 33, 660, 543, 14, 277, 242, 583, 438, 578, 941, 615, 341, 660, 949, 693, 546, 253, 973, 519, 331, 656, 268, 230, 98, 106, 805, 683, 10, 31, 355, 715, 192, 14, 276, 427, 537, 375, 365, 973, 119, 608, 317, 0, 487, 323, 244, 835, 554, 537, 301, 235, 851, 289, 427, 16, 627, 527, 196, 233, 206, 558, 613, 365, 309, 609, 353, 659, 535, 588, 379, 670, 554, 716, 875, 139, 671, 385, 671, 491, 371, 843, 511, 952, 141, 254, 406, 660, 730, 924, 439, 96, 222, 349, 196, 688, 446, 365, 305, 822, 131, 601, 151, 605, 423, 368, 794, 420, 97, 573, 873, 837, 259, 955, 242, 557, 326, 632, 538, 292, 866, 958, 549, 784, 496, 561, 923, 329, 822, 343, 228, 301, 565, 109, 46, 537, 158, 476, 863, 572, 531, 603],
[93, 53, 917, 427, 52, 699, 882, 985, 73, 293, 394, 598, 683, 617, 678, 381, 445, 18, 790, 401, 197, 11, 121, 147, 727, 726, 309, 889, 820, 758, 349, 33, 962, 883, 537, 211, 883, 835, 495, 622, 337, 611, 544, 994, 475, 928, 78, 562, 339, 472, 428, 487, 0, 929, 257, 620, 640, 131, 289, 676, 218, 95, 847, 678, 483, 610, 658, 564, 119, 34, 503, 351, 150, 838, 633, 433, 237, 974, 871, 263, 753, 233, 686, 223, 389, 390, 909, 680, 521, 934, 412, 398, 703, 840, 726, 213, 437, 172, 908, 218, 726, 107, 132, 211, 610, 923, 73, 851, 646, 557, 520, 891, 446, 979, 706, 927, 862, 625, 554, 65, 962, 26, 949, 206, 816, 587, 890, 740, 255, 455, 509, 640, 710, 998, 327, 984, 468, 387, 836, 139, 728, 955, 498, 561, 520, 585, 518, 99, 405, 765],
[602, 447, 944, 869, 234, 282, 712, 526, 780, 573, 178, 936, 16, 850, 946, 757, 957, 642, 582, 618, 189, 154, 602, 416, 280, 752, 11, 347, 767, 474, 930, 407, 852, 134, 364, 751, 111, 480, 607, 925, 552, 841, 341, 807, 546, 38, 10, 267, 861, 678, 482, 323, 929, 0, 580, 786, 757, 616, 191, 481, 963, 161, 153, 243, 289, 384, 752, 548, 458, 229, 512, 829, 114, 393, 58, 172, 327, 867, 603, 611, 297, 482, 556, 351, 639, 156, 959, 298, 210, 126, 221, 246, 608, 723, 728, 299, 783, 411, 531, 261, 634, 436, 118, 726, 645, 732, 95, 284, 383, 965, 193, 374, 252, 823, 979, 47, 663, 544, 268, 935, 869, 253, 999, 648, 327, 621, 716, 26, 706, 494, 876, 939, 190, 717, 278, 540, 987, 590, 668, 269, 333, 254, 832, 742, 636, 496, 886, 384, 820, 171],
