[0, 614, 581, 66, 961, 689, 108, 872, 883, 470, 144, 430, 888, 226, 656, 210, 347, 795, 445, 560, 137, 809, 284, 630, 133, 144, 837, 168, 899, 584, 219, 769, 230, 440, 750, 835, 508, 613, 171, 492, 565, 618, 190, 807, 455, 841, 536, 767, 170, 748, 53, 756, 712, 861, 722, 942, 175, 992, 438, 761, 31, 691, 61, 901, 775, 55, 872, 243, 526, 130, 143, 346, 806, 557, 799, 779, 546, 794, 833, 411, 220, 10, 301, 178, 881, 182, 708, 175, 763, 18, 957, 383, 249, 88, 164, 290, 323, 831, 896, 281, 527, 264, 866, 136, 863, 790, 130, 554, 674, 878, 428, 685, 607, 781, 387, 731, 899, 823, 769, 909, 137, 987, 201, 736, 241, 365, 54, 55, 987, 796, 124, 127, 846, 644, 234, 781, 896, 271, 479, 810, 775, 614, 156, 239, 219, 602, 241, 286, 878, 786, 794, 542, 732, 23, 824, 535, 983, 360, 557, 710]
[614, 0, 17, 960, 834, 581, 886, 657, 501, 419, 617, 55, 937, 58, 870, 901, 707, 23, 71, 359, 405, 46, 45, 287, 50, 281, 354, 532, 515, 742, 511, 971, 920, 559, 643, 819, 438, 633, 477, 757, 67, 177, 619, 85, 318, 267, 528, 978, 588, 600, 686, 968, 127, 281, 18, 997, 140, 789, 312, 21, 532, 223, 963, 342, 483, 224, 909, 714, 892, 671, 464, 345, 240, 724, 987, 943, 37, 458, 743, 585, 101, 640, 714, 827, 422, 772, 141, 859, 208, 566, 503, 157, 947, 177, 720, 917, 860, 651, 351, 537, 664, 424, 770, 181, 887, 620, 349, 632, 558, 199, 433, 913, 717, 160, 995, 910, 593, 421, 135, 935, 456, 922, 234, 451, 84, 150, 828, 382, 442, 334, 600, 786, 150, 44, 58, 197, 136, 459, 772, 567, 848, 47, 904, 449, 432, 611, 375, 299, 479, 575, 756, 929, 910, 556, 107, 317, 635, 931, 698, 963]
[581, 17, 0, 509, 161, 333, 565, 997, 793, 374, 200, 440, 584, 724, 958, 263, 849, 174, 619, 645, 917, 465, 955, 827, 477, 234, 801, 429, 714, 130, 219, 46, 903, 558, 386, 368, 536, 92, 706, 226, 46, 439, 812, 356, 665, 464, 649, 353, 489, 302, 286, 659, 804, 53, 998, 386, 277, 494, 469, 868, 361, 160, 870, 185, 317, 388, 862, 605, 634, 877, 416, 882, 98, 433, 728, 513, 636, 632, 324, 957, 670, 948, 806, 997, 712, 506, 58, 538, 369, 345, 945, 666, 687, 491, 293, 292, 564, 553, 231, 828, 349, 10, 971, 817, 400, 762, 471, 21, 858, 348, 323, 801, 966, 354, 194, 872, 451, 715, 428, 287, 269, 569, 450, 36, 449, 800, 156, 310, 162, 85, 406, 845, 356, 544, 619, 764, 146, 68, 422, 400, 602, 164, 448, 49, 135, 488, 669, 724, 549, 298, 509, 665, 507, 338, 382, 247, 610, 342, 276, 237]
[66, 960, 509, 0, 624, 680, 727, 673, 364, 551, 807, 631, 435, 614, 246, 136, 502, 42, 568, 975, 954, 783, 823, 480, 65, 852, 987, 50, 624, 665, 915, 951, 546, 188, 203, 762, 37, 177, 61, 803, 664, 375, 687, 573, 247, 859, 218, 190, 53, 959, 23, 248, 138, 764, 261, 199, 587, 605, 767, 972, 931, 290, 630, 278, 228, 679, 113, 195, 876, 16, 859, 893, 665, 637, 378, 189, 162, 118, 184, 414, 385, 42, 731, 597, 487, 747, 210, 147, 802, 742, 372, 265, 366, 88, 830, 199, 565, 847, 488, 809, 538, 201, 343, 424, 609, 500, 917, 938, 129, 731, 360, 971, 30, 180, 990, 798, 554, 91, 239, 824, 946, 290, 285, 145, 489, 85, 101, 721, 108, 897, 69, 151, 39, 579, 574, 594, 195, 361, 516, 735, 728, 126, 575, 465, 113, 46, 567, 753, 953, 115, 908, 816, 782, 39, 582, 966, 71, 277, 511, 105]
[961, 834, 161, 624, 0, 459, 728, 143, 402, 748, 327, 719, 411, 838, 574, 927, 211, 928, 955, 798, 868, 80, 669, 204, 717, 611, 710, 233, 250, 166, 655, 37, 796, 277, 184, 678, 868, 951, 366, 247, 430, 423, 63, 345, 273, 942, 114, 213, 806, 720, 314, 94, 490, 698, 451, 392, 270, 975, 420, 291, 123, 581, 184, 637, 671, 113, 743, 57, 705, 623, 471, 28, 223, 505, 61, 693, 616, 375, 665, 457, 445, 444, 262, 273, 363, 888, 660, 629, 998, 32, 532, 328, 899, 83, 377, 614, 34, 881, 219, 914, 237, 988, 559, 222, 628, 603, 681, 459, 300, 986, 461, 252, 505, 130, 143, 193, 880, 442, 420, 620, 30, 213, 817, 504, 507, 142, 874, 941, 346, 252, 792, 726, 763, 350, 124, 849, 452, 608, 145, 636, 145, 223, 806, 145, 810, 887, 226, 993, 641, 846, 512, 222, 34, 201, 520, 145, 853, 484, 814, 397]
[689, 581, 333, 680, 459, 0, 22, 291, 267, 834, 864, 726, 705, 373, 438, 660, 248, 506, 761, 173, 809, 321, 14, 237, 910, 922, 961, 771, 458, 47, 884, 657, 733, 695, 459, 335, 483, 777, 26, 494, 547, 518, 108, 765, 677, 94, 153, 150, 169, 975, 260, 223, 597, 575, 81, 186, 337, 346, 812, 680, 654, 300, 302, 80, 484, 19, 483, 383, 580, 449, 231, 800, 127, 727, 861, 608, 993, 76, 279, 892, 911, 816, 442, 286, 234, 42, 797, 402, 35, 478, 594, 875, 674, 537, 69, 381, 445, 579, 745, 184, 121, 233, 420, 605, 364, 88, 969, 851, 937, 143, 130, 214, 591, 863, 310, 838, 787, 384, 652, 206, 218, 96, 588, 341, 854, 608, 583, 656, 313, 444, 32, 140, 640, 272, 928, 928, 761, 832, 40, 159, 625, 930, 127, 284, 878, 321, 557, 116, 976, 221, 17, 377, 477, 313, 833, 96, 444, 514, 900, 200]
[108, 886, 565, 727, 728, 22, 0, 629, 340, 891, 787, 440, 79, 312, 846, 296, 407, 954, 378, 243, 575, 234, 701, 950, 858, 466, 18, 13, 809, 708, 535, 211, 923, 835, 894, 218, 698, 215, 160, 529, 301, 99, 829, 531, 654, 903, 867, 753, 384, 116, 733, 394, 981, 265, 305, 783, 433, 397, 921, 123, 223, 582, 447, 223, 804, 152, 308, 427, 922, 553, 160, 292, 335, 873, 507, 478, 19, 199, 536, 578, 472, 916, 455, 919, 365, 976, 953, 329, 432, 559, 313, 834, 901, 300, 176, 725, 833, 936, 898, 820, 515, 542, 409, 909, 177, 656, 122, 337, 762, 589, 708, 698, 480, 360, 605, 81, 282, 734, 534, 239, 676, 703, 831, 347, 468, 844, 551, 115, 450, 920, 867, 456, 966, 550, 924, 241, 837, 619, 597, 971, 718, 767, 66, 940, 233, 155, 750, 454, 346, 737, 731, 77, 271, 547, 224, 408, 615, 620, 615, 997]
[872, 657, 997, 673, 143, 291, 629, 0, 443, 764, 172, 36, 718, 536, 714, 925, 611, 428, 407, 998, 482, 884, 583, 904, 54, 163, 642, 774, 159, 13, 301, 355, 498, 105, 149, 571, 669, 100, 939, 681, 935, 193, 533, 74, 210, 478, 631, 419, 764, 632, 685, 900, 399, 407, 141, 470, 189, 396, 232, 757, 128, 709, 452, 298, 485, 980, 449, 96, 332, 626, 88, 659, 489, 617, 157, 913, 76, 580, 868, 742, 364, 489, 223, 827, 502, 32, 284, 161, 244, 562, 872, 190, 577, 50, 861, 563, 623, 663, 965, 283, 862, 734, 261, 215, 465, 663, 697, 204, 206, 73, 377, 564, 587, 186, 65, 741, 875, 793, 332, 319, 222, 952, 754, 769, 452, 412, 90, 981, 799, 619, 434, 488, 683, 310, 912, 20, 248, 155, 574, 16, 990, 489, 685, 557, 983, 427, 203, 840, 716, 846, 895, 855, 789, 286, 565, 918, 134, 698, 581, 70]
[883, 501, 793, 364, 402, 267, 340, 443, 0, 833, 756, 292, 979, 248, 772, 623, 843, 669, 921, 77, 287, 485, 407, 441, 442, 271, 223, 577, 357, 37, 392, 332, 282, 143, 451, 870, 893, 900, 697, 384, 506, 998, 21, 19, 375, 198, 96, 296, 184, 414, 686, 887, 65, 927, 311, 852, 954, 394, 411, 671, 687, 729, 859, 592, 580, 85, 248, 788, 957, 637, 663, 834, 443, 918, 462, 454, 604, 684, 533, 898, 738, 578, 252, 644, 463, 899, 134, 515, 710, 966, 37, 283, 938, 380, 460, 750, 854, 502, 673, 837, 86, 460, 796, 698, 68, 587, 886, 658, 285, 609, 996, 97, 52, 215, 477, 841, 126, 378, 815, 18, 440, 788, 156, 560, 227, 619, 219, 555, 332, 552, 313, 619, 779, 724, 246, 675, 574, 228, 742, 935, 831, 839, 355, 593, 818, 364, 663, 110, 791, 404, 860, 730, 89, 294, 366, 127, 844, 476, 879, 565]
[470, 419, 374, 551, 748, 834, 891, 764, 833, 0, 425, 227, 386, 732, 837, 741, 962, 636, 78, 331, 219, 61, 242, 85, 58, 30, 529, 537, 562, 912, 625, 189, 386, 413, 856, 303, 503, 737, 304, 299, 463, 93, 426, 642, 551, 63, 345, 226, 708, 712, 728, 702, 566, 241, 291, 369, 298, 661, 130, 292, 706, 839, 268, 912, 76, 873, 791, 548, 495, 303, 216, 759, 384, 841, 146, 899, 576, 613, 974, 807, 540, 402, 549, 95, 592, 336, 422, 422, 552, 617, 133, 971, 307, 593, 595, 53, 172, 120, 17, 261, 669, 877, 709, 905, 777, 942, 57, 106, 712, 217, 357, 812, 777, 588, 644, 594, 790, 893, 721, 638, 769, 968, 849, 533, 366, 788, 601, 627, 527, 387, 770, 621, 910, 570, 152, 921, 179, 296, 392, 224, 537, 774, 854, 702, 343, 172, 991, 200, 799, 302, 374, 501, 454, 438, 207, 561, 115, 447, 625, 782]
[144, 617, 200, 807, 327, 864, 787, 172, 756, 425, 0, 276, 234, 63, 904, 71, 853, 433, 943, 727, 339, 721, 11, 906, 992, 362, 60, 224, 569, 262, 366, 192, 854, 977, 111, 967, 488, 755, 577, 944, 328, 941, 362, 15, 461, 398, 580, 532, 957, 378, 302, 668, 869, 463, 538, 997, 715, 858, 99, 467, 703, 346, 36, 255, 454, 350, 321, 271, 283, 701, 260, 568, 972, 963, 114, 474, 266, 107, 911, 159, 69, 892, 543, 670, 478, 544, 800, 125, 414, 693, 224, 863, 745, 951, 432, 20, 887, 358, 704, 107, 901, 331, 135, 517, 601, 422, 715, 433, 909, 685, 499, 238, 369, 722, 328, 331, 40, 583, 935, 19, 474, 566, 462, 662, 386, 819, 99, 76, 789, 861, 102, 385, 111, 181, 582, 739, 314, 795, 104, 662, 298, 907, 700, 956, 78, 486, 756, 85, 59, 423, 829, 594, 128, 495, 668, 611, 813, 476, 502, 963]
[430, 55, 440, 631, 719, 726, 440, 36, 292, 227, 276, 0, 628, 435, 721, 412, 672, 402, 979, 812, 226, 781, 155, 126, 199, 560, 572, 726, 622, 917, 323, 782, 232, 452, 548, 802, 98, 280, 708, 775, 471, 390, 204, 813, 112, 753, 391, 744, 896, 374, 796, 778, 103, 245, 922, 207, 587, 683, 910, 917, 659, 399, 749, 610, 783, 486, 876, 49, 556, 873, 404, 395, 24, 913, 111, 932, 509, 574, 353, 344, 870, 178, 251, 528, 242, 462, 425, 884, 782, 985, 138, 985, 370, 628, 494, 744, 588, 572, 245, 355, 120, 651, 185, 718, 33, 554, 834, 46, 35, 890, 441, 675, 607, 368, 850, 413, 936, 10, 981, 549, 82, 283, 819, 894, 608, 850, 900, 866, 413, 431, 942, 313, 872, 275, 34, 549, 30, 415, 831, 247, 527, 144, 185, 892, 214, 267, 187, 144, 981, 569, 75, 143, 701, 45, 713, 59, 364, 545, 653, 123]
[888, 937, 584, 435, 411, 705, 79, 718, 979, 386, 234, 628, 0, 995, 89, 81, 469, 404, 710, 783, 223, 961, 540, 473, 277, 513, 996, 750, 423, 490, 71, 621, 585, 888, 133, 309, 93, 660, 826, 670, 431, 47, 636, 954, 130, 23, 686, 363, 365, 325, 402, 424, 303, 855, 448, 774, 520, 607, 983, 888, 618, 671, 984, 974, 639, 588, 16, 175, 634, 586, 201, 741, 631, 838, 442, 986, 735, 65, 936, 454, 80, 539, 608, 515, 490, 317, 647, 16, 668, 549, 381, 557, 891, 915, 437, 321, 52, 294, 22, 121, 618, 365, 477, 169, 187, 580, 363, 75, 968, 16, 482, 325, 300, 549, 710, 252, 509, 78, 311, 284, 259, 769, 820, 940, 401, 296, 373, 449, 911, 343, 817, 754, 358, 529, 889, 455, 887, 453, 938, 313, 561, 620, 489, 666, 371, 163, 449, 265, 159, 273, 412, 300, 346, 638, 705, 723, 712, 590, 444, 757]
[226, 58, 724, 614, 838, 373, 312, 536, 248, 732, 63, 435, 995, 0, 500, 673, 364, 539, 417, 318, 532, 169, 742, 332, 733, 115, 746, 186, 847, 748, 376, 732, 830, 886, 312, 879, 709, 952, 123, 553, 544, 276, 239, 486, 961, 532, 642, 991, 321, 381, 483, 924, 154, 380, 475, 850, 231, 120, 967, 156, 708, 539, 892, 220, 22, 417, 331, 216, 751, 410, 170, 432, 656, 633, 426, 628, 743, 541, 452, 840, 644, 147, 406, 581, 564, 350, 236, 177, 272, 408, 665, 657, 997, 435, 806, 955, 829, 86, 542, 694, 566, 607, 752, 928, 600, 268, 234, 655, 906, 42, 290, 948, 689, 846, 307, 837, 489, 492, 100, 590, 684, 498, 810, 795, 403, 29, 585, 642, 299, 378, 628, 489, 198, 888, 56, 413, 88, 646, 295, 398, 567, 271, 427, 315, 732, 768, 316, 329, 630, 775, 96, 464, 104, 629, 652, 618, 495, 212, 498, 792]
[656, 870, 958, 246, 574, 438, 846, 714, 772, 837, 904, 721, 89, 500, 0, 670, 412, 731, 727, 260, 433, 967, 101, 82, 161, 746, 233, 546, 505, 430, 149, 195, 354, 870, 746, 504, 223, 928, 745, 311, 746, 604, 609, 382, 96, 119, 469, 813, 955, 707, 357, 953, 89, 18, 203, 292, 359, 376, 121, 833, 848, 926, 24, 112, 836, 331, 971, 637, 610, 57, 581, 796, 208, 682, 595, 128, 366, 411, 325, 189, 986, 100, 458, 392, 63, 244, 63, 226, 934, 518, 839, 794, 972, 697, 836, 10, 710, 527, 156, 958, 800, 933, 547, 909, 384, 590, 631, 26, 740, 654, 389, 891, 169, 829, 399, 936, 398, 764, 18, 827, 587, 983, 704, 174, 11, 766, 127, 877, 491, 558, 216, 520, 427, 840, 826, 21, 794, 703, 25, 456, 734, 921, 111, 182, 583, 108, 741, 234, 787, 139, 265, 352, 472, 354, 878, 514, 158, 670, 152, 470]
[210, 901, 263, 136, 927, 660, 296, 925, 623, 741, 71, 412, 81, 673, 670, 0, 553, 922, 516, 536, 91, 351, 634, 241, 411, 212, 822, 327, 942, 869, 611, 461, 677, 421, 12, 517, 696, 546, 100, 768, 762, 216, 685, 60, 691, 979, 478, 658, 130, 121, 98, 222, 325, 478, 716, 825, 302, 187, 292, 990, 918, 911, 80, 620, 904, 345, 755, 200, 907, 437, 180, 732, 204, 833, 222, 937, 265, 430, 94, 224, 479, 996, 537, 450, 732, 706, 885, 576, 856, 882, 264, 449, 835, 545, 838, 703, 258, 288, 312, 13, 919, 964, 765, 953, 406, 850, 661, 287, 662, 814, 617, 719, 567, 418, 996, 315, 591, 373, 157, 612, 742, 200, 595, 469, 430, 297, 528, 786, 929, 255, 852, 170, 334, 728, 263, 852, 842, 369, 405, 617, 170, 167, 843, 952, 536, 214, 888, 145, 241, 625, 688, 531, 994, 118, 738, 34, 859, 293, 821, 611]
[347, 707, 849, 502, 211, 248, 407, 611, 843, 962, 853, 672, 469, 364, 412, 553, 0, 525, 300, 515, 328, 22, 433, 102, 344, 593, 879, 687, 476, 864, 741, 246, 486, 198, 33, 32, 806, 239, 911, 493, 717, 77, 897, 370, 543, 160, 596, 433, 725, 440, 211, 506, 666, 820, 371, 345, 104, 930, 490, 980, 680, 843, 148, 264, 123, 938, 391, 732, 226, 488, 543, 998, 565, 200, 81, 974, 299, 808, 342, 407, 441, 721, 649, 950, 685, 75, 468, 319, 26, 216, 400, 636, 465, 231, 951, 945, 59, 164, 260, 101, 375, 333, 473, 955, 441, 191, 695, 452, 459, 668, 503, 963, 99, 606, 54, 148, 628, 698, 367, 397, 900, 305, 563, 720, 152, 900, 458, 129, 369, 135, 232, 854, 36, 350, 850, 840, 964, 900, 975, 309, 996, 573, 728, 102, 651, 596, 406, 738, 283, 877, 738, 165, 989, 495, 318, 687, 698, 491, 431, 71]
[795, 23, 174, 42, 928, 506, 954, 428, 669, 636, 433, 402, 404, 539, 731, 922, 525, 0, 759, 169, 915, 631, 796, 539, 784, 290, 545, 189, 237, 840, 911, 63, 344, 439, 710, 950, 40, 532, 815, 476, 681, 503, 988, 598, 88, 197, 672, 29, 852, 635, 194, 807, 15, 530, 173, 585, 199, 56, 568, 256, 314, 675, 465, 181, 872, 195, 424, 573, 360, 570, 918, 845, 316, 856, 44, 81, 659, 167, 792, 582, 655, 684, 92, 303, 931, 14, 352, 426, 784, 32, 167, 58, 719, 687, 79, 518, 626, 419, 832, 914, 454, 60, 576, 958, 125, 48, 311, 372, 99, 599, 889, 449, 315, 199, 752, 311, 520, 853, 690, 753, 921, 246, 516, 999, 905, 255, 109, 92, 388, 795, 729, 764, 444, 56, 815, 193, 458, 737, 242, 977, 827, 506, 29, 782, 721, 882, 262, 286, 254, 381, 852, 985, 429, 833, 410, 674, 671, 433, 564, 526]
[445, 71, 619, 568, 955, 761, 378, 407, 921, 78, 943, 979, 710, 417, 727, 516, 300, 759, 0, 737, 425, 808, 874, 787, 559, 368, 552, 547, 88, 351, 207, 88, 346, 507, 98, 805, 872, 864, 479, 937, 767, 139, 255, 718, 964, 407, 947, 210, 485, 660, 126, 875, 260, 28, 467, 301, 256, 879, 487, 794, 853, 102, 772, 945, 71, 872, 54, 380, 856, 381, 34, 738, 738, 659, 779, 159, 123, 173, 460, 420, 678, 178, 296, 655, 60, 285, 677, 493, 31, 630, 647, 597, 451, 469, 930, 509, 809, 596, 710, 906, 866, 452, 175, 680, 557, 746, 25, 605, 562, 914, 120, 864, 122, 676, 702, 221, 797, 705, 217, 316, 437, 157, 129, 628, 504, 439, 591, 17, 726, 596, 575, 138, 409, 948, 58, 98, 642, 604, 583, 891, 709, 314, 100, 65, 225, 596, 466, 343, 985, 575, 334, 163, 904, 843, 847, 844, 625, 242, 647, 53]
[560, 359, 645, 975, 798, 173, 243, 998, 77, 331, 727, 812, 783, 318, 260, 536, 515, 169, 737, 0, 241, 78, 482, 31, 299, 795, 200, 398, 498, 143, 630, 626, 535, 603, 134, 128, 90, 842, 180, 28, 460, 746, 222, 499, 32, 768, 474, 451, 570, 492, 426, 737, 658, 480, 723, 911, 458, 605, 288, 792, 829, 506, 901, 516, 466, 969, 534, 538, 902, 763, 590, 438, 830, 291, 284, 273, 805, 973, 344, 437, 893, 415, 579, 981, 886, 23, 173, 190, 464, 877, 477, 37, 118, 308, 482, 695, 493, 128, 573, 548, 395, 671, 78, 211, 256, 89, 833, 866, 221, 606, 403, 264, 221, 38, 807, 305, 568, 383, 580, 537, 52, 556, 713, 558, 868, 417, 97, 785, 898, 341, 379, 761, 497, 428, 574, 383, 688, 128, 488, 652, 845, 309, 370, 125, 186, 234, 219, 107, 772, 765, 555, 617, 401, 860, 463, 393, 393, 133, 973, 55]
[137, 405, 917, 954, 868, 809, 575, 482, 287, 219, 339, 226, 223, 532, 433, 91, 328, 915, 425, 241, 0, 291, 25, 996, 510, 434, 778, 388, 673, 86, 762, 341, 678, 147, 727, 531, 738, 197, 808, 926, 506, 847, 338, 231, 886, 770, 731, 828, 164, 770, 868, 472, 971, 84, 422, 317, 917, 868, 214, 407, 22, 782, 45, 783, 821, 917, 573, 954, 263, 275, 944, 666, 113, 767, 890, 514, 265, 838, 733, 557, 737, 514, 479, 114, 246, 372, 592, 731, 848, 75, 667, 756, 952, 796, 300, 240, 885, 109, 981, 294, 758, 648, 420, 159, 622, 802, 868, 815, 91, 178, 400, 261, 130, 194, 194, 247, 980, 520, 402, 336, 984, 481, 717, 474, 78, 535, 746, 659, 1000, 574, 262, 298, 533, 61, 914, 753, 599, 70, 995, 434, 110, 681, 814, 760, 401, 61, 22, 518, 432, 588, 607, 225, 493, 170, 102, 296, 577, 886, 438, 699]
[809, 46, 465, 783, 80, 321, 234, 884, 485, 61, 721, 781, 961, 169, 967, 351, 22, 631, 808, 78, 291, 0, 947, 617, 396, 602, 478, 213, 273, 472, 355, 374, 54, 471, 308, 967, 103, 178, 101, 690, 240, 728, 502, 218, 459, 891, 360, 699, 977, 601, 886, 574, 70, 261, 512, 985, 199, 675, 776, 125, 371, 627, 399, 488, 223, 390, 498, 326, 514, 911, 965, 558, 526, 934, 113, 945, 501, 827, 446, 406, 458, 374, 464, 288, 590, 865, 833, 983, 876, 159, 617, 966, 991, 609, 812, 215, 174, 540, 464, 520, 329, 943, 259, 438, 487, 124, 399, 875, 307, 785, 865, 103, 96, 28, 108, 62, 874, 181, 839, 910, 736, 338, 450, 692, 782, 221, 161, 872, 895, 784, 670, 409, 668, 136, 258, 258, 401, 404, 495, 444, 36, 734, 986, 868, 432, 739, 192, 19, 759, 749, 839, 812, 754, 733, 624, 823, 834, 724, 372, 161]
[284, 45, 955, 823, 669, 14, 701, 583, 407, 242, 11, 155, 540, 742, 101, 634, 433, 796, 874, 482, 25, 947, 0, 796, 582, 271, 125, 600, 39, 75, 284, 873, 633, 749, 466, 877, 347, 574, 54, 714, 695, 349, 684, 205, 237, 399, 159, 874, 752, 775, 324, 576, 43, 407, 370, 253, 21, 714, 323, 295, 148, 726, 559, 892, 685, 584, 551, 446, 867, 69, 536, 955, 189, 143, 408, 443, 857, 283, 760, 628, 190, 308, 437, 898, 557, 165, 210, 299, 308, 537, 86, 460, 361, 180, 694, 152, 293, 365, 244, 267, 955, 563, 501, 34, 568, 109, 687, 239, 745, 757, 289, 294, 187, 974, 731, 350, 161, 102, 476, 527, 662, 41, 893, 133, 203, 40, 211, 741, 375, 567, 524, 999, 286, 802, 307, 21, 222, 719, 508, 902, 819, 406, 825, 511, 949, 609, 686, 377, 561, 874, 495, 631, 659, 57, 663, 105, 200, 254, 97, 783]
[630, 287, 827, 480, 204, 237, 950, 904, 441, 85, 906, 126, 473, 332, 82, 241, 102, 539, 787, 31, 996, 617, 796, 0, 440, 226, 892, 406, 423, 511, 187, 974, 613, 857, 274, 983, 101, 934, 560, 660, 522, 657, 907, 164, 768, 543, 667, 149, 33, 404, 413, 621, 635, 395, 388, 680, 968, 804, 448, 212, 295, 528, 361, 878, 367, 482, 678, 872, 357, 37, 948, 412, 833, 264, 406, 893, 208, 961, 877, 70, 558, 617, 909, 795, 642, 456, 784, 184, 658, 642, 16, 694, 908, 142, 797, 419, 346, 577, 620, 76, 537, 287, 107, 193, 320, 679, 379, 684, 60, 922, 161, 687, 415, 923, 562, 139, 639, 748, 282, 567, 171, 327, 387, 205, 246, 825, 857, 901, 110, 437, 758, 985, 852, 49, 582, 46, 994, 63, 642, 354, 985, 297, 444, 569, 742, 310, 651, 855, 862, 453, 448, 803, 81, 982, 881, 449, 56, 129, 99, 964]
[133, 50, 477, 65, 717, 910, 858, 54, 442, 58, 992, 199, 277, 733, 161, 411, 344, 784, 559, 299, 510, 396, 582, 440, 0, 795, 997, 84, 677, 626, 184, 276, 406, 778, 370, 91, 60, 84, 235, 742, 390, 638, 465, 662, 933, 770, 795, 461, 234, 42, 793, 252, 931, 116, 357, 484, 806, 683, 900, 848, 658, 240, 268, 400, 757, 235, 802, 571, 92, 150, 782, 329, 305, 625, 103, 736, 191, 673, 213, 670, 823, 802, 935, 232, 204, 794, 419, 473, 330, 357, 943, 438, 750, 485, 525, 715, 122, 568, 614, 66, 725, 506, 736, 453, 999, 192, 936, 1000, 995, 791, 14, 646, 913, 157, 936, 851, 457, 69, 142, 940, 176, 806, 40, 700, 289, 231, 950, 557, 436, 226, 888, 658, 564, 427, 165, 856, 720, 75, 590, 405, 929, 609, 80, 154, 658, 960, 331, 177, 152, 740, 217, 921, 412, 311, 757, 301, 737, 710, 824, 263]
[144, 281, 234, 852, 611, 922, 466, 163, 271, 30, 362, 560, 513, 115, 746, 212, 593, 290, 368, 795, 434, 602, 271, 226, 795, 0, 149, 220, 607, 753, 257, 574, 462, 58, 300, 41, 769, 422, 824, 458, 367, 460, 599, 710, 782, 354, 399, 354, 607, 497, 597, 477, 618, 801, 271, 560, 281, 479, 348, 885, 221, 996, 28, 900, 103, 530, 215, 519, 987, 555, 178, 53, 741, 280, 338, 854, 151, 731, 299, 92, 937, 441, 752, 312, 437, 99, 990, 480, 521, 983, 858, 648, 105, 721, 536, 590, 87, 980, 87, 398, 46, 801, 865, 870, 45, 825, 760, 420, 333, 20, 590, 488, 771, 487, 124, 678, 508, 262, 603, 73, 413, 403, 752, 795, 893, 522, 811, 858, 513, 887, 103, 95, 16, 133, 838, 927, 744, 631, 68, 57, 684, 500, 774, 234, 909, 472, 644, 842, 494, 453, 526, 687, 987, 884, 336, 549, 574, 231, 516, 264]
[837, 354, 801, 987, 710, 961, 18, 642, 223, 529, 60, 572, 996, 746, 233, 822, 879, 545, 552, 200, 778, 478, 125, 892, 997, 149, 0, 871, 238, 24, 605, 615, 767, 83, 270, 755, 359, 154, 457, 884, 251, 631, 655, 286, 284, 890, 751, 911, 673, 714, 47, 471, 968, 530, 364, 151, 423, 870, 843, 877, 538, 355, 495, 579, 276, 191, 277, 316, 150, 126, 358, 674, 511, 250, 865, 499, 890, 550, 249, 432, 786, 344, 212, 559, 986, 377, 590, 207, 823, 468, 603, 341, 339, 742, 230, 751, 874, 541, 930, 400, 464, 418, 36, 184, 349, 141, 355, 301, 708, 761, 293, 488, 76, 603, 633, 208, 413, 226, 491, 777, 972, 355, 340, 778, 896, 366, 253, 841, 786, 585, 543, 395, 532, 786, 368, 24, 496, 504, 725, 97, 22, 688, 53, 296, 54, 142, 223, 281, 433, 274, 386, 609, 396, 508, 854, 241, 441, 870, 679, 941]
[168, 532, 429, 50, 233, 771, 13, 774, 577, 537, 224, 726, 750, 186, 546, 327, 687, 189, 547, 398, 388, 213, 600, 406, 84, 220, 871, 0, 557, 185, 546, 767, 1000, 538, 70, 813, 347, 112, 797, 318, 988, 882, 355, 331, 603, 811, 632, 946, 875, 976, 498, 390, 689, 34, 749, 247, 684, 199, 561, 857, 483, 736, 752, 462, 653, 433, 466, 916, 638, 723, 615, 139, 696, 509, 704, 210, 324, 395, 260, 456, 542, 498, 939, 712, 937, 805, 905, 722, 586, 304, 284, 216, 82, 599, 515, 970, 546, 812, 763, 255, 158, 931, 347, 839, 961, 459, 196, 769, 842, 256, 148, 189, 725, 549, 845, 632, 814, 323, 552, 389, 569, 968, 176, 400, 336, 848, 642, 575, 228, 970, 81, 65, 33, 838, 666, 298, 43, 220, 818, 760, 944, 70, 351, 128, 158, 86, 868, 802, 105, 444, 517, 71, 317, 434, 114, 130, 329, 550, 195, 21]
[899, 515, 714, 624, 250, 458, 809, 159, 357, 562, 569, 622, 423, 847, 505, 942, 476, 237, 88, 498, 673, 273, 39, 423, 677, 607, 238, 557, 0, 234, 297, 990, 333, 684, 992, 846, 732, 815, 969, 478, 947, 992, 561, 183, 429, 953, 740, 942, 667, 79, 31, 12, 696, 877, 516, 792, 618, 451, 436, 132, 121, 293, 322, 247, 926, 927, 248, 166, 848, 69, 790, 297, 864, 777, 376, 124, 431, 711, 696, 81, 875, 898, 174, 897, 782, 398, 453, 761, 973, 725, 746, 370, 490, 874, 345, 326, 898, 859, 91, 567, 698, 751, 753, 985, 592, 861, 670, 502, 587, 923, 51, 59, 186, 51, 775, 230, 649, 543, 483, 170, 16, 936, 34, 738, 291, 22, 109, 72, 10, 786, 738, 856, 873, 920, 842, 952, 113, 338, 707, 708, 361, 315, 850, 591, 832, 609, 105, 960, 427, 862, 768, 544, 460, 968, 399, 96, 651, 700, 743, 400]
[584, 742, 130, 665, 166, 47, 708, 13, 37, 912, 262, 917, 490, 748, 430, 869, 864, 840, 351, 143, 86, 472, 75, 511, 626, 753, 24, 185, 234, 0, 360, 883, 522, 749, 976, 666, 277, 115, 199, 408, 966, 177, 472, 820, 480, 79, 753, 477, 601, 592, 868, 104, 754, 845, 772, 791, 100, 584, 429, 375, 257, 100, 304, 36, 423, 697, 36, 43, 525, 251, 262, 86, 141, 986, 970, 32, 229, 52, 46, 286, 815, 592, 188, 370, 110, 361, 239, 835, 713, 341, 258, 990, 151, 19, 556, 321, 554, 736, 589, 149, 917, 93, 131, 307, 544, 316, 386, 99, 110, 62, 994, 941, 593, 530, 576, 546, 247, 797, 487, 33, 32, 266, 301, 677, 111, 463, 820, 961, 203, 225, 957, 466, 538, 843, 946, 21, 748, 952, 554, 464, 534, 727, 95, 699, 955, 421, 21, 450, 357, 28, 158, 424, 320, 218, 915, 433, 336, 822, 294, 10]
[219, 511, 219, 915, 655, 884, 535, 301, 392, 625, 366, 323, 71, 376, 149, 611, 741, 911, 207, 630, 762, 355, 284, 187, 184, 257, 605, 546, 297, 360, 0, 545, 678, 717, 426, 507, 591, 419, 953, 798, 899, 569, 277, 423, 323, 340, 139, 296, 196, 356, 768, 651, 579, 312, 592, 104, 944, 575, 65, 555, 725, 705, 102, 207, 751, 644, 655, 207, 417, 149, 805, 594, 599, 675, 849, 932, 236, 729, 599, 826, 415, 113, 771, 303, 548, 148, 686, 729, 886, 34, 184, 137, 356, 415, 62, 996, 618, 809, 655, 772, 899, 989, 719, 508, 853, 467, 683, 547, 461, 469, 494, 254, 473, 805, 978, 16, 302, 352, 19, 845, 630, 522, 391, 731, 346, 502, 858, 664, 712, 60, 935, 689, 293, 425, 679, 499, 419, 958, 947, 708, 795, 666, 960, 44, 264, 908, 744, 624, 393, 326, 259, 994, 342, 512, 476, 113, 741, 235, 845, 527]
[769, 971, 46, 951, 37, 657, 211, 355, 332, 189, 192, 782, 621, 732, 195, 461, 246, 63, 88, 626, 341, 374, 873, 974, 276, 574, 615, 767, 990, 883, 545, 0, 768, 132, 489, 902, 904, 678, 975, 517, 687, 816, 932, 999, 509, 134, 947, 384, 427, 497, 798, 443, 640, 828, 91, 374, 487, 101, 998, 137, 909, 190, 355, 582, 416, 919, 529, 345, 582, 839, 24, 156, 872, 734, 315, 799, 951, 604, 127, 927, 989, 94, 799, 636, 721, 904, 842, 863, 697, 670, 771, 988, 415, 328, 580, 767, 404, 862, 753, 165, 87, 166, 699, 769, 575, 371, 414, 590, 876, 586, 360, 965, 833, 433, 674, 14, 179, 837, 798, 907, 440, 963, 321, 271, 377, 96, 883, 930, 284, 743, 198, 44, 304, 631, 974, 887, 469, 880, 448, 362, 330, 302, 359, 646, 197, 271, 551, 538, 825, 409, 275, 578, 838, 638, 295, 481, 854, 37, 635, 289]
[230, 920, 903, 546, 796, 733, 923, 498, 282, 386, 854, 232, 585, 830, 354, 677, 486, 344, 346, 535, 678, 54, 633, 613, 406, 462, 767, 1000, 333, 522, 678, 768, 0, 691, 801, 995, 284, 984, 903, 92, 591, 333, 753, 444, 711, 955, 457, 448, 665, 553, 616, 612, 11, 495, 300, 228, 788, 852, 524, 59, 938, 904, 261, 207, 156, 507, 220, 678, 810, 882, 962, 402, 983, 39, 527, 752, 166, 542, 919, 780, 452, 374, 97, 16, 845, 320, 608, 386, 569, 850, 807, 826, 806, 412, 31, 381, 876, 288, 536, 798, 286, 664, 284, 294, 434, 372, 964, 646, 465, 411, 839, 774, 451, 970, 606, 220, 640, 532, 435, 465, 677, 197, 967, 208, 790, 489, 143, 646, 311, 652, 324, 954, 78, 353, 266, 800, 481, 552, 47, 717, 590, 977, 169, 592, 663, 841, 522, 485, 876, 549, 780, 468, 721, 76, 72, 447, 412, 76, 701, 318]
[440, 559, 558, 188, 277, 695, 835, 105, 143, 413, 977, 452, 888, 886, 870, 421, 198, 439, 507, 603, 147, 471, 749, 857, 778, 58, 83, 538, 684, 749, 717, 132, 691, 0, 559, 861, 486, 88, 85, 854, 115, 793, 206, 989, 887, 430, 847, 69, 702, 330, 98, 292, 241, 844, 146, 623, 644, 82, 377, 81, 186, 496, 609, 698, 90, 532, 517, 935, 825, 587, 302, 413, 295, 343, 372, 143, 264, 120, 135, 219, 669, 654, 463, 281, 290, 662, 901, 802, 918, 380, 254, 142, 860, 436, 1000, 889, 736, 427, 640, 646, 357, 337, 684, 558, 786, 371, 921, 684, 203, 55, 952, 353, 341, 31, 651, 792, 200, 105, 46, 566, 552, 890, 398, 580, 32, 92, 32, 383, 841, 644, 608, 937, 417, 117, 130, 19, 37, 957, 896, 152, 387, 333, 802, 233, 473, 192, 893, 538, 777, 884, 896, 333, 162, 423, 728, 971, 897, 139, 979, 931]
[750, 643, 386, 203, 184, 459, 894, 149, 451, 856, 111, 548, 133, 312, 746, 12, 33, 710, 98, 134, 727, 308, 466, 274, 370, 300, 270, 70, 992, 976, 426, 489, 801, 559, 0, 245, 251, 290, 632, 420, 414, 250, 329, 939, 355, 534, 79, 748, 632, 158, 642, 58, 26, 670, 875, 630, 95, 715, 405, 48, 218, 14, 167, 555, 990, 484, 553, 607, 141, 483, 118, 590, 391, 874, 855, 241, 828, 283, 720, 559, 886, 359, 367, 270, 968, 537, 106, 728, 106, 237, 790, 515, 307, 376, 74, 448, 142, 129, 608, 273, 175, 426, 980, 39, 954, 286, 256, 882, 911, 672, 71, 278, 76, 990, 372, 603, 486, 243, 766, 923, 953, 764, 638, 512, 40, 895, 70, 991, 545, 397, 887, 906, 489, 521, 632, 318, 42, 652, 77, 95, 32, 730, 429, 973, 825, 917, 550, 839, 236, 585, 240, 703, 332, 578, 256, 376, 383, 446, 36, 911]
[835, 819, 368, 762, 678, 335, 218, 571, 870, 303, 967, 802, 309, 879, 504, 517, 32, 950, 805, 128, 531, 967, 877, 983, 91, 41, 755, 813, 846, 666, 507, 902, 995, 861, 245, 0, 81, 975, 212, 56, 737, 474, 422, 917, 651, 317, 520, 520, 482, 814, 571, 615, 810, 139, 262, 759, 507, 281, 360, 564, 201, 865, 93, 693, 239, 471, 971, 384, 483, 124, 954, 524, 918, 712, 468, 252, 897, 611, 500, 216, 794, 911, 639, 406, 595, 323, 511, 430, 836, 764, 872, 844, 607, 868, 839, 81, 706, 272, 608, 161, 503, 985, 649, 104, 29, 692, 966, 636, 820, 837, 664, 27, 646, 400, 767, 302, 701, 939, 842, 451, 659, 228, 507, 494, 93, 250, 294, 352, 1000, 539, 72, 348, 39, 707, 394, 381, 179, 416, 674, 967, 35, 983, 499, 42, 559, 234, 354, 980, 835, 905, 880, 547, 75, 210, 152, 450, 921, 80, 616, 206]
[508, 438, 536, 37, 868, 483, 698, 669, 893, 503, 488, 98, 93, 709, 223, 696, 806, 40, 872, 90, 738, 103, 347, 101, 60, 769, 359, 347, 732, 277, 591, 904, 284, 486, 251, 81, 0, 728, 782, 122, 79, 603, 291, 161, 599, 676, 516, 415, 795, 862, 812, 249, 23, 630, 510, 779, 11, 359, 995, 853, 920, 749, 254, 392, 137, 783, 361, 558, 770, 804, 809, 966, 720, 932, 111, 553, 662, 469, 816, 202, 190, 62, 270, 284, 712, 350, 897, 441, 789, 901, 575, 643, 412, 207, 499, 615, 75, 147, 230, 672, 975, 679, 624, 544, 773, 468, 996, 258, 48, 168, 793, 877, 877, 470, 399, 523, 510, 862, 494, 770, 49, 563, 627, 354, 283, 344, 698, 518, 685, 587, 920, 421, 955, 381, 801, 443, 162, 546, 884, 859, 282, 175, 804, 67, 354, 102, 260, 313, 724, 657, 727, 929, 705, 552, 93, 364, 691, 89, 115, 642]
[613, 633, 92, 177, 951, 777, 215, 100, 900, 737, 755, 280, 660, 952, 928, 546, 239, 532, 864, 842, 197, 178, 574, 934, 84, 422, 154, 112, 815, 115, 419, 678, 984, 88, 290, 975, 728, 0, 424, 726, 775, 466, 881, 365, 959, 588, 105, 60, 952, 38, 411, 192, 333, 293, 134, 549, 162, 182, 510, 197, 199, 598, 606, 661, 190, 73, 829, 966, 69, 482, 336, 686, 773, 450, 333, 775, 204, 251, 123, 158, 750, 27, 340, 678, 889, 790, 839, 644, 162, 732, 850, 956, 781, 262, 309, 114, 119, 401, 327, 858, 657, 431, 306, 498, 240, 96, 651, 201, 176, 273, 974, 498, 506, 37, 283, 264, 499, 732, 337, 797, 379, 118, 859, 695, 946, 396, 646, 145, 90, 675, 786, 933, 151, 623, 194, 385, 734, 943, 756, 474, 683, 741, 468, 210, 663, 450, 997, 415, 788, 176, 325, 750, 451, 533, 548, 583, 577, 751, 456, 428]
[171, 477, 706, 61, 366, 26, 160, 939, 697, 304, 577, 708, 826, 123, 745, 100, 911, 815, 479, 180, 808, 101, 54, 560, 235, 824, 457, 797, 969, 199, 953, 975, 903, 85, 632, 212, 782, 424, 0, 597, 76, 551, 441, 157, 290, 23, 553, 311, 403, 814, 581, 805, 281, 852, 910, 394, 466, 261, 759, 131, 909, 11, 55, 914, 733, 379, 748, 790, 351, 909, 764, 719, 395, 36, 595, 996, 394, 658, 34, 312, 79, 978, 511, 751, 402, 310, 204, 437, 803, 470, 460, 197, 179, 50, 98, 271, 52, 327, 950, 710, 889, 591, 69, 431, 70, 214, 63, 484, 580, 193, 320, 345, 304, 951, 47, 969, 311, 323, 742, 980, 998, 240, 882, 906, 493, 764, 450, 286, 324, 681, 197, 789, 635, 513, 519, 246, 203, 955, 73, 185, 489, 901, 610, 439, 335, 975, 449, 912, 971, 483, 814, 140, 203, 319, 485, 809, 22, 266, 706, 472]
[492, 757, 226, 803, 247, 494, 529, 681, 384, 299, 944, 775, 670, 553, 311, 768, 493, 476, 937, 28, 926, 690, 714, 660, 742, 458, 884, 318, 478, 408, 798, 517, 92, 854, 420, 56, 122, 726, 597, 0, 464, 46, 229, 333, 608, 262, 840, 295, 214, 870, 934, 448, 556, 40, 313, 628, 625, 146, 913, 648, 831, 253, 690, 622, 811, 206, 727, 803, 197, 585, 517, 371, 850, 349, 158, 982, 955, 78, 691, 893, 824, 318, 588, 736, 897, 852, 355, 792, 418, 111, 538, 742, 670, 260, 317, 488, 710, 336, 1000, 468, 873, 520, 674, 723, 334, 998, 390, 316, 542, 129, 207, 754, 747, 941, 184, 822, 772, 169, 127, 886, 508, 329, 175, 142, 810, 413, 958, 877, 694, 281, 372, 791, 174, 717, 771, 608, 148, 453, 174, 935, 563, 88, 766, 682, 472, 871, 43, 259, 425, 417, 910, 766, 324, 263, 110, 779, 947, 913, 721, 486]
[565, 67, 46, 664, 430, 547, 301, 935, 506, 463, 328, 471, 431, 544, 746, 762, 717, 681, 767, 460, 506, 240, 695, 522, 390, 367, 251, 988, 947, 966, 899, 687, 591, 115, 414, 737, 79, 775, 76, 464, 0, 672, 155, 462, 777, 116, 689, 474, 265, 286, 700, 492, 837, 800, 370, 953, 850, 551, 145, 505, 404, 625, 88, 780, 481, 851, 150, 273, 61, 339, 774, 461, 426, 500, 623, 547, 546, 402, 461, 314, 487, 269, 61, 472, 456, 777, 80, 701, 695, 631, 962, 150, 321, 935, 96, 372, 763, 766, 229, 378, 175, 933, 167, 546, 976, 606, 292, 67, 55, 115, 179, 840, 460, 174, 743, 14, 507, 186, 435, 134, 246, 758, 936, 307, 484, 497, 584, 502, 882, 448, 180, 963, 446, 377, 454, 383, 628, 602, 577, 559, 450, 342, 370, 30, 563, 233, 280, 896, 710, 158, 665, 556, 147, 42, 411, 464, 190, 183, 30, 649]
[618, 177, 439, 375, 423, 518, 99, 193, 998, 93, 941, 390, 47, 276, 604, 216, 77, 503, 139, 746, 847, 728, 349, 657, 638, 460, 631, 882, 992, 177, 569, 816, 333, 793, 250, 474, 603, 466, 551, 46, 672, 0, 323, 375, 201, 208, 328, 441, 469, 717, 351, 757, 906, 451, 830, 988, 601, 383, 202, 705, 536, 884, 193, 952, 495, 322, 435, 386, 805, 727, 844, 913, 866, 952, 458, 733, 408, 551, 883, 988, 863, 320, 52, 723, 107, 20, 237, 893, 871, 294, 21, 498, 746, 147, 68, 875, 981, 790, 389, 617, 648, 510, 183, 476, 105, 221, 166, 497, 574, 75, 771, 770, 98, 258, 100, 279, 855, 983, 614, 80, 951, 495, 997, 300, 344, 879, 389, 568, 518, 285, 930, 29, 465, 540, 251, 440, 541, 858, 306, 544, 903, 88, 605, 580, 487, 925, 248, 575, 560, 459, 237, 92, 627, 974, 977, 422, 848, 194, 337, 298]
[190, 619, 812, 687, 63, 108, 829, 533, 21, 426, 362, 204, 636, 239, 609, 685, 897, 988, 255, 222, 338, 502, 684, 907, 465, 599, 655, 355, 561, 472, 277, 932, 753, 206, 329, 422, 291, 881, 441, 229, 155, 323, 0, 649, 59, 385, 294, 517, 761, 24, 708, 629, 994, 808, 957, 717, 243, 721, 87, 678, 258, 629, 272, 253, 645, 655, 139, 857, 643, 590, 594, 656, 513, 780, 221, 455, 31, 751, 407, 635, 414, 156, 133, 374, 468, 624, 323, 517, 710, 683, 730, 313, 460, 911, 638, 89, 946, 339, 363, 168, 87, 962, 24, 947, 27, 994, 933, 356, 10, 986, 923, 295, 366, 41, 609, 857, 241, 793, 785, 594, 838, 912, 171, 738, 354, 522, 584, 125, 699, 257, 96, 914, 441, 523, 238, 913, 388, 501, 49, 824, 923, 796, 149, 652, 638, 44, 301, 204, 709, 184, 355, 753, 468, 165, 608, 45, 437, 840, 72, 670]
[807, 85, 356, 573, 345, 765, 531, 74, 19, 642, 15, 813, 954, 486, 382, 60, 370, 598, 718, 499, 231, 218, 205, 164, 662, 710, 286, 331, 183, 820, 423, 999, 444, 989, 939, 917, 161, 365, 157, 333, 462, 375, 649, 0, 674, 483, 468, 467, 200, 164, 321, 17, 74, 292, 832, 445, 619, 801, 540, 641, 881, 798, 323, 65, 337, 770, 50, 586, 754, 739, 98, 53, 159, 695, 709, 275, 533, 717, 816, 664, 959, 846, 948, 855, 257, 934, 213, 748, 191, 362, 984, 846, 750, 954, 284, 924, 324, 820, 860, 795, 272, 84, 631, 628, 181, 642, 276, 301, 471, 304, 931, 563, 290, 435, 378, 735, 982, 81, 109, 89, 558, 102, 634, 132, 338, 478, 470, 922, 70, 129, 566, 848, 736, 470, 719, 984, 643, 481, 544, 497, 243, 337, 402, 282, 350, 210, 333, 821, 789, 782, 80, 257, 172, 824, 990, 74, 456, 863, 387, 78]
[455, 318, 665, 247, 273, 677, 654, 210, 375, 551, 461, 112, 130, 961, 96, 691, 543, 88, 964, 32, 886, 459, 237, 768, 933, 782, 284, 603, 429, 480, 323, 509, 711, 887, 355, 651, 599, 959, 290, 608, 777, 201, 59, 674, 0, 508, 136, 554, 275, 592, 122, 985, 621, 453, 334, 71, 185, 276, 928, 211, 189, 387, 568, 564, 13, 460, 521, 471, 403, 567, 643, 241, 51, 110, 428, 443, 766, 707, 434, 528, 494, 336, 420, 221, 39, 602, 397, 848, 101, 526, 658, 835, 966, 598, 227, 412, 68, 348, 52, 494, 353, 687, 460, 19, 972, 55, 867, 676, 337, 136, 873, 371, 244, 277, 384, 44, 218, 942, 590, 426, 191, 137, 551, 596, 134, 725, 848, 385, 107, 931, 565, 780, 599, 41, 678, 302, 292, 220, 193, 976, 211, 85, 768, 821, 383, 363, 953, 136, 391, 863, 613, 303, 735, 430, 145, 17, 945, 611, 953, 788]
[841, 267, 464, 859, 942, 94, 903, 478, 198, 63, 398, 753, 23, 532, 119, 979, 160, 197, 407, 768, 770, 891, 399, 543, 770, 354, 890, 811, 953, 79, 340, 134, 955, 430, 534, 317, 676, 588, 23, 262, 116, 208, 385, 483, 508, 0, 317, 692, 92, 572, 424, 415, 461, 517, 373, 321, 41, 857, 500, 483, 679, 856, 38, 829, 253, 60, 590, 935, 647, 990, 869, 468, 279, 494, 84, 961, 295, 93, 229, 41, 555, 608, 288, 929, 608, 197, 923, 365, 822, 228, 660, 258, 783, 772, 412, 184, 963, 463, 394, 749, 555, 821, 859, 191, 362, 295, 759, 32, 388, 593, 202, 61, 751, 465, 985, 710, 976, 392, 60, 255, 101, 681, 222, 838, 84, 638, 960, 241, 854, 260, 953, 246, 222, 845, 406, 481, 927, 710, 443, 221, 993, 541, 270, 530, 982, 68, 867, 944, 648, 595, 178, 156, 425, 508, 92, 246, 730, 534, 70, 883]
[536, 528, 649, 218, 114, 153, 867, 631, 96, 345, 580, 391, 686, 642, 469, 478, 596, 672, 947, 474, 731, 360, 159, 667, 795, 399, 751, 632, 740, 753, 139, 947, 457, 847, 79, 520, 516, 105, 553, 840, 689, 328, 294, 468, 136, 317, 0, 601, 987, 877, 682, 349, 96, 745, 720, 871, 430, 964, 91, 632, 751, 764, 497, 298, 261, 732, 944, 403, 38, 892, 518, 261, 381, 299, 183, 607, 364, 942, 883, 312, 20, 717, 596, 725, 860, 424, 838, 140, 560, 903, 759, 917, 409, 807, 55, 117, 633, 245, 149, 948, 584, 100, 303, 508, 539, 396, 537, 409, 146, 43, 767, 524, 75, 379, 503, 718, 510, 807, 466, 86, 612, 753, 792, 865, 601, 295, 609, 492, 324, 676, 489, 756, 162, 237, 563, 70, 479, 974, 65, 168, 225, 168, 516, 993, 627, 83, 314, 442, 49, 942, 524, 852, 965, 567, 959, 73, 94, 627, 819, 265]
[767, 978, 353, 190, 213, 150, 753, 419, 296, 226, 532, 744, 363, 991, 813, 658, 433, 29, 210, 451, 828, 699, 874, 149, 461, 354, 911, 946, 942, 477, 296, 384, 448, 69, 748, 520, 415, 60, 311, 295, 474, 441, 517, 467, 554, 692, 601, 0, 630, 833, 315, 482, 752, 514, 358, 266, 44, 460, 396, 909, 690, 239, 784, 253, 792, 362, 751, 167, 415, 954, 152, 183, 879, 704, 234, 537, 819, 520, 257, 635, 662, 601, 761, 415, 142, 980, 686, 26, 53, 796, 97, 601, 181, 663, 138, 650, 902, 356, 154, 441, 869, 19, 306, 851, 255, 98, 953, 414, 610, 486, 346, 170, 263, 839, 447, 391, 333, 192, 713, 575, 560, 22, 517, 48, 933, 98, 540, 654, 587, 277, 606, 903, 276, 249, 30, 548, 920, 173, 202, 894, 25, 846, 390, 649, 518, 615, 382, 432, 811, 747, 945, 975, 118, 913, 877, 606, 356, 693, 829, 189]
[170, 588, 489, 53, 806, 169, 384, 764, 184, 708, 957, 896, 365, 321, 955, 130, 725, 852, 485, 570, 164, 977, 752, 33, 234, 607, 673, 875, 667, 601, 196, 427, 665, 702, 632, 482, 795, 952, 403, 214, 265, 469, 761, 200, 275, 92, 987, 630, 0, 490, 700, 128, 416, 551, 547, 240, 89, 371, 828, 770, 684, 241, 414, 501, 870, 529, 504, 450, 600, 670, 193, 165, 453, 764, 749, 707, 729, 551, 481, 730, 583, 905, 783, 77, 820, 975, 72, 420, 953, 390, 324, 541, 224, 152, 467, 104, 818, 252, 771, 721, 456, 945, 427, 328, 926, 607, 964, 542, 939, 414, 75, 972, 29, 186, 183, 373, 632, 926, 542, 93, 737, 234, 821, 81, 77, 426, 45, 725, 400, 282, 604, 215, 492, 279, 862, 737, 642, 286, 906, 832, 652, 519, 749, 636, 660, 330, 712, 420, 718, 803, 817, 666, 224, 160, 207, 198, 623, 317, 765, 111]
[748, 600, 302, 959, 720, 975, 116, 632, 414, 712, 378, 374, 325, 381, 707, 121, 440, 635, 660, 492, 770, 601, 775, 404, 42, 497, 714, 976, 79, 592, 356, 497, 553, 330, 158, 814, 862, 38, 814, 870, 286, 717, 24, 164, 592, 572, 877, 833, 490, 0, 303, 979, 14, 869, 974, 707, 556, 599, 691, 60, 542, 76, 273, 791, 211, 272, 784, 747, 159, 593, 525, 848, 384, 48, 595, 872, 263, 445, 480, 141, 374, 481, 737, 549, 196, 422, 26, 681, 348, 119, 192, 129, 179, 747, 350, 287, 206, 814, 441, 479, 473, 588, 47, 579, 484, 593, 347, 342, 799, 501, 215, 16, 33, 384, 287, 535, 724, 625, 415, 882, 554, 933, 810, 987, 313, 781, 476, 655, 827, 877, 354, 233, 18, 148, 310, 935, 782, 878, 997, 203, 808, 10, 603, 687, 683, 316, 858, 718, 298, 221, 251, 682, 744, 52, 75, 778, 556, 882, 205, 590]
[53, 686, 286, 23, 314, 260, 733, 685, 686, 728, 302, 796, 402, 483, 357, 98, 211, 194, 126, 426, 868, 886, 324, 413, 793, 597, 47, 498, 31, 868, 768, 798, 616, 98, 642, 571, 812, 411, 581, 934, 700, 351, 708, 321, 122, 424, 682, 315, 700, 303, 0, 483, 445, 168, 745, 133, 137, 204, 967, 185, 277, 834, 91, 558, 683, 788, 171, 918, 533, 672, 34, 768, 973, 73, 460, 170, 237, 434, 746, 263, 199, 604, 427, 291, 92, 418, 956, 147, 184, 333, 881, 901, 943, 761, 214, 188, 855, 435, 947, 720, 241, 18, 629, 856, 883, 481, 590, 74, 666, 514, 276, 529, 763, 151, 794, 760, 857, 951, 508, 440, 123, 632, 118, 694, 992, 37, 308, 152, 144, 195, 667, 426, 442, 58, 348, 975, 40, 522, 242, 329, 881, 39, 120, 30, 124, 761, 680, 279, 561, 578, 276, 634, 381, 476, 953, 868, 478, 693, 994, 436]
