[0, 220, 47, 531, 806, 894, 579, 86, 550, 331, 606, 45, 362, 516, 175, 767, 641, 74, 136, 34, 553, 961, 932, 668, 744, 246, 100, 426, 768, 604, 493, 624, 635, 12, 534, 799, 551, 767, 338, 813, 158, 992, 189, 157, 875, 89, 407, 547, 800, 276, 266, 704, 447, 648, 822, 395, 573, 427, 807, 17, 98, 844, 460, 355, 958, 241, 262, 728, 472, 665, 730, 45, 443, 369, 129, 218, 739, 151, 318, 268, 784, 61, 814, 280, 887, 531, 292, 645, 221, 679, 853, 879, 315, 335, 342, 163, 871, 587, 216, 78],
[220, 0, 294, 929, 693, 82, 443, 834, 561, 638, 862, 497, 747, 383, 596, 222, 185, 52, 643, 690, 817, 252, 842, 959, 354, 274, 407, 562, 212, 406, 116, 361, 622, 953, 915, 400, 750, 364, 325, 465, 610, 917, 407, 720, 981, 238, 695, 205, 990, 976, 551, 726, 725, 433, 48, 714, 644, 830, 664, 812, 409, 887, 24, 742, 603, 233, 619, 445, 538, 953, 998, 862, 441, 330, 660, 874, 813, 545, 241, 142, 207, 906, 623, 210, 530, 243, 758, 828, 260, 392, 255, 159, 887, 290, 494, 282, 88, 919, 254, 444],
[47, 294, 0, 985, 353, 562, 180, 430, 182, 559, 557, 330, 332, 334, 529, 212, 586, 720, 421, 791, 972, 546, 201, 43, 225, 996, 956, 249, 301, 408, 533, 733, 386, 281, 714, 933, 414, 61, 306, 85, 368, 762, 504, 382, 26, 339, 763, 113, 953, 525, 442, 75, 707, 183, 45, 282, 838, 146, 493, 202, 580, 633, 362, 313, 122, 478, 634, 313, 160, 716, 976, 327, 879, 703, 332, 170, 160, 149, 818, 410, 29, 422, 940, 492, 422, 710, 35, 831, 226, 81, 304, 927, 332, 520, 442, 905, 985, 247, 732, 782],
[531, 929, 985, 0, 894, 878, 793, 264, 135, 398, 953, 211, 254, 748, 100, 973, 836, 962, 16, 631, 754, 812, 768, 289, 694, 762, 621, 311, 222, 242, 373, 654, 142, 683, 327, 879, 662, 284, 532, 672, 527, 622, 946, 274, 66, 991, 284, 239, 53, 680, 924, 198, 229, 892, 611, 336, 396, 249, 386, 706, 535, 360, 746, 38, 925, 839, 610, 130, 171, 628, 149, 620, 895, 539, 831, 799, 814, 537, 527, 80, 42, 312, 947, 180, 91, 34, 272, 664, 715, 797, 998, 193, 199, 20, 694, 783, 605, 516, 272, 586],
[806, 693, 353, 894, 0, 728, 193, 18, 852, 646, 843, 729, 214, 462, 226, 440, 137, 650, 711, 437, 759, 636, 722, 342, 278, 865, 158, 672, 360, 14, 16, 141, 479, 753, 517, 452, 199, 12, 136, 858, 277, 25, 372, 966, 862, 324, 696, 276, 457, 546, 434, 561, 148, 926, 778, 838, 863, 709, 542, 146, 317, 302, 572, 38, 783, 107, 650, 278, 848, 100, 912, 940, 555, 888, 110, 539, 648, 27, 155, 38, 267, 166, 912, 59, 926, 254, 386, 179, 607, 417, 200, 976, 300, 44, 690, 393, 147, 312, 531, 88],
[894, 82, 562, 878, 728, 0, 223, 722, 185, 650, 543, 169, 244, 309, 924, 946, 839, 811, 307, 127, 452, 459, 319, 361, 45, 139, 298, 268, 344, 700, 480, 476, 962, 833, 550, 914, 211, 13, 33, 866, 33, 699, 887, 521, 403, 284, 630, 726, 24, 546, 196, 416, 514, 193, 702, 452, 46, 716, 302, 726, 776, 908, 40, 872, 27, 442, 681, 762, 676, 534, 566, 899, 265, 237, 803, 924, 852, 477, 222, 601, 94, 760, 515, 551, 87, 169, 983, 278, 134, 217, 200, 959, 237, 475, 209, 51, 956, 642, 714, 486],
[579, 443, 180, 793, 193, 223, 0, 15, 313, 640, 946, 94, 824, 335, 566, 136, 26, 284, 267, 649, 916, 49, 19, 171, 73, 24, 413, 682, 775, 778, 982, 887, 118, 151, 998, 862, 469, 234, 799, 460, 219, 608, 908, 282, 819, 514, 938, 549, 192, 940, 797, 632, 211, 94, 880, 479, 947, 349, 265, 736, 435, 104, 36, 50, 322, 205, 519, 630, 875, 175, 722, 511, 591, 238, 283, 993, 483, 748, 160, 92, 597, 546, 876, 821, 180, 536, 262, 620, 339, 120, 863, 833, 565, 557, 452, 387, 517, 443, 212, 424],
[86, 834, 430, 264, 18, 722, 15, 0, 60, 473, 964, 164, 471, 429, 611, 978, 376, 839, 256, 84, 771, 41, 912, 861, 169, 94, 967, 312, 539, 169, 828, 937, 430, 302, 62, 768, 389, 346, 771, 988, 427, 809, 455, 653, 165, 770, 313, 599, 925, 434, 382, 250, 477, 254, 864, 193, 120, 37, 590, 73, 596, 122, 712, 455, 161, 722, 985, 592, 111, 287, 258, 200, 425, 422, 957, 112, 16, 895, 219, 136, 739, 109, 151, 669, 677, 29, 548, 230, 198, 418, 472, 178, 99, 879, 216, 974, 33, 439, 206, 464],
[550, 561, 182, 135, 852, 185, 313, 60, 0, 767, 777, 550, 317, 91, 388, 803, 435, 444, 306, 713, 741, 240, 916, 511, 35, 591, 311, 995, 994, 841, 839, 155, 104, 486, 678, 353, 209, 506, 238, 289, 480, 454, 645, 22, 821, 436, 624, 851, 616, 391, 291, 923, 523, 24, 937, 421, 108, 881, 546, 97, 275, 146, 325, 869, 924, 751, 305, 99, 634, 870, 491, 143, 39, 955, 667, 626, 31, 536, 622, 872, 423, 721, 659, 293, 675, 90, 93, 811, 871, 191, 272, 723, 521, 596, 497, 421, 405, 249, 47, 638],
[331, 638, 559, 398, 646, 650, 640, 473, 767, 0, 410, 744, 917, 243, 326, 56, 277, 66, 509, 140, 99, 547, 379, 653, 798, 98, 963, 750, 258, 264, 48, 469, 269, 488, 337, 384, 189, 446, 212, 662, 752, 410, 248, 775, 486, 667, 559, 983, 802, 379, 731, 947, 495, 485, 75, 122, 507, 347, 268, 637, 966, 68, 918, 316, 200, 199, 364, 847, 272, 455, 569, 406, 736, 105, 573, 425, 934, 693, 491, 580, 743, 122, 236, 819, 718, 590, 751, 710, 280, 263, 475, 898, 514, 391, 963, 997, 976, 140, 726, 657],
[606, 862, 557, 953, 843, 543, 946, 964, 777, 410, 0, 688, 637, 129, 641, 878, 402, 141, 1000, 63, 81, 732, 224, 40, 152, 991, 17, 728, 85, 552, 883, 311, 632, 235, 201, 28, 540, 929, 57, 288, 320, 249, 433, 201, 529, 606, 550, 471, 979, 393, 517, 378, 179, 418, 646, 872, 470, 815, 498, 538, 430, 265, 103, 110, 972, 329, 725, 830, 438, 582, 465, 492, 267, 775, 906, 106, 52, 499, 132, 387, 633, 729, 741, 622, 999, 316, 846, 213, 204, 631, 200, 587, 282, 467, 168, 673, 877, 998, 412, 650],
[45, 497, 330, 211, 729, 169, 94, 164, 550, 744, 688, 0, 698, 570, 60, 271, 748, 767, 58, 133, 740, 322, 231, 396, 929, 17, 145, 882, 678, 511, 602, 883, 657, 638, 903, 216, 757, 278, 188, 882, 657, 476, 831, 529, 524, 144, 715, 422, 88, 188, 699, 755, 730, 267, 662, 477, 135, 18, 649, 798, 536, 111, 136, 284, 517, 136, 870, 882, 51, 284, 981, 781, 325, 854, 12, 385, 399, 868, 74, 258, 626, 946, 429, 700, 531, 808, 817, 566, 480, 734, 26, 46, 897, 975, 323, 796, 378, 214, 792, 615],
[362, 747, 332, 254, 214, 244, 824, 471, 317, 917, 637, 698, 0, 458, 676, 27, 608, 527, 313, 908, 574, 840, 626, 472, 28, 629, 380, 328, 635, 278, 543, 55, 124, 32, 35, 449, 199, 726, 655, 577, 207, 319, 454, 870, 214, 948, 359, 802, 930, 267, 252, 696, 660, 232, 450, 567, 247, 147, 812, 878, 345, 820, 239, 789, 112, 34, 465, 544, 266, 242, 335, 334, 261, 851, 579, 29, 31, 801, 39, 210, 67, 873, 360, 550, 329, 951, 218, 732, 231, 671, 140, 832, 71, 965, 780, 69, 494, 525, 530, 351],
[516, 383, 334, 748, 462, 309, 335, 429, 91, 243, 129, 570, 458, 0, 366, 814, 538, 814, 672, 706, 815, 309, 366, 516, 741, 685, 710, 561, 173, 796, 959, 882, 666, 24, 527, 673, 452, 592, 378, 228, 175, 226, 333, 769, 673, 993, 666, 571, 49, 302, 921, 403, 579, 761, 441, 732, 60, 465, 462, 84, 971, 745, 332, 211, 404, 789, 137, 954, 54, 21, 833, 469, 20, 278, 510, 243, 853, 417, 627, 779, 24, 744, 346, 421, 719, 541, 529, 561, 486, 380, 759, 858, 906, 964, 460, 26, 180, 156, 44, 823],
[175, 596, 529, 100, 226, 924, 566, 611, 388, 326, 641, 60, 676, 366, 0, 703, 10, 169, 393, 267, 824, 482, 160, 593, 706, 645, 139, 204, 461, 443, 266, 480, 496, 555, 988, 199, 92, 357, 553, 82, 737, 229, 98, 658, 256, 837, 980, 659, 451, 760, 627, 200, 740, 673, 395, 154, 240, 837, 554, 16, 598, 600, 911, 661, 942, 598, 269, 170, 378, 397, 841, 77, 150, 751, 554, 698, 448, 758, 190, 183, 625, 826, 191, 283, 250, 15, 298, 75, 864, 276, 397, 579, 453, 899, 293, 349, 258, 778, 834, 131],
[767, 222, 212, 973, 440, 946, 136, 978, 803, 56, 878, 271, 27, 814, 703, 0, 211, 399, 903, 869, 355, 765, 915, 707, 925, 806, 44, 77, 299, 421, 989, 742, 310, 217, 694, 170, 155, 40, 472, 139, 677, 196, 524, 455, 437, 172, 903, 926, 52, 435, 187, 294, 454, 648, 433, 522, 401, 629, 730, 581, 154, 236, 92, 482, 498, 576, 230, 787, 655, 309, 171, 326, 74, 481, 414, 199, 997, 950, 169, 235, 750, 454, 930, 716, 621, 865, 407, 515, 304, 894, 147, 454, 288, 455, 628, 694, 898, 213, 718, 421],
[641, 185, 586, 836, 137, 839, 26, 376, 435, 277, 402, 748, 608, 538, 10, 211, 0, 540, 297, 263, 17, 29, 179, 935, 732, 60, 536, 903, 790, 879, 856, 509, 639, 671, 952, 507, 596, 339, 114, 981, 996, 975, 457, 549, 743, 839, 937, 33, 625, 25, 710, 348, 647, 260, 999, 289, 465, 430, 149, 675, 285, 176, 34, 794, 27, 717, 729, 135, 91, 234, 702, 520, 874, 694, 85, 372, 308, 145, 567, 337, 875, 502, 483, 654, 478, 885, 631, 602, 246, 980, 533, 910, 104, 631, 564, 314, 938, 909, 857, 803],
[74, 52, 720, 962, 650, 811, 284, 839, 444, 66, 141, 767, 527, 814, 169, 399, 540, 0, 450, 844, 752, 338, 521, 933, 413, 812, 296, 675, 47, 627, 484, 600, 625, 242, 252, 466, 873, 69, 876, 439, 876, 234, 968, 383, 466, 834, 839, 786, 586, 559, 272, 819, 396, 469, 234, 242, 607, 710, 332, 871, 901, 953, 763, 600, 202, 510, 272, 339, 866, 742, 724, 571, 904, 780, 168, 203, 824, 751, 154, 916, 692, 985, 588, 497, 743, 474, 777, 558, 630, 310, 577, 848, 327, 787, 271, 858, 101, 961, 729, 139],
[136, 643, 421, 16, 711, 307, 267, 256, 306, 509, 1000, 58, 313, 672, 393, 903, 297, 450, 0, 107, 465, 545, 97, 35, 294, 968, 681, 341, 765, 44, 250, 76, 772, 973, 625, 735, 163, 648, 391, 626, 517, 409, 441, 623, 839, 438, 854, 484, 234, 80, 400, 453, 30, 74, 776, 639, 645, 177, 230, 744, 319, 855, 380, 854, 425, 749, 378, 320, 488, 136, 798, 844, 827, 425, 953, 435, 70, 271, 637, 706, 682, 45, 541, 176, 443, 975, 292, 178, 140, 445, 824, 901, 994, 806, 107, 71, 287, 655, 949, 121],
[34, 690, 791, 631, 437, 127, 649, 84, 713, 140, 63, 133, 908, 706, 267, 869, 263, 844, 107, 0, 708, 318, 906, 245, 20, 140, 940, 836, 524, 29, 412, 152, 18, 11, 570, 314, 99, 806, 349, 282, 603, 727, 839, 779, 175, 679, 801, 814, 900, 990, 458, 673, 519, 752, 300, 316, 20, 845, 54, 541, 341, 237, 342, 580, 479, 68, 919, 125, 778, 238, 648, 350, 742, 196, 453, 600, 81, 229, 706, 443, 164, 996, 844, 129, 237, 12, 221, 884, 962, 240, 762, 102, 115, 493, 12, 992, 911, 944, 264, 886],
[553, 817, 972, 754, 759, 452, 916, 771, 741, 99, 81, 740, 574, 815, 824, 355, 17, 752, 465, 708, 0, 332, 683, 72, 935, 923, 455, 813, 540, 891, 325, 316, 687, 576, 700, 552, 97, 601, 696, 857, 576, 653, 152, 424, 837, 747, 157, 235, 864, 259, 429, 847, 533, 98, 207, 971, 600, 376, 648, 477, 780, 76, 221, 138, 936, 383, 456, 671, 444, 703, 248, 718, 420, 794, 131, 656, 274, 990, 334, 355, 864, 411, 829, 970, 163, 671, 330, 98, 995, 546, 12, 507, 57, 191, 332, 712, 583, 917, 508, 804],
[961, 252, 546, 812, 636, 459, 49, 41, 240, 547, 732, 322, 840, 309, 482, 765, 29, 338, 545, 318, 332, 0, 287, 333, 100, 775, 671, 884, 273, 769, 749, 429, 543, 591, 594, 537, 549, 799, 581, 684, 906, 416, 197, 144, 930, 641, 895, 424, 514, 860, 12, 433, 785, 397, 415, 63, 97, 953, 118, 143, 442, 953, 818, 634, 286, 251, 649, 857, 917, 622, 158, 155, 202, 365, 679, 205, 533, 363, 212, 303, 918, 374, 921, 691, 289, 526, 373, 520, 455, 806, 167, 354, 823, 205, 82, 102, 939, 640, 85, 899],
[932, 842, 201, 768, 722, 319, 19, 912, 916, 379, 224, 231, 626, 366, 160, 915, 179, 521, 97, 906, 683, 287, 0, 24, 460, 861, 913, 757, 395, 92, 37, 383, 831, 888, 586, 343, 163, 897, 531, 533, 394, 236, 849, 187, 647, 928, 506, 934, 238, 461, 163, 322, 235, 321, 576, 902, 723, 98, 483, 200, 351, 591, 487, 255, 331, 566, 745, 280, 483, 673, 353, 244, 213, 179, 473, 497, 152, 623, 388, 401, 17, 946, 602, 48, 903, 249, 916, 35, 468, 420, 408, 590, 391, 561, 488, 359, 20, 296, 93, 132],
[668, 959, 43, 289, 342, 361, 171, 861, 511, 653, 40, 396, 472, 516, 593, 707, 935, 933, 35, 245, 72, 333, 24, 0, 832, 719, 65, 251, 162, 47, 217, 492, 437, 231, 70, 845, 966, 352, 123, 416, 434, 563, 576, 684, 385, 710, 698, 275, 38, 929, 685, 646, 636, 350, 215, 541, 883, 591, 143, 937, 299, 511, 251, 286, 210, 850, 525, 210, 776, 764, 58, 386, 589, 516, 498, 88, 789, 740, 505, 757, 580, 149, 649, 70, 133, 638, 816, 170, 631, 752, 33, 910, 928, 689, 50, 987, 516, 871, 716, 521],
[744, 354, 225, 694, 278, 45, 73, 169, 35, 798, 152, 929, 28, 741, 706, 925, 732, 413, 294, 20, 935, 100, 460, 832, 0, 600, 467, 850, 151, 263, 96, 706, 168, 671, 607, 292, 99, 530, 933, 254, 551, 757, 914, 555, 849, 964, 315, 857, 969, 462, 524, 216, 899, 683, 668, 40, 600, 184, 574, 943, 987, 244, 298, 906, 954, 35, 278, 381, 538, 636, 270, 166, 337, 926, 948, 993, 573, 549, 448, 835, 310, 983, 960, 358, 865, 156, 487, 160, 29, 695, 634, 497, 619, 125, 657, 592, 479, 153, 435, 114],
[246, 274, 996, 762, 865, 139, 24, 94, 591, 98, 991, 17, 629, 685, 645, 806, 60, 812, 968, 140, 923, 775, 861, 719, 600, 0, 248, 744, 906, 235, 800, 61, 830, 388, 922, 602, 156, 782, 386, 100, 970, 346, 322, 497, 881, 216, 722, 837, 94, 621, 581, 64, 602, 536, 183, 443, 788, 245, 440, 89, 191, 257, 826, 952, 92, 739, 577, 790, 73, 462, 645, 838, 360, 940, 808, 317, 195, 704, 34, 981, 387, 984, 551, 489, 708, 497, 381, 774, 989, 27, 526, 399, 623, 238, 839, 695, 141, 541, 686, 988],
[100, 407, 956, 621, 158, 298, 413, 967, 311, 963, 17, 145, 380, 710, 139, 44, 536, 296, 681, 940, 455, 671, 913, 65, 467, 248, 0, 448, 429, 796, 470, 735, 194, 663, 369, 860, 569, 34, 440, 215, 879, 991, 310, 362, 151, 937, 870, 557, 982, 86, 415, 408, 116, 613, 70, 309, 731, 818, 454, 173, 942, 522, 518, 578, 142, 683, 674, 518, 621, 500, 127, 867, 420, 10, 221, 138, 403, 747, 90, 141, 933, 540, 227, 440, 730, 274, 839, 15, 487, 356, 163, 285, 821, 732, 360, 136, 766, 920, 859, 80],
[426, 562, 249, 311, 672, 268, 682, 312, 995, 750, 728, 882, 328, 561, 204, 77, 903, 675, 341, 836, 813, 884, 757, 251, 850, 744, 448, 0, 504, 51, 913, 335, 884, 778, 416, 861, 589, 68, 502, 935, 807, 114, 748, 449, 196, 912, 702, 769, 304, 583, 877, 121, 141, 253, 356, 727, 973, 790, 804, 418, 173, 564, 453, 937, 781, 720, 700, 140, 543, 931, 314, 696, 986, 407, 544, 407, 268, 503, 408, 638, 361, 527, 607, 611, 49, 41, 691, 186, 569, 882, 477, 989, 813, 800, 492, 272, 830, 122, 723, 353],
[768, 212, 301, 222, 360, 344, 775, 539, 994, 258, 85, 678, 635, 173, 461, 299, 790, 47, 765, 524, 540, 273, 395, 162, 151, 906, 429, 504, 0, 536, 810, 432, 111, 572, 740, 839, 247, 518, 978, 759, 968, 207, 669, 145, 973, 252, 490, 383, 635, 706, 398, 415, 479, 493, 926, 427, 612, 499, 403, 469, 894, 244, 996, 650, 584, 846, 561, 809, 901, 374, 635, 49, 675, 949, 548, 397, 997, 612, 859, 887, 377, 999, 739, 60, 912, 300, 583, 788, 19, 770, 954, 214, 741, 846, 687, 124, 294, 184, 491, 215],
[604, 406, 408, 242, 14, 700, 778, 169, 841, 264, 552, 511, 278, 796, 443, 421, 879, 627, 44, 29, 891, 769, 92, 47, 263, 235, 796, 51, 536, 0, 205, 895, 669, 754, 808, 104, 261, 708, 405, 911, 16, 602, 974, 514, 897, 733, 603, 473, 325, 497, 223, 482, 223, 201, 227, 859, 629, 35, 691, 860, 999, 762, 609, 54, 759, 199, 549, 571, 947, 851, 417, 140, 746, 462, 564, 983, 783, 37, 981, 531, 826, 578, 869, 935, 929, 441, 812, 404, 933, 821, 461, 295, 803, 294, 864, 212, 872, 520, 911, 841],
[493, 116, 533, 373, 16, 480, 982, 828, 839, 48, 883, 602, 543, 959, 266, 989, 856, 484, 250, 412, 325, 749, 37, 217, 96, 800, 470, 913, 810, 205, 0, 615, 672, 812, 361, 754, 690, 625, 32, 309, 960, 765, 476, 407, 446, 131, 95, 691, 370, 717, 317, 826, 580, 318, 885, 897, 385, 581, 671, 932, 871, 753, 207, 972, 118, 1000, 453, 534, 106, 141, 80, 562, 842, 913, 967, 736, 893, 202, 550, 531, 857, 906, 590, 61, 600, 588, 517, 12, 716, 63, 837, 694, 768, 70, 395, 453, 131, 476, 148, 883],
[624, 361, 733, 654, 141, 476, 887, 937, 155, 469, 311, 883, 55, 882, 480, 742, 509, 600, 76, 152, 316, 429, 383, 492, 706, 61, 735, 335, 432, 895, 615, 0, 97, 418, 882, 489, 764, 550, 427, 543, 441, 376, 687, 305, 59, 108, 383, 301, 275, 971, 771, 382, 728, 809, 686, 227, 937, 41, 311, 977, 35, 480, 334, 963, 465, 640, 821, 97, 989, 365, 859, 552, 109, 230, 541, 726, 98, 146, 609, 304, 753, 375, 31, 435, 193, 198, 459, 499, 360, 540, 72, 188, 474, 939, 231, 706, 225, 343, 994, 510],
[635, 622, 386, 142, 479, 962, 118, 430, 104, 269, 632, 657, 124, 666, 496, 310, 639, 625, 772, 18, 687, 543, 831, 437, 168, 830, 194, 884, 111, 669, 672, 97, 0, 996, 871, 995, 76, 19, 83, 174, 267, 865, 421, 411, 711, 246, 782, 41, 709, 389, 297, 113, 462, 504, 861, 498, 843, 906, 133, 137, 45, 777, 998, 391, 981, 106, 266, 280, 496, 727, 21, 620, 174, 756, 694, 134, 746, 931, 959, 977, 561, 936, 104, 821, 757, 325, 292, 115, 912, 811, 915, 646, 721, 699, 603, 744, 856, 921, 674, 700],
[12, 953, 281, 683, 753, 833, 151, 302, 486, 488, 235, 638, 32, 24, 555, 217, 671, 242, 973, 11, 576, 591, 888, 231, 671, 388, 663, 778, 572, 754, 812, 418, 996, 0, 879, 222, 224, 973, 886, 749, 545, 880, 770, 252, 246, 868, 196, 651, 287, 987, 182, 153, 744, 220, 199, 945, 480, 688, 890, 576, 607, 177, 882, 585, 826, 332, 320, 305, 469, 370, 485, 602, 824, 621, 869, 474, 600, 75, 296, 733, 65, 610, 435, 313, 893, 768, 798, 327, 655, 554, 970, 379, 772, 509, 801, 637, 200, 632, 392, 812],
[534, 915, 714, 327, 517, 550, 998, 62, 678, 337, 201, 903, 35, 527, 988, 694, 952, 252, 625, 570, 700, 594, 586, 70, 607, 922, 369, 416, 740, 808, 361, 882, 871, 879, 0, 561, 637, 32, 812, 903, 515, 854, 93, 973, 306, 774, 403, 281, 488, 593, 906, 815, 670, 866, 303, 970, 227, 813, 525, 263, 487, 765, 269, 915, 196, 979, 138, 677, 849, 983, 979, 408, 659, 182, 584, 40, 546, 145, 489, 191, 73, 109, 432, 527, 396, 403, 446, 972, 625, 652, 445, 302, 879, 315, 879, 878, 603, 806, 776, 679],
[799, 400, 933, 879, 452, 914, 862, 768, 353, 384, 28, 216, 449, 673, 199, 170, 507, 466, 735, 314, 552, 537, 343, 845, 292, 602, 860, 861, 839, 104, 754, 489, 995, 222, 561, 0, 302, 480, 300, 527, 111, 738, 912, 900, 158, 227, 746, 211, 133, 449, 606, 165, 634, 106, 58, 746, 702, 409, 998, 804, 618, 296, 367, 275, 695, 896, 567, 440, 98, 516, 343, 988, 962, 362, 967, 439, 217, 755, 322, 771, 442, 385, 959, 182, 85, 701, 827, 601, 753, 552, 845, 316, 21, 469, 215, 798, 319, 335, 693, 900],
[551, 750, 414, 662, 199, 211, 469, 389, 209, 189, 540, 757, 199, 452, 92, 155, 596, 873, 163, 99, 97, 549, 163, 966, 99, 156, 569, 589, 247, 261, 690, 764, 76, 224, 637, 302, 0, 630, 584, 374, 295, 82, 95, 774, 819, 759, 303, 867, 539, 611, 294, 576, 938, 420, 725, 98, 687, 849, 631, 342, 279, 802, 569, 916, 659, 481, 862, 380, 325, 930, 474, 442, 47, 209, 407, 439, 802, 255, 945, 589, 117, 134, 641, 259, 707, 398, 359, 441, 467, 572, 488, 754, 250, 816, 387, 81, 716, 66, 939, 732],
[767, 364, 61, 284, 12, 13, 234, 346, 506, 446, 929, 278, 726, 592, 357, 40, 339, 69, 648, 806, 601, 799, 897, 352, 530, 782, 34, 68, 518, 708, 625, 550, 19, 973, 32, 480, 630, 0, 990, 288, 506, 635, 890, 776, 259, 414, 339, 212, 32, 658, 919, 538, 281, 305, 756, 653, 571, 279, 258, 755, 664, 460, 672, 232, 884, 318, 150, 51, 43, 845, 680, 182, 54, 910, 484, 304, 89, 479, 153, 403, 583, 860, 116, 826, 329, 744, 373, 932, 610, 278, 749, 433, 694, 395, 827, 520, 198, 988, 756, 85],
[338, 325, 306, 532, 136, 33, 799, 771, 238, 212, 57, 188, 655, 378, 553, 472, 114, 876, 391, 349, 696, 581, 531, 123, 933, 386, 440, 502, 978, 405, 32, 427, 83, 886, 812, 300, 584, 990, 0, 657, 853, 826, 260, 137, 26, 515, 780, 707, 944, 949, 665, 595, 39, 879, 634, 465, 186, 295, 157, 675, 136, 332, 308, 715, 772, 494, 191, 648, 81, 482, 128, 211, 111, 274, 656, 813, 474, 461, 608, 152, 89, 816, 663, 235, 788, 227, 206, 916, 443, 560, 391, 359, 160, 915, 580, 10, 537, 864, 980, 332],
[813, 465, 85, 672, 858, 866, 460, 988, 289, 662, 288, 882, 577, 228, 82, 139, 981, 439, 626, 282, 857, 684, 533, 416, 254, 100, 215, 935, 759, 911, 309, 543, 174, 749, 903, 527, 374, 288, 657, 0, 925, 214, 577, 899, 238, 274, 63, 581, 937, 727, 365, 568, 630, 629, 203, 168, 530, 901, 127, 484, 472, 383, 973, 602, 767, 499, 537, 817, 700, 909, 454, 917, 859, 235, 265, 301, 865, 787, 837, 643, 827, 645, 236, 308, 997, 84, 951, 259, 967, 575, 730, 519, 407, 677, 314, 700, 733, 85, 900, 96],
[158, 610, 368, 527, 277, 33, 219, 427, 480, 752, 320, 657, 207, 175, 737, 677, 996, 876, 517, 603, 576, 906, 394, 434, 551, 970, 879, 807, 968, 16, 960, 441, 267, 545, 515, 111, 295, 506, 853, 925, 0, 436, 317, 605, 145, 486, 570, 112, 580, 381, 15, 72, 685, 234, 533, 647, 435, 417, 566, 443, 600, 708, 637, 758, 794, 872, 407, 552, 630, 903, 269, 457, 517, 875, 449, 352, 484, 640, 603, 536, 586, 129, 320, 564, 532, 50, 33, 160, 391, 749, 55, 242, 801, 308, 141, 430, 445, 143, 455, 294],
[992, 917, 762, 622, 25, 699, 608, 809, 454, 410, 249, 476, 319, 226, 229, 196, 975, 234, 409, 727, 653, 416, 236, 563, 757, 346, 991, 114, 207, 602, 765, 376, 865, 880, 854, 738, 82, 635, 826, 214, 436, 0, 180, 653, 170, 997, 256, 219, 132, 716, 698, 153, 614, 719, 133, 308, 409, 545, 621, 302, 439, 585, 799, 575, 32, 106, 138, 71, 815, 849, 383, 40, 959, 309, 502, 892, 277, 609, 568, 799, 332, 388, 579, 414, 636, 88, 40, 235, 233, 173, 596, 337, 21, 711, 438, 321, 350, 897, 50, 670],
[189, 407, 504, 946, 372, 887, 908, 455, 645, 248, 433, 831, 454, 333, 98, 524, 457, 968, 441, 839, 152, 197, 849, 576, 914, 322, 310, 748, 669, 974, 476, 687, 421, 770, 93, 912, 95, 890, 260, 577, 317, 180, 0, 327, 802, 389, 579, 276, 47, 938, 444, 548, 503, 869, 765, 757, 605, 216, 700, 498, 494, 691, 451, 924, 104, 56, 637, 325, 669, 720, 710, 780, 354, 459, 997, 491, 163, 168, 76, 188, 408, 531, 193, 72, 620, 377, 556, 931, 814, 167, 319, 207, 571, 722, 670, 657, 97, 121, 253, 18],
[157, 720, 382, 274, 966, 521, 282, 653, 22, 775, 201, 529, 870, 769, 658, 455, 549, 383, 623, 779, 424, 144, 187, 684, 555, 497, 362, 449, 145, 514, 407, 305, 411, 252, 973, 900, 774, 776, 137, 899, 605, 653, 327, 0, 176, 500, 329, 812, 95, 626, 502, 579, 717, 967, 225, 989, 261, 408, 21, 550, 114, 671, 412, 905, 672, 287, 167, 829, 503, 992, 758, 83, 631, 549, 884, 30, 169, 149, 303, 561, 447, 164, 228, 882, 977, 222, 812, 348, 286, 160, 938, 37, 111, 478, 551, 703, 994, 972, 54, 185],
[875, 981, 26, 66, 862, 403, 819, 165, 821, 486, 529, 524, 214, 673, 256, 437, 743, 466, 839, 175, 837, 930, 647, 385, 849, 881, 151, 196, 973, 897, 446, 59, 711, 246, 306, 158, 819, 259, 26, 238, 145, 170, 802, 176, 0, 742, 71, 311, 807, 467, 859, 525, 685, 121, 706, 596, 19, 686, 486, 206, 286, 444, 690, 160, 905, 748, 751, 586, 942, 656, 590, 694, 607, 69, 840, 806, 778, 106, 701, 227, 869, 743, 544, 527, 495, 619, 628, 104, 962, 433, 508, 119, 794, 616, 519, 583, 898, 944, 377, 650],
[89, 238, 339, 991, 324, 284, 514, 770, 436, 667, 606, 144, 948, 993, 837, 172, 839, 834, 438, 679, 747, 641, 928, 710, 964, 216, 937, 912, 252, 733, 131, 108, 246, 868, 774, 227, 759, 414, 515, 274, 486, 997, 389, 500, 742, 0, 750, 953, 515, 734, 730, 853, 861, 594, 460, 775, 764, 805, 596, 446, 321, 441, 383, 896, 39, 741, 782, 272, 363, 960, 332, 560, 491, 898, 856, 405, 651, 51, 948, 891, 563, 523, 85, 941, 817, 202, 291, 328, 91, 688, 455, 48, 650, 440, 391, 764, 492, 35, 596, 650],
[407, 695, 763, 284, 696, 630, 938, 313, 624, 559, 550, 715, 359, 666, 980, 903, 937, 839, 854, 801, 157, 895, 506, 698, 315, 722, 870, 702, 490, 603, 95, 383, 782, 196, 403, 746, 303, 339, 780, 63, 570, 256, 579, 329, 71, 750, 0, 156, 520, 851, 255, 192, 134, 304, 396, 694, 835, 125, 447, 131, 342, 114, 205, 58, 148, 845, 703, 704, 426, 373, 506, 771, 874, 323, 627, 865, 366, 197, 838, 904, 906, 50, 594, 558, 727, 29, 839, 442, 137, 132, 849, 416, 113, 659, 866, 299, 663, 764, 655, 393],
[547, 205, 113, 239, 276, 726, 549, 599, 851, 983, 471, 422, 802, 571, 659, 926, 33, 786, 484, 814, 235, 424, 934, 275, 857, 837, 557, 769, 383, 473, 691, 301, 41, 651, 281, 211, 867, 212, 707, 581, 112, 219, 276, 812, 311, 953, 156, 0, 627, 282, 167, 85, 492, 730, 304, 975, 262, 775, 742, 922, 674, 801, 368, 744, 848, 430, 670, 476, 486, 793, 379, 199, 635, 870, 329, 405, 830, 204, 967, 969, 856, 362, 329, 321, 540, 836, 123, 495, 303, 370, 157, 939, 874, 618, 339, 578, 815, 836, 611, 280],
[800, 990, 953, 53, 457, 24, 192, 925, 616, 802, 979, 88, 930, 49, 451, 52, 625, 586, 234, 900, 864, 514, 238, 38, 969, 94, 982, 304, 635, 325, 370, 275, 709, 287, 488, 133, 539, 32, 944, 937, 580, 132, 47, 95, 807, 515, 520, 627, 0, 72, 409, 422, 103, 104, 998, 789, 354, 25, 381, 68, 308, 563, 921, 444, 327, 714, 423, 793, 208, 329, 957, 123, 828, 438, 872, 639, 388, 902, 354, 155, 462, 104, 313, 400, 780, 914, 484, 237, 363, 671, 843, 515, 873, 37, 263, 115, 772, 447, 546, 349],
[276, 976, 525, 680, 546, 546, 940, 434, 391, 379, 393, 188, 267, 302, 760, 435, 25, 559, 80, 990, 259, 860, 461, 929, 462, 621, 86, 583, 706, 497, 717, 971, 389, 987, 593, 449, 611, 658, 949, 727, 381, 716, 938, 626, 467, 734, 851, 282, 72, 0, 366, 386, 575, 277, 465, 127, 992, 271, 806, 933, 42, 690, 33, 124, 698, 383, 429, 768, 483, 12, 153, 900, 322, 269, 645, 970, 505, 736, 548, 774, 167, 95, 821, 74, 435, 458, 927, 529, 945, 578, 448, 551, 898, 327, 761, 353, 520, 675, 846, 582],
[266, 551, 442, 924, 434, 196, 797, 382, 291, 731, 517, 699, 252, 921, 627, 187, 710, 272, 400, 458, 429, 12, 163, 685, 524, 581, 415, 877, 398, 223, 317, 771, 297, 182, 906, 606, 294, 919, 665, 365, 15, 698, 444, 502, 859, 730, 255, 167, 409, 366, 0, 569, 527, 468, 933, 249, 250, 237, 301, 821, 512, 173, 756, 546, 906, 615, 971, 281, 31, 377, 519, 451, 477, 830, 80, 144, 561, 936, 36, 977, 197, 13, 168, 500, 83, 502, 563, 574, 600, 10, 94, 129, 44, 783, 189, 290, 293, 703, 233, 267],
[704, 726, 75, 198, 561, 416, 632, 250, 923, 947, 378, 755, 696, 403, 200, 294, 348, 819, 453, 673, 847, 433, 322, 646, 216, 64, 408, 121, 415, 482, 826, 382, 113, 153, 815, 165, 576, 538, 595, 568, 72, 153, 548, 579, 525, 853, 192, 85, 422, 386, 569, 0, 15, 722, 527, 668, 254, 978, 480, 976, 214, 224, 393, 406, 554, 772, 13, 886, 368, 175, 522, 537, 703, 125, 221, 333, 439, 595, 314, 169, 401, 672, 488, 832, 636, 100, 37, 27, 164, 943, 984, 538, 37, 807, 94, 299, 131, 310, 618, 10],
[447, 725, 707, 229, 148, 514, 211, 477, 523, 495, 179, 730, 660, 579, 740, 454, 647, 396, 30, 519, 533, 785, 235, 636, 899, 602, 116, 141, 479, 223, 580, 728, 462, 744, 670, 634, 938, 281, 39, 630, 685, 614, 503, 717, 685, 861, 134, 492, 103, 575, 527, 15, 0, 190, 688, 97, 725, 381, 299, 275, 109, 150, 917, 386, 483, 333, 310, 848, 466, 577, 848, 122, 542, 829, 105, 992, 511, 276, 861, 541, 641, 882, 181, 844, 566, 838, 982, 403, 340, 154, 619, 283, 58, 740, 373, 779, 353, 451, 504, 998],
[648, 433, 183, 892, 926, 193, 94, 254, 24, 485, 418, 267, 232, 761, 673, 648, 260, 469, 74, 752, 98, 397, 321, 350, 683, 536, 613, 253, 493, 201, 318, 809, 504, 220, 866, 106, 420, 305, 879, 629, 234, 719, 869, 967, 121, 594, 304, 730, 104, 277, 468, 722, 190, 0, 725, 564, 418, 427, 107, 84, 616, 832, 242, 841, 605, 954, 841, 57, 525, 939, 16, 668, 572, 528, 290, 732, 884, 860, 809, 597, 190, 454, 465, 638, 701, 298, 782, 867, 25, 470, 494, 664, 328, 824, 867, 700, 604, 285, 656, 973],
[822, 48, 45, 611, 778, 702, 880, 864, 937, 75, 646, 662, 450, 441, 395, 433, 999, 234, 776, 300, 207, 415, 576, 215, 668, 183, 70, 356, 926, 227, 885, 686, 861, 199, 303, 58, 725, 756, 634, 203, 533, 133, 765, 225, 706, 460, 396, 304, 998, 465, 933, 527, 688, 725, 0, 921, 304, 912, 828, 326, 292, 937, 432, 518, 916, 891, 35, 343, 659, 577, 584, 495, 834, 209, 400, 436, 818, 961, 738, 680, 247, 830, 839, 638, 337, 436, 930, 211, 308, 128, 54, 164, 161, 837, 906, 90, 411, 252, 457, 452],
[395, 714, 282, 336, 838, 452, 479, 193, 421, 122, 872, 477, 567, 732, 154, 522, 289, 242, 639, 316, 971, 63, 902, 541, 40, 443, 309, 727, 427, 859, 897, 227, 498, 945, 970, 746, 98, 653, 465, 168, 647, 308, 757, 989, 596, 775, 694, 975, 789, 127, 249, 668, 97, 564, 921, 0, 333, 338, 427, 656, 38, 89, 773, 132, 207, 310, 706, 687, 416, 74, 814, 504, 431, 963, 636, 702, 485, 605, 796, 735, 227, 540, 182, 509, 70, 704, 896, 407, 871, 273, 969, 84, 269, 902, 957, 991, 322, 323, 200, 702],
[573, 644, 838, 396, 863, 46, 947, 120, 108, 507, 470, 135, 247, 60, 240, 401, 465, 607, 645, 20, 600, 97, 723, 883, 600, 788, 731, 973, 612, 629, 385, 937, 843, 480, 227, 702, 687, 571, 186, 530, 435, 409, 605, 261, 19, 764, 835, 262, 354, 992, 250, 254, 725, 418, 304, 333, 0, 317, 807, 909, 366, 177, 101, 767, 634, 242, 173, 264, 473, 42, 763, 879, 229, 152, 230, 773, 326, 332, 435, 471, 142, 479, 744, 206, 682, 264, 381, 679, 459, 175, 611, 197, 108, 568, 908, 189, 670, 44, 722, 977],
[427, 830, 146, 249, 709, 716, 349, 37, 881, 347, 815, 18, 147, 465, 837, 629, 430, 710, 177, 845, 376, 953, 98, 591, 184, 245, 818, 790, 499, 35, 581, 41, 906, 688, 813, 409, 849, 279, 295, 901, 417, 545, 216, 408, 686, 805, 125, 775, 25, 271, 237, 978, 381, 427, 912, 338, 317, 0, 407, 743, 946, 31, 753, 976, 366, 688, 54, 599, 564, 131, 965, 272, 406, 933, 19, 691, 697, 211, 71, 145, 526, 183, 841, 969, 320, 279, 264, 142, 558, 746, 563, 174, 311, 416, 930, 297, 213, 64, 172, 72],
[807, 664, 493, 386, 542, 302, 265, 590, 546, 268, 498, 649, 812, 462, 554, 730, 149, 332, 230, 54, 648, 118, 483, 143, 574, 440, 454, 804, 403, 691, 671, 311, 133, 890, 525, 998, 631, 258, 157, 127, 566, 621, 700, 21, 486, 596, 447, 742, 381, 806, 301, 480, 299, 107, 828, 427, 807, 407, 0, 667, 62, 89, 772, 241, 678, 923, 669, 953, 224, 419, 600, 833, 797, 515, 352, 533, 151, 294, 575, 236, 427, 856, 30, 670, 163, 219, 536, 50, 962, 251, 643, 374, 126, 635, 761, 718, 526, 921, 119, 131],
[17, 812, 202, 706, 146, 726, 736, 73, 97, 637, 538, 798, 878, 84, 16, 581, 675, 871, 744, 541, 477, 143, 200, 937, 943, 89, 173, 418, 469, 860, 932, 977, 137, 576, 263, 804, 342, 755, 675, 484, 443, 302, 498, 550, 206, 446, 131, 922, 68, 933, 821, 976, 275, 84, 326, 656, 909, 743, 667, 0, 632, 675, 912, 524, 808, 697, 995, 280, 528, 840, 292, 297, 69, 965, 598, 207, 540, 383, 628, 530, 405, 907, 85, 687, 203, 733, 378, 331, 930, 407, 709, 397, 547, 439, 559, 38, 341, 393, 450, 100],
[98, 409, 580, 535, 317, 776, 435, 596, 275, 966, 430, 536, 345, 971, 598, 154, 285, 901, 319, 341, 780, 442, 351, 299, 987, 191, 942, 173, 894, 999, 871, 35, 45, 607, 487, 618, 279, 664, 136, 472, 600, 439, 494, 114, 286, 321, 342, 674, 308, 42, 512, 214, 109, 616, 292, 38, 366, 946, 62, 632, 0, 683, 978, 718, 273, 553, 383, 370, 399, 973, 929, 372, 68, 703, 20, 563, 503, 511, 677, 395, 279, 379, 39, 364, 520, 896, 458, 740, 975, 279, 786, 886, 346, 820, 912, 378, 276, 261, 929, 106],
[844, 887, 633, 360, 302, 908, 104, 122, 146, 68, 265, 111, 820, 745, 600, 236, 176, 953, 855, 237, 76, 953, 591, 511, 244, 257, 522, 564, 244, 762, 753, 480, 777, 177, 765, 296, 802, 460, 332, 383, 708, 585, 691, 671, 444, 441, 114, 801, 563, 690, 173, 224, 150, 832, 937, 89, 177, 31, 89, 675, 683, 0, 541, 489, 349, 93, 536, 149, 189, 81, 701, 314, 45, 430, 892, 297, 237, 879, 206, 135, 782, 267, 809, 87, 115, 339, 773, 91, 202, 440, 508, 208, 439, 140, 251, 154, 621, 906, 891, 968],
[460, 24, 362, 746, 572, 40, 36, 712, 325, 918, 103, 136, 239, 332, 911, 92, 34, 763, 380, 342, 221, 818, 487, 251, 298, 826, 518, 453, 996, 609, 207, 334, 998, 882, 269, 367, 569, 672, 308, 973, 637, 799, 451, 412, 690, 383, 205, 368, 921, 33, 756, 393, 917, 242, 432, 773, 101, 753, 772, 912, 978, 541, 0, 472, 753, 57, 863, 433, 635, 186, 983, 995, 576, 799, 304, 159, 467, 682, 437, 336, 761, 388, 136, 298, 321, 200, 559, 838, 589, 626, 252, 975, 940, 737, 403, 919, 13, 739, 981, 131],
[355, 742, 313, 38, 38, 872, 50, 455, 869, 316, 110, 284, 789, 211, 661, 482, 794, 600, 854, 580, 138, 634, 255, 286, 906, 952, 578, 937, 650, 54, 972, 963, 391, 585, 915, 275, 916, 232, 715, 602, 758, 575, 924, 905, 160, 896, 58, 744, 444, 124, 546, 406, 386, 841, 518, 132, 767, 976, 241, 524, 718, 489, 472, 0, 501, 575, 506, 421, 865, 730, 69, 228, 818, 824, 616, 398, 757, 773, 98, 10, 168, 813, 791, 643, 460, 794, 413, 847, 522, 960, 131, 210, 912, 909, 546, 476, 257, 76, 980, 258],
[958, 603, 122, 925, 783, 27, 322, 161, 924, 200, 972, 517, 112, 404, 942, 498, 27, 202, 425, 479, 936, 286, 331, 210, 954, 92, 142, 781, 584, 759, 118, 465, 981, 826, 196, 695, 659, 884, 772, 767, 794, 32, 104, 672, 905, 39, 148, 848, 327, 698, 906, 554, 483, 605, 916, 207, 634, 366, 678, 808, 273, 349, 753, 501, 0, 536, 379, 786, 404, 463, 277, 915, 440, 108, 894, 138, 390, 88, 71, 972, 779, 767, 449, 938, 759, 810, 988, 915, 48, 994, 428, 569, 644, 250, 428, 302, 871, 654, 659, 664],
[241, 233, 478, 839, 107, 442, 205, 722, 751, 199, 329, 136, 34, 789, 598, 576, 717, 510, 749, 68, 383, 251, 566, 850, 35, 739, 683, 720, 846, 199, 1000, 640, 106, 332, 979, 896, 481, 318, 494, 499, 872, 106, 56, 287, 748, 741, 845, 430, 714, 383, 615, 772, 333, 954, 891, 310, 242, 688, 923, 697, 553, 93, 57, 575, 536, 0, 964, 272, 978, 564, 638, 876, 901, 34, 994, 622, 829, 309, 28, 834, 938, 380, 33, 908, 98, 403, 233, 610, 100, 767, 153, 900, 63, 770, 586, 699, 153, 787, 466, 361],
[262, 619, 634, 610, 650, 681, 519, 985, 305, 364, 725, 870, 465, 137, 269, 230, 729, 272, 378, 919, 456, 649, 745, 525, 278, 577, 674, 700, 561, 549, 453, 821, 266, 320, 138, 567, 862, 150, 191, 537, 407, 138, 637, 167, 751, 782, 703, 670, 423, 429, 971, 13, 310, 841, 35, 706, 173, 54, 669, 995, 383, 536, 863, 506, 379, 964, 0, 531, 218, 207, 352, 836, 620, 94, 275, 836, 597, 112, 765, 805, 752, 733, 876, 272, 541, 685, 375, 285, 168, 212, 882, 311, 352, 65, 638, 33, 262, 334, 762, 279],
[728, 445, 313, 130, 278, 762, 630, 592, 99, 847, 830, 882, 544, 954, 170, 787, 135, 339, 320, 125, 671, 857, 280, 210, 381, 790, 518, 140, 809, 571, 534, 97, 280, 305, 677, 440, 380, 51, 648, 817, 552, 71, 325, 829, 586, 272, 704, 476, 793, 768, 281, 886, 848, 57, 343, 687, 264, 599, 953, 280, 370, 149, 433, 421, 786, 272, 531, 0, 489, 770, 281, 345, 776, 510, 525, 213, 359, 173, 736, 11, 434, 50, 766, 523, 32, 224, 797, 969, 887, 796, 768, 274, 493, 890, 136, 53, 664, 300, 394, 264],
[472, 538, 160, 171, 848, 676, 875, 111, 634, 272, 438, 51, 266, 54, 378, 655, 91, 866, 488, 778, 444, 917, 483, 776, 538, 73, 621, 543, 901, 947, 106, 989, 496, 469, 849, 98, 325, 43, 81, 700, 630, 815, 669, 503, 942, 363, 426, 486, 208, 483, 31, 368, 466, 525, 659, 416, 473, 564, 224, 528, 399, 189, 635, 865, 404, 978, 218, 489, 0, 477, 200, 643, 11, 728, 261, 830, 936, 826, 857, 522, 409, 989, 702, 967, 306, 37, 856, 115, 170, 789, 697, 138, 932, 132, 154, 99, 75, 1000, 967, 205],
[665, 953, 716, 628, 100, 534, 175, 287, 870, 455, 582, 284, 242, 21, 397, 309, 234, 742, 136, 238, 703, 622, 673, 764, 636, 462, 500, 931, 374, 851, 141, 365, 727, 370, 983, 516, 930, 845, 482, 909, 903, 849, 720, 992, 656, 960, 373, 793, 329, 12, 377, 175, 577, 939, 577, 74, 42, 131, 419, 840, 973, 81, 186, 730, 463, 564, 207, 770, 477, 0, 973, 564, 490, 414, 945, 501, 406, 743, 823, 870, 213, 959, 331, 300, 142, 156, 154, 584, 88, 314, 167, 925, 701, 24, 144, 634, 253, 686, 568, 536],
[730, 998, 976, 149, 912, 566, 722, 258, 491, 569, 465, 981, 335, 833, 841, 171, 702, 724, 798, 648, 248, 158, 353, 58, 270, 645, 127, 314, 635, 417, 80, 859, 21, 485, 979, 343, 474, 680, 128, 454, 269, 383, 710, 758, 590, 332, 506, 379, 957, 153, 519, 522, 848, 16, 584, 814, 763, 965, 600, 292, 929, 701, 983, 69, 277, 638, 352, 281, 200, 973, 0, 687, 926, 847, 16, 716, 37, 361, 556, 577, 422, 731, 41, 630, 321, 970, 384, 38, 165, 936, 196, 572, 499, 447, 956, 768, 806, 802, 355, 510],
[45, 862, 327, 620, 940, 899, 511, 200, 143, 406, 492, 781, 334, 469, 77, 326, 520, 571, 844, 350, 718, 155, 244, 386, 166, 838, 867, 696, 49, 140, 562, 552, 620, 602, 408, 988, 442, 182, 211, 917, 457, 40, 780, 83, 694, 560, 771, 199, 123, 900, 451, 537, 122, 668, 495, 504, 879, 272, 833, 297, 372, 314, 995, 228, 915, 876, 836, 345, 643, 564, 687, 0, 811, 152, 422, 322, 991, 69, 62, 802, 215, 956, 403, 698, 1000, 194, 108, 731, 459, 781, 808, 112, 92, 683, 462, 609, 317, 45, 428, 950],
[443, 441, 879, 895, 555, 265, 591, 425, 39, 736, 267, 325, 261, 20, 150, 74, 874, 904, 827, 742, 420, 202, 213, 589, 337, 360, 420, 986, 675, 746, 842, 109, 174, 824, 659, 962, 47, 54, 111, 859, 517, 959, 354, 631, 607, 491, 874, 635, 828, 322, 477, 703, 542, 572, 834, 431, 229, 406, 797, 69, 68, 45, 576, 818, 440, 901, 620, 776, 11, 490, 926, 811, 0, 632, 983, 393, 153, 436, 203, 150, 119, 841, 837, 135, 306, 119, 827, 869, 385, 775, 531, 488, 538, 171, 795, 596, 159, 339, 576, 742],
[369, 330, 703, 539, 888, 237, 238, 422, 955, 105, 775, 854, 851, 278, 751, 481, 694, 780, 425, 196, 794, 365, 179, 516, 926, 940, 10, 407, 949, 462, 913, 230, 756, 621, 182, 362, 209, 910, 274, 235, 875, 309, 459, 549, 69, 898, 323, 870, 438, 269, 830, 125, 829, 528, 209, 963, 152, 933, 515, 965, 703, 430, 799, 824, 108, 34, 94, 510, 728, 414, 847, 152, 632, 0, 577, 506, 219, 304, 126, 907, 642, 391, 663, 380, 91, 575, 335, 830, 505, 780, 862, 451, 582, 446, 364, 563, 251, 960, 954, 72],
[129, 660, 332, 831, 110, 803, 283, 957, 667, 573, 906, 12, 579, 510, 554, 414, 85, 168, 953, 453, 131, 679, 473, 498, 948, 808, 221, 544, 548, 564, 967, 541, 694, 869, 584, 967, 407, 484, 656, 265, 449, 502, 997, 884, 840, 856, 627, 329, 872, 645, 80, 221, 105, 290, 400, 636, 230, 19, 352, 598, 20, 892, 304, 616, 894, 994, 275, 525, 261, 945, 16, 422, 983, 577, 0, 715, 169, 851, 794, 138, 810, 381, 632, 288, 590, 162, 497, 489, 679, 370, 683, 886, 373, 820, 80, 503, 958, 730, 655, 872],
[218, 874, 170, 799, 539, 924, 993, 112, 626, 425, 106, 385, 29, 243, 698, 199, 372, 203, 435, 600, 656, 205, 497, 88, 993, 317, 138, 407, 397, 983, 736, 726, 134, 474, 40, 439, 439, 304, 813, 301, 352, 892, 491, 30, 806, 405, 865, 405, 639, 970, 144, 333, 992, 732, 436, 702, 773, 691, 533, 207, 563, 297, 159, 398, 138, 622, 836, 213, 830, 501, 716, 322, 393, 506, 715, 0, 893, 338, 786, 153, 528, 664, 38, 156, 891, 381, 12, 156, 305, 547, 998, 448, 853, 969, 18, 813, 470, 841, 571, 961],
[739, 813, 160, 814, 648, 852, 483, 16, 31, 934, 52, 399, 31, 853, 448, 997, 308, 824, 70, 81, 274, 533, 152, 789, 573, 195, 403, 268, 997, 783, 893, 98, 746, 600, 546, 217, 802, 89, 474, 865, 484, 277, 163, 169, 778, 651, 366, 830, 388, 505, 561, 439, 511, 884, 818, 485, 326, 697, 151, 540, 503, 237, 467, 757, 390, 829, 597, 359, 936, 406, 37, 991, 153, 219, 169, 893, 0, 166, 324, 182, 96, 619, 688, 451, 369, 119, 293, 112, 373, 727, 603, 720, 462, 874, 952, 285, 312, 587, 327, 612],
[151, 545, 149, 537, 27, 477, 748, 895, 536, 693, 499, 868, 801, 417, 758, 950, 145, 751, 271, 229, 990, 363, 623, 740, 549, 704, 747, 503, 612, 37, 202, 146, 931, 75, 145, 755, 255, 479, 461, 787, 640, 609, 168, 149, 106, 51, 197, 204, 902, 736, 936, 595, 276, 860, 961, 605, 332, 211, 294, 383, 511, 879, 682, 773, 88, 309, 112, 173, 826, 743, 361, 69, 436, 304, 851, 338, 166, 0, 190, 167, 222, 460, 881, 241, 760, 230, 536, 513, 282, 512, 368, 878, 325, 656, 445, 363, 407, 935, 334, 915],
[318, 241, 818, 527, 155, 222, 160, 219, 622, 491, 132, 74, 39, 627, 190, 169, 567, 154, 637, 706, 334, 212, 388, 505, 448, 34, 90, 408, 859, 981, 550, 609, 959, 296, 489, 322, 945, 153, 608, 837, 603, 568, 76, 303, 701, 948, 838, 967, 354, 548, 36, 314, 861, 809, 738, 796, 435, 71, 575, 628, 677, 206, 437, 98, 71, 28, 765, 736, 857, 823, 556, 62, 203, 126, 794, 786, 324, 190, 0, 468, 75, 634, 735, 129, 806, 883, 687, 52, 236, 378, 280, 530, 96, 309, 450, 552, 260, 952, 271, 737],
[268, 142, 410, 80, 38, 601, 92, 136, 872, 580, 387, 258, 210, 779, 183, 235, 337, 916, 706, 443, 355, 303, 401, 757, 835, 981, 141, 638, 887, 531, 531, 304, 977, 733, 191, 771, 589, 403, 152, 643, 536, 799, 188, 561, 227, 891, 904, 969, 155, 774, 977, 169, 541, 597, 680, 735, 471, 145, 236, 530, 395, 135, 336, 10, 972, 834, 805, 11, 522, 870, 577, 802, 150, 907, 138, 153, 182, 167, 468, 0, 586, 177, 413, 269, 505, 870, 805, 530, 923, 506, 983, 502, 449, 457, 375, 326, 627, 725, 369, 224],
[784, 207, 29, 42, 267, 94, 597, 739, 423, 743, 633, 626, 67, 24, 625, 750, 875, 692, 682, 164, 864, 918, 17, 580, 310, 387, 933, 361, 377, 826, 857, 753, 561, 65, 73, 442, 117, 583, 89, 827, 586, 332, 408, 447, 869, 563, 906, 856, 462, 167, 197, 401, 641, 190, 247, 227, 142, 526, 427, 405, 279, 782, 761, 168, 779, 938, 752, 434, 409, 213, 422, 215, 119, 642, 810, 528, 96, 222, 75, 586, 0, 731, 255, 514, 130, 312, 736, 618, 900, 552, 685, 523, 768, 519, 965, 105, 852, 157, 656, 595],
