[0, 489, 659, 174, 246, 675, 448, 520, 336, 272, 970, 191, 370, 308, 24, 509, 949, 798, 786, 532, 875, 62, 685, 821, 423, 189, 89, 312, 196, 924, 843, 708, 403, 791, 256, 297, 241, 466, 506, 44, 929, 182, 70, 416, 555, 230, 639, 270, 448, 674, 31, 122, 698, 740, 239, 834, 418, 336, 850, 897, 442, 16, 105, 619, 624, 63, 66, 241, 169, 894, 571, 616, 545, 500, 178, 644, 502, 559, 586, 10, 247, 452, 389, 111, 405, 101, 485, 831, 218, 681, 727, 404, 449, 764, 175, 390, 655, 916, 540, 739, 893, 762, 399, 801, 490, 268, 532, 51, 791, 928]
[489, 0, 462, 983, 910, 895, 418, 171, 667, 568, 375, 12, 780, 858, 124, 525, 309, 403, 292, 201, 268, 238, 465, 460, 297, 956, 911, 995, 859, 511, 882, 298, 920, 200, 522, 195, 159, 525, 81, 166, 520, 752, 872, 376, 181, 173, 911, 614, 389, 959, 897, 411, 433, 265, 332, 917, 742, 335, 890, 670, 64, 629, 38, 732, 363, 91, 448, 995, 687, 692, 71, 38, 102, 319, 299, 993, 919, 279, 550, 907, 862, 754, 311, 231, 313, 419, 174, 935, 445, 568, 539, 40, 178, 521, 469, 750, 865, 331, 192, 154, 724, 437, 640, 497, 640, 565, 45, 137, 879, 110]
[659, 462, 0, 984, 67, 174, 83, 776, 999, 862, 852, 605, 359, 45, 636, 801, 297, 663, 920, 917, 822, 975, 958, 832, 110, 746, 152, 913, 345, 112, 872, 860, 564, 835, 377, 860, 755, 670, 86, 46, 203, 812, 639, 296, 996, 825, 661, 47, 492, 263, 280, 994, 993, 317, 233, 213, 523, 805, 497, 396, 511, 322, 260, 637, 571, 998, 344, 570, 871, 68, 212, 243, 692, 537, 985, 769, 171, 518, 858, 873, 326, 483, 153, 588, 295, 666, 531, 572, 90, 559, 785, 28, 519, 98, 766, 62, 135, 273, 851, 350, 545, 121, 419, 348, 403, 869, 564, 421, 215, 763]
[174, 983, 984, 0, 53, 802, 632, 398, 492, 518, 314, 331, 284, 690, 414, 279, 740, 476, 409, 587, 347, 707, 690, 460, 819, 851, 486, 98, 995, 774, 1000, 854, 161, 827, 532, 923, 318, 262, 743, 282, 147, 849, 479, 757, 130, 648, 559, 639, 993, 822, 538, 178, 94, 657, 136, 122, 669, 294, 575, 968, 486, 618, 604, 648, 169, 660, 145, 179, 484, 509, 187, 500, 700, 197, 228, 499, 338, 629, 121, 255, 604, 691, 699, 817, 704, 386, 961, 766, 532, 250, 354, 91, 259, 500, 613, 325, 828, 821, 109, 89, 641, 868, 770, 332, 823, 159, 660, 57, 658, 882]
[246, 910, 67, 53, 0, 121, 353, 697, 874, 685, 327, 655, 976, 683, 765, 679, 617, 550, 759, 751, 729, 323, 961, 215, 947, 507, 643, 217, 285, 658, 586, 918, 785, 40, 562, 586, 137, 426, 496, 395, 415, 749, 658, 562, 303, 743, 346, 814, 386, 176, 593, 637, 410, 395, 241, 510, 539, 102, 305, 533, 819, 868, 981, 362, 872, 415, 732, 192, 634, 436, 201, 156, 932, 671, 323, 124, 162, 953, 141, 599, 524, 800, 934, 969, 366, 292, 605, 604, 851, 101, 740, 755, 654, 523, 212, 655, 297, 180, 811, 430, 597, 225, 958, 12, 347, 630, 709, 72, 30, 418]
[675, 895, 174, 802, 121, 0, 345, 917, 207, 104, 118, 897, 503, 222, 707, 51, 535, 805, 552, 779, 441, 598, 326, 648, 407, 806, 449, 232, 817, 632, 688, 235, 474, 424, 935, 672, 393, 812, 787, 372, 465, 866, 995, 152, 196, 813, 359, 519, 695, 419, 80, 209, 378, 49, 753, 625, 877, 77, 40, 778, 774, 686, 235, 880, 669, 51, 955, 394, 410, 701, 137, 56, 250, 689, 762, 803, 998, 214, 666, 547, 301, 97, 932, 267, 881, 40, 453, 102, 257, 190, 594, 731, 104, 830, 15, 379, 596, 258, 740, 194, 378, 892, 229, 859, 322, 503, 728, 957, 482, 736]
[448, 418, 83, 632, 353, 345, 0, 803, 298, 123, 763, 557, 74, 703, 207, 173, 771, 988, 87, 460, 180, 696, 969, 127, 413, 339, 679, 731, 397, 997, 587, 469, 657, 714, 826, 98, 97, 708, 97, 742, 616, 329, 631, 532, 830, 793, 860, 111, 982, 142, 969, 102, 245, 335, 762, 919, 342, 651, 948, 113, 561, 629, 964, 390, 10, 182, 205, 446, 769, 470, 373, 502, 386, 296, 764, 616, 600, 334, 115, 956, 466, 340, 533, 216, 765, 228, 378, 793, 973, 520, 370, 900, 675, 807, 936, 402, 460, 767, 965, 707, 109, 196, 443, 385, 122, 797, 955, 330, 700, 188]
[520, 171, 776, 398, 697, 917, 803, 0, 267, 884, 410, 511, 604, 651, 78, 320, 135, 424, 885, 274, 897, 410, 206, 949, 63, 384, 155, 496, 97, 142, 668, 612, 579, 580, 728, 578, 259, 585, 828, 402, 182, 788, 890, 464, 888, 220, 438, 458, 845, 679, 614, 730, 935, 436, 706, 803, 369, 700, 251, 905, 938, 122, 907, 339, 969, 164, 270, 955, 620, 717, 555, 621, 906, 808, 91, 344, 551, 674, 452, 526, 844, 171, 934, 398, 208, 744, 549, 460, 448, 821, 101, 990, 970, 607, 207, 76, 453, 800, 644, 771, 886, 669, 935, 175, 995, 559, 435, 596, 400, 298]
[336, 667, 999, 492, 874, 207, 298, 267, 0, 56, 146, 753, 308, 895, 43, 972, 908, 592, 930, 943, 880, 546, 132, 764, 95, 644, 621, 46, 464, 434, 67, 111, 71, 599, 827, 886, 757, 702, 68, 177, 668, 736, 312, 870, 99, 110, 948, 962, 171, 179, 82, 733, 429, 485, 754, 123, 826, 301, 980, 637, 262, 748, 160, 854, 656, 279, 54, 281, 341, 625, 798, 421, 201, 476, 106, 807, 426, 703, 638, 759, 41, 853, 840, 855, 158, 718, 936, 154, 356, 398, 333, 685, 49, 408, 353, 683, 375, 74, 848, 239, 213, 325, 197, 593, 816, 719, 276, 339, 445, 85]
[272, 568, 862, 518, 685, 104, 123, 884, 56, 0, 215, 692, 372, 543, 448, 422, 260, 311, 298, 167, 126, 384, 896, 148, 58, 406, 247, 90, 867, 929, 641, 880, 104, 713, 753, 537, 133, 445, 372, 274, 275, 84, 157, 356, 812, 533, 916, 796, 30, 287, 431, 209, 550, 687, 325, 545, 565, 121, 53, 254, 858, 682, 216, 816, 756, 807, 527, 648, 873, 715, 208, 657, 763, 325, 734, 272, 38, 404, 680, 640, 63, 819, 950, 335, 537, 530, 299, 350, 204, 761, 911, 464, 732, 693, 934, 73, 714, 590, 873, 816, 512, 196, 14, 832, 142, 909, 533, 400, 450, 501]
[970, 375, 852, 314, 327, 118, 763, 410, 146, 215, 0, 737, 77, 745, 528, 64, 642, 712, 315, 781, 14, 776, 594, 206, 740, 579, 179, 931, 526, 911, 324, 422, 399, 922, 742, 581, 932, 65, 346, 550, 720, 863, 854, 36, 886, 877, 975, 257, 227, 704, 862, 986, 754, 657, 627, 505, 111, 246, 976, 106, 479, 740, 941, 637, 232, 729, 336, 371, 265, 655, 641, 160, 750, 64, 97, 443, 397, 74, 622, 883, 237, 494, 527, 354, 215, 138, 119, 84, 368, 908, 433, 781, 580, 751, 582, 560, 990, 83, 958, 584, 556, 256, 930, 599, 438, 234, 352, 974, 864, 852]
[191, 12, 605, 331, 655, 897, 557, 511, 753, 692, 737, 0, 49, 914, 643, 887, 159, 947, 573, 764, 985, 380, 85, 250, 21, 526, 233, 678, 361, 931, 272, 691, 936, 831, 368, 17, 782, 815, 206, 986, 409, 112, 681, 683, 407, 734, 980, 320, 945, 861, 365, 381, 117, 350, 451, 223, 602, 18, 313, 10, 241, 222, 502, 457, 254, 968, 758, 368, 593, 52, 864, 637, 860, 410, 445, 650, 75, 930, 796, 563, 725, 927, 656, 706, 146, 786, 107, 848, 255, 695, 619, 512, 509, 176, 785, 684, 392, 863, 268, 340, 853, 858, 151, 278, 803, 378, 163, 735, 710, 568]
[370, 780, 359, 284, 976, 503, 74, 604, 308, 372, 77, 49, 0, 759, 124, 68, 642, 795, 31, 211, 258, 206, 511, 286, 878, 603, 172, 619, 64, 330, 602, 78, 238, 607, 266, 930, 862, 123, 632, 464, 256, 204, 682, 675, 922, 283, 542, 998, 381, 496, 923, 445, 834, 736, 267, 843, 991, 136, 587, 734, 70, 204, 498, 500, 405, 174, 669, 578, 594, 669, 79, 969, 534, 889, 312, 513, 502, 531, 738, 915, 362, 389, 469, 220, 787, 671, 330, 481, 118, 524, 563, 527, 846, 984, 417, 537, 749, 412, 957, 215, 733, 249, 139, 55, 139, 620, 896, 918, 231, 129]
[308, 858, 45, 690, 683, 222, 703, 651, 895, 543, 745, 914, 759, 0, 213, 831, 275, 528, 680, 443, 385, 663, 679, 374, 762, 520, 237, 804, 831, 172, 870, 29, 424, 562, 347, 138, 743, 615, 978, 628, 820, 195, 975, 784, 650, 502, 160, 186, 990, 675, 344, 323, 828, 506, 143, 76, 534, 774, 648, 911, 163, 374, 136, 498, 241, 611, 22, 17, 430, 415, 11, 940, 179, 858, 924, 760, 143, 501, 631, 975, 794, 579, 782, 150, 246, 532, 470, 664, 539, 626, 724, 409, 716, 516, 90, 938, 22, 271, 570, 576, 206, 567, 292, 441, 646, 986, 294, 250, 255, 895]
[24, 124, 636, 414, 765, 707, 207, 78, 43, 448, 528, 643, 124, 213, 0, 554, 479, 947, 953, 139, 824, 824, 219, 711, 314, 598, 200, 120, 483, 353, 535, 629, 114, 565, 975, 970, 853, 238, 857, 865, 349, 347, 809, 156, 878, 919, 294, 861, 499, 385, 520, 820, 280, 208, 504, 772, 522, 245, 844, 761, 108, 65, 244, 46, 101, 705, 421, 805, 489, 45, 28, 858, 431, 759, 639, 472, 376, 969, 225, 34, 346, 190, 47, 233, 880, 741, 53, 716, 289, 211, 335, 964, 292, 96, 466, 960, 530, 354, 289, 751, 879, 10, 945, 104, 516, 74, 904, 729, 815, 60]
[509, 525, 801, 279, 679, 51, 173, 320, 972, 422, 64, 887, 68, 831, 554, 0, 537, 464, 634, 881, 488, 634, 325, 152, 507, 626, 545, 766, 240, 312, 191, 514, 921, 46, 439, 471, 170, 265, 224, 375, 528, 100, 888, 180, 492, 191, 560, 551, 783, 135, 323, 721, 310, 706, 638, 403, 820, 187, 184, 600, 846, 264, 421, 931, 572, 180, 913, 938, 200, 707, 183, 161, 54, 725, 395, 718, 675, 605, 323, 436, 190, 709, 340, 294, 676, 493, 535, 315, 534, 395, 820, 465, 233, 235, 273, 359, 466, 730, 1000, 562, 836, 747, 608, 15, 520, 329, 296, 872, 436, 918]
[949, 309, 297, 740, 617, 535, 771, 135, 908, 260, 642, 159, 642, 275, 479, 537, 0, 11, 584, 444, 664, 49, 568, 963, 583, 875, 399, 456, 347, 66, 767, 609, 399, 39, 1000, 152, 293, 985, 282, 669, 714, 612, 31, 945, 227, 521, 719, 909, 437, 627, 501, 325, 900, 760, 755, 344, 670, 914, 929, 893, 71, 686, 455, 495, 126, 597, 504, 476, 978, 566, 96, 651, 329, 286, 285, 204, 834, 234, 759, 312, 725, 167, 864, 356, 268, 775, 23, 860, 283, 564, 651, 886, 154, 495, 286, 184, 436, 358, 979, 674, 303, 284, 160, 527, 26, 989, 395, 415, 797, 408]
[798, 403, 663, 476, 550, 805, 988, 424, 592, 311, 712, 947, 795, 528, 947, 464, 11, 0, 961, 713, 236, 471, 557, 747, 834, 980, 482, 539, 944, 477, 914, 693, 742, 134, 429, 259, 623, 226, 682, 772, 90, 807, 305, 127, 296, 177, 92, 60, 529, 345, 106, 846, 222, 447, 602, 717, 300, 835, 817, 994, 766, 981, 69, 32, 905, 744, 354, 130, 675, 760, 960, 705, 923, 293, 82, 988, 647, 433, 90, 291, 217, 235, 772, 959, 746, 844, 806, 946, 932, 233, 237, 554, 643, 607, 619, 70, 812, 101, 389, 498, 893, 647, 706, 186, 361, 69, 188, 706, 906, 504]
[786, 292, 920, 409, 759, 552, 87, 885, 930, 298, 315, 573, 31, 680, 953, 634, 584, 961, 0, 290, 957, 24, 229, 654, 522, 24, 112, 685, 104, 242, 373, 938, 125, 191, 502, 654, 830, 68, 300, 234, 69, 956, 823, 225, 28, 106, 101, 359, 538, 113, 413, 930, 71, 62, 496, 759, 301, 548, 290, 360, 621, 492, 849, 833, 204, 369, 151, 694, 446, 13, 584, 733, 424, 117, 812, 987, 717, 405, 372, 276, 19, 594, 800, 34, 970, 232, 137, 260, 265, 786, 154, 102, 88, 410, 893, 191, 309, 831, 244, 102, 684, 190, 322, 402, 772, 675, 156, 107, 106, 508]
[532, 201, 917, 587, 751, 779, 460, 274, 943, 167, 781, 764, 211, 443, 139, 881, 444, 713, 290, 0, 964, 324, 468, 869, 628, 784, 523, 903, 120, 570, 53, 282, 359, 690, 813, 179, 568, 441, 284, 607, 84, 661, 249, 833, 306, 160, 731, 347, 850, 411, 418, 495, 396, 77, 128, 97, 481, 710, 493, 852, 241, 971, 513, 175, 354, 747, 89, 478, 59, 571, 307, 296, 134, 712, 634, 771, 462, 329, 937, 479, 848, 850, 85, 307, 732, 670, 498, 335, 147, 390, 135, 69, 334, 907, 587, 725, 232, 242, 354, 806, 558, 73, 533, 980, 169, 179, 457, 238, 95, 499]
[875, 268, 822, 347, 729, 441, 180, 897, 880, 126, 14, 985, 258, 385, 824, 488, 664, 236, 957, 964, 0, 963, 223, 404, 588, 813, 640, 235, 852, 650, 449, 563, 505, 473, 470, 594, 856, 201, 280, 465, 596, 950, 242, 932, 122, 962, 707, 256, 699, 208, 33, 488, 746, 199, 807, 799, 410, 92, 56, 12, 948, 511, 280, 422, 329, 834, 88, 865, 366, 22, 303, 514, 151, 696, 344, 883, 426, 747, 442, 57, 605, 369, 420, 644, 394, 442, 199, 690, 135, 993, 503, 159, 737, 203, 715, 62, 252, 627, 63, 518, 525, 902, 863, 20, 456, 707, 873, 70, 638, 99]
[62, 238, 975, 707, 323, 598, 696, 410, 546, 384, 776, 380, 206, 663, 824, 634, 49, 471, 24, 324, 963, 0, 300, 179, 730, 787, 732, 182, 369, 753, 377, 685, 84, 234, 386, 165, 347, 367, 952, 791, 729, 764, 537, 340, 591, 641, 860, 70, 678, 862, 591, 282, 308, 487, 953, 964, 305, 990, 300, 14, 513, 301, 45, 364, 37, 631, 839, 457, 874, 566, 833, 342, 983, 675, 550, 605, 415, 298, 800, 313, 172, 52, 92, 201, 673, 617, 780, 115, 141, 155, 287, 601, 717, 663, 579, 773, 950, 228, 536, 707, 564, 715, 309, 766, 442, 656, 197, 43, 236, 346]
[685, 465, 958, 690, 961, 326, 969, 206, 132, 896, 594, 85, 511, 679, 219, 325, 568, 557, 229, 468, 223, 300, 0, 548, 720, 963, 60, 628, 905, 622, 406, 678, 975, 180, 452, 120, 186, 290, 361, 842, 982, 244, 345, 245, 224, 711, 830, 164, 569, 373, 625, 242, 463, 557, 186, 567, 792, 244, 730, 591, 59, 158, 123, 83, 158, 490, 642, 404, 277, 278, 247, 311, 780, 823, 925, 916, 833, 690, 414, 59, 216, 31, 671, 443, 504, 982, 632, 718, 840, 270, 122, 341, 111, 180, 613, 725, 106, 767, 635, 517, 457, 218, 980, 216, 385, 748, 422, 265, 221, 550]
[821, 460, 832, 460, 215, 648, 127, 949, 764, 148, 206, 250, 286, 374, 711, 152, 963, 747, 654, 869, 404, 179, 548, 0, 554, 944, 40, 743, 335, 642, 783, 360, 419, 336, 272, 228, 468, 510, 165, 396, 69, 384, 147, 888, 595, 722, 111, 721, 10, 865, 193, 353, 591, 217, 121, 353, 338, 50, 211, 125, 18, 586, 712, 772, 156, 284, 932, 21, 529, 443, 628, 596, 504, 436, 946, 757, 614, 52, 227, 529, 869, 290, 365, 985, 327, 971, 866, 137, 65, 454, 755, 485, 170, 896, 637, 878, 395, 822, 20, 727, 112, 140, 522, 214, 257, 744, 228, 29, 236, 314]
[423, 297, 110, 819, 947, 407, 413, 63, 95, 58, 740, 21, 878, 762, 314, 507, 583, 834, 522, 628, 588, 730, 720, 554, 0, 103, 661, 948, 317, 779, 659, 93, 587, 762, 482, 868, 617, 668, 881, 412, 675, 500, 822, 356, 604, 158, 231, 601, 948, 514, 963, 139, 460, 586, 106, 705, 643, 368, 300, 557, 793, 497, 635, 923, 571, 509, 467, 493, 844, 238, 748, 809, 102, 175, 384, 769, 531, 967, 880, 607, 819, 282, 700, 480, 640, 187, 684, 439, 963, 461, 950, 141, 930, 765, 999, 101, 442, 818, 692, 78, 440, 137, 414, 956, 443, 863, 157, 966, 150, 310]
[189, 956, 746, 851, 507, 806, 339, 384, 644, 406, 579, 526, 603, 520, 598, 626, 875, 980, 24, 784, 813, 787, 963, 944, 103, 0, 298, 509, 530, 876, 908, 272, 291, 844, 939, 64, 919, 712, 851, 322, 272, 545, 317, 968, 65, 643, 118, 517, 951, 729, 908, 583, 159, 677, 478, 942, 423, 309, 638, 119, 219, 541, 371, 110, 864, 190, 950, 613, 737, 806, 970, 331, 407, 677, 823, 950, 232, 701, 720, 339, 506, 603, 889, 249, 389, 426, 366, 551, 605, 599, 645, 567, 628, 310, 340, 299, 368, 413, 16, 475, 39, 809, 893, 102, 786, 884, 30, 408, 605, 710]
[89, 911, 152, 486, 643, 449, 679, 155, 621, 247, 179, 233, 172, 237, 200, 545, 399, 482, 112, 523, 640, 732, 60, 40, 661, 298, 0, 599, 919, 821, 848, 316, 257, 703, 375, 392, 987, 703, 469, 918, 65, 611, 582, 159, 206, 991, 103, 321, 85, 77, 863, 217, 395, 610, 170, 700, 715, 972, 87, 706, 338, 679, 784, 722, 834, 165, 396, 529, 207, 199, 628, 101, 491, 377, 401, 583, 435, 480, 577, 524, 541, 113, 384, 220, 540, 658, 365, 877, 132, 800, 789, 460, 302, 834, 969, 924, 638, 370, 23, 265, 373, 900, 591, 781, 721, 148, 376, 736, 725, 91]
[312, 995, 913, 98, 217, 232, 731, 496, 46, 90, 931, 678, 619, 804, 120, 766, 456, 539, 685, 903, 235, 182, 628, 743, 948, 509, 599, 0, 699, 862, 416, 585, 776, 510, 605, 823, 395, 439, 979, 837, 215, 127, 269, 364, 622, 310, 469, 183, 497, 459, 46, 96, 770, 434, 725, 138, 297, 510, 140, 531, 242, 52, 93, 468, 774, 637, 973, 293, 502, 955, 405, 669, 117, 900, 996, 654, 847, 135, 509, 193, 889, 169, 964, 186, 432, 646, 101, 36, 763, 282, 968, 436, 514, 787, 494, 405, 442, 842, 828, 269, 102, 59, 871, 817, 353, 71, 144, 783, 293, 627]
[196, 859, 345, 995, 285, 817, 397, 97, 464, 867, 526, 361, 64, 831, 483, 240, 347, 944, 104, 120, 852, 369, 905, 335, 317, 530, 919, 699, 0, 97, 997, 449, 249, 816, 728, 456, 734, 963, 817, 567, 302, 735, 922, 107, 274, 259, 971, 257, 724, 765, 536, 49, 181, 193, 553, 602, 274, 864, 570, 63, 253, 965, 159, 725, 640, 308, 326, 135, 957, 646, 474, 67, 637, 556, 836, 788, 327, 498, 633, 924, 433, 196, 240, 356, 426, 168, 858, 125, 822, 354, 703, 902, 342, 655, 811, 549, 555, 249, 223, 538, 837, 28, 247, 510, 616, 504, 121, 543, 288, 610]
[924, 511, 112, 774, 658, 632, 997, 142, 434, 929, 911, 931, 330, 172, 353, 312, 66, 477, 242, 570, 650, 753, 622, 642, 779, 876, 821, 862, 97, 0, 698, 371, 880, 934, 796, 810, 656, 672, 233, 179, 93, 471, 103, 186, 773, 330, 473, 38, 664, 869, 687, 540, 595, 120, 30, 818, 360, 383, 621, 935, 518, 85, 209, 210, 252, 457, 928, 987, 220, 898, 156, 451, 76, 404, 829, 593, 830, 948, 883, 710, 754, 164, 545, 250, 338, 563, 731, 375, 82, 90, 207, 219, 763, 404, 880, 763, 726, 944, 179, 578, 579, 614, 831, 578, 935, 486, 811, 444, 281, 313]
[843, 882, 872, 1000, 586, 688, 587, 668, 67, 641, 324, 272, 602, 870, 535, 191, 767, 914, 373, 53, 449, 377, 406, 783, 659, 908, 848, 416, 997, 698, 0, 148, 529, 567, 756, 355, 534, 189, 736, 28, 638, 102, 315, 273, 345, 448, 444, 510, 397, 910, 661, 863, 877, 496, 839, 226, 876, 272, 897, 317, 20, 981, 16, 803, 788, 548, 328, 969, 848, 842, 84, 840, 402, 754, 417, 635, 295, 795, 790, 728, 115, 905, 120, 143, 74, 256, 577, 609, 846, 653, 219, 676, 159, 536, 820, 850, 845, 24, 252, 964, 806, 589, 760, 136, 722, 372, 596, 125, 308, 467]
[708, 298, 860, 854, 918, 235, 469, 612, 111, 880, 422, 691, 78, 29, 629, 514, 609, 693, 938, 282, 563, 685, 678, 360, 93, 272, 316, 585, 449, 371, 148, 0, 844, 470, 842, 43, 688, 81, 616, 585, 397, 402, 787, 616, 431, 226, 691, 808, 819, 645, 910, 263, 374, 462, 916, 417, 371, 745, 117, 402, 767, 23, 531, 984, 501, 217, 999, 11, 604, 692, 808, 208, 873, 605, 563, 972, 614, 11, 27, 762, 699, 15, 80, 82, 448, 80, 222, 258, 955, 467, 824, 84, 785, 358, 67, 356, 570, 930, 571, 71, 385, 167, 436, 666, 407, 242, 44, 214, 790, 732]
[403, 920, 564, 161, 785, 474, 657, 579, 71, 104, 399, 936, 238, 424, 114, 921, 399, 742, 125, 359, 505, 84, 975, 419, 587, 291, 257, 776, 249, 880, 529, 844, 0, 134, 16, 470, 295, 852, 448, 307, 224, 434, 50, 723, 27, 139, 952, 973, 894, 158, 926, 840, 700, 316, 815, 50, 204, 525, 290, 924, 702, 258, 114, 608, 538, 698, 485, 414, 955, 785, 283, 887, 633, 675, 637, 700, 150, 344, 533, 468, 929, 994, 716, 97, 291, 849, 523, 764, 239, 390, 943, 356, 575, 293, 756, 702, 771, 322, 610, 261, 471, 722, 552, 177, 432, 515, 239, 135, 735, 326]
[791, 200, 835, 827, 40, 424, 714, 580, 599, 713, 922, 831, 607, 562, 565, 46, 39, 134, 191, 690, 473, 234, 180, 336, 762, 844, 703, 510, 816, 934, 567, 470, 134, 0, 697, 272, 411, 676, 891, 398, 140, 683, 505, 34, 915, 324, 35, 225, 671, 821, 438, 289, 895, 759, 888, 541, 292, 156, 488, 224, 671, 937, 281, 59, 975, 450, 441, 213, 91, 105, 531, 498, 249, 522, 199, 782, 419, 437, 375, 770, 753, 681, 681, 181, 741, 160, 104, 542, 402, 604, 280, 147, 123, 422, 407, 621, 306, 403, 788, 105, 527, 92, 55, 612, 32, 482, 356, 768, 384, 419]
[256, 522, 377, 532, 562, 935, 826, 728, 827, 753, 742, 368, 266, 347, 975, 439, 1000, 429, 502, 813, 470, 386, 452, 272, 482, 939, 375, 605, 728, 796, 756, 842, 16, 697, 0, 125, 74, 570, 458, 86, 661, 684, 431, 632, 346, 454, 410, 518, 38, 655, 310, 361, 951, 936, 656, 401, 27, 638, 963, 63, 215, 121, 920, 299, 490, 510, 93, 138, 429, 157, 890, 782, 570, 548, 112, 403, 613, 222, 544, 927, 245, 878, 712, 806, 146, 491, 539, 778, 594, 734, 529, 562, 187, 785, 306, 378, 429, 165, 477, 609, 338, 508, 140, 743, 950, 751, 32, 733, 270, 813]
[297, 195, 860, 923, 586, 672, 98, 578, 886, 537, 581, 17, 930, 138, 970, 471, 152, 259, 654, 179, 594, 165, 120, 228, 868, 64, 392, 823, 456, 810, 355, 43, 470, 272, 125, 0, 189, 942, 547, 824, 821, 499, 748, 858, 119, 79, 695, 532, 572, 489, 329, 274, 63, 837, 974, 812, 778, 106, 313, 35, 653, 346, 337, 87, 166, 223, 22, 156, 12, 709, 762, 458, 838, 111, 989, 605, 949, 111, 989, 674, 998, 666, 273, 316, 629, 560, 933, 393, 468, 857, 596, 355, 542, 339, 448, 77, 483, 355, 948, 291, 108, 633, 754, 957, 607, 309, 500, 752, 926, 638]
[241, 159, 755, 318, 137, 393, 97, 259, 757, 133, 932, 782, 862, 743, 853, 170, 293, 623, 830, 568, 856, 347, 186, 468, 617, 919, 987, 395, 734, 656, 534, 688, 295, 411, 74, 189, 0, 569, 911, 191, 582, 150, 955, 526, 201, 527, 614, 29, 535, 40, 882, 589, 626, 214, 632, 677, 111, 967, 692, 329, 181, 854, 353, 320, 245, 411, 634, 531, 123, 289, 740, 364, 78, 423, 859, 152, 21, 560, 50, 993, 921, 226, 263, 503, 559, 445, 111, 650, 840, 616, 56, 115, 943, 792, 593, 717, 759, 400, 358, 535, 636, 480, 433, 82, 443, 173, 757, 909, 965, 195]
[466, 525, 670, 262, 426, 812, 708, 585, 702, 445, 65, 815, 123, 615, 238, 265, 985, 226, 68, 441, 201, 367, 290, 510, 668, 712, 703, 439, 963, 672, 189, 81, 852, 676, 570, 942, 569, 0, 458, 30, 536, 154, 126, 789, 437, 706, 34, 126, 562, 450, 358, 206, 406, 350, 978, 934, 222, 530, 890, 222, 220, 71, 817, 479, 659, 237, 939, 492, 369, 688, 356, 777, 724, 98, 659, 753, 650, 185, 73, 799, 639, 724, 344, 550, 486, 702, 276, 715, 749, 487, 996, 427, 783, 867, 666, 925, 512, 981, 212, 140, 953, 499, 400, 816, 795, 960, 832, 676, 429, 334]
[506, 81, 86, 743, 496, 787, 97, 828, 68, 372, 346, 206, 632, 978, 857, 224, 282, 682, 300, 284, 280, 952, 361, 165, 881, 851, 469, 979, 817, 233, 736, 616, 448, 891, 458, 547, 911, 458, 0, 390, 496, 719, 937, 164, 473, 405, 376, 696, 34, 361, 898, 125, 756, 467, 671, 17, 337, 64, 593, 228, 996, 819, 311, 938, 301, 633, 267, 313, 536, 886, 234, 791, 709, 233, 767, 278, 87, 45, 933, 391, 923, 188, 658, 654, 724, 581, 966, 366, 600, 141, 187, 540, 618, 233, 47, 557, 178, 725, 953, 369, 190, 678, 682, 449, 760, 431, 795, 670, 690, 481]
[44, 166, 46, 282, 395, 372, 742, 402, 177, 274, 550, 986, 464, 628, 865, 375, 669, 772, 234, 607, 465, 791, 842, 396, 412, 322, 918, 837, 567, 179, 28, 585, 307, 398, 86, 824, 191, 30, 390, 0, 489, 292, 427, 343, 437, 562, 491, 947, 542, 648, 934, 248, 87, 565, 83, 711, 830, 350, 811, 927, 898, 314, 890, 1000, 718, 960, 973, 927, 215, 502, 615, 913, 425, 790, 330, 656, 795, 787, 801, 334, 954, 130, 13, 757, 617, 257, 685, 638, 307, 729, 801, 427, 327, 282, 843, 997, 427, 552, 98, 1000, 956, 574, 401, 572, 935, 138, 137, 990, 945, 807]
[929, 520, 203, 147, 415, 465, 616, 182, 668, 275, 720, 409, 256, 820, 349, 528, 714, 90, 69, 84, 596, 729, 982, 69, 675, 272, 65, 215, 302, 93, 638, 397, 224, 140, 661, 821, 582, 536, 496, 489, 0, 804, 319, 61, 29, 413, 700, 155, 32, 421, 628, 589, 707, 186, 523, 604, 151, 620, 38, 920, 164, 948, 836, 691, 690, 860, 996, 445, 424, 618, 170, 346, 96, 119, 874, 982, 25, 684, 138, 301, 83, 821, 915, 301, 173, 723, 159, 524, 184, 94, 988, 462, 559, 372, 47, 470, 456, 417, 889, 945, 891, 529, 476, 243, 88, 423, 374, 630, 464, 833]
[182, 752, 812, 849, 749, 866, 329, 788, 736, 84, 863, 112, 204, 195, 347, 100, 612, 807, 956, 661, 950, 764, 244, 384, 500, 545, 611, 127, 735, 471, 102, 402, 434, 683, 684, 499, 150, 154, 719, 292, 804, 0, 477, 615, 399, 488, 883, 30, 859, 262, 802, 666, 786, 495, 395, 804, 652, 588, 787, 128, 27, 216, 686, 963, 464, 255, 191, 448, 385, 278, 237, 147, 473, 69, 963, 644, 282, 346, 502, 278, 124, 189, 394, 305, 998, 747, 332, 521, 778, 653, 636, 729, 83, 326, 101, 804, 619, 191, 61, 877, 697, 124, 400, 431, 983, 464, 312, 320, 230, 56]
[70, 872, 639, 479, 658, 995, 631, 890, 312, 157, 854, 681, 682, 975, 809, 888, 31, 305, 823, 249, 242, 537, 345, 147, 822, 317, 582, 269, 922, 103, 315, 787, 50, 505, 431, 748, 955, 126, 937, 427, 319, 477, 0, 758, 294, 335, 241, 413, 721, 610, 162, 832, 685, 446, 419, 121, 403, 338, 34, 612, 522, 962, 142, 368, 990, 448, 842, 265, 931, 14, 354, 609, 240, 594, 587, 825, 864, 610, 670, 671, 439, 287, 856, 503, 633, 183, 796, 72, 147, 28, 645, 593, 190, 647, 108, 186, 52, 54, 237, 563, 726, 598, 264, 464, 922, 807, 277, 207, 132, 475]
[416, 376, 296, 757, 562, 152, 532, 464, 870, 356, 36, 683, 675, 784, 156, 180, 945, 127, 225, 833, 932, 340, 245, 888, 356, 968, 159, 364, 107, 186, 273, 616, 723, 34, 632, 858, 526, 789, 164, 343, 61, 615, 758, 0, 322, 254, 733, 784, 181, 443, 941, 494, 805, 577, 769, 171, 193, 75, 682, 416, 926, 733, 399, 315, 887, 117, 736, 756, 437, 307, 198, 510, 583, 163, 994, 882, 318, 822, 609, 91, 263, 32, 877, 355, 510, 654, 582, 281, 45, 396, 46, 426, 907, 229, 476, 447, 828, 713, 884, 601, 498, 523, 834, 398, 387, 281, 948, 945, 202, 236]
[555, 181, 996, 130, 303, 196, 830, 888, 99, 812, 886, 407, 922, 650, 878, 492, 227, 296, 28, 306, 122, 591, 224, 595, 604, 65, 206, 622, 274, 773, 345, 431, 27, 915, 346, 119, 201, 437, 473, 437, 29, 399, 294, 322, 0, 869, 511, 247, 152, 436, 492, 325, 60, 388, 920, 160, 656, 666, 747, 228, 617, 949, 750, 949, 588, 104, 650, 96, 349, 689, 531, 252, 322, 121, 902, 314, 421, 528, 877, 274, 312, 528, 613, 40, 81, 202, 973, 462, 578, 16, 449, 834, 639, 605, 194, 292, 430, 133, 362, 711, 799, 524, 852, 104, 231, 499, 647, 310, 917, 291]
[230, 173, 825, 648, 743, 813, 793, 220, 110, 533, 877, 734, 283, 502, 919, 191, 521, 177, 106, 160, 962, 641, 711, 722, 158, 643, 991, 310, 259, 330, 448, 226, 139, 324, 454, 79, 527, 706, 405, 562, 413, 488, 335, 254, 869, 0, 772, 209, 746, 667, 737, 352, 685, 963, 823, 128, 374, 595, 516, 760, 841, 900, 271, 706, 70, 893, 139, 750, 326, 495, 747, 313, 682, 897, 880, 156, 415, 671, 180, 179, 622, 793, 862, 945, 709, 751, 227, 962, 581, 986, 32, 831, 672, 403, 687, 521, 257, 765, 824, 35, 440, 497, 610, 538, 713, 331, 734, 401, 366, 397]
[639, 911, 661, 559, 346, 359, 860, 438, 948, 916, 975, 980, 542, 160, 294, 560, 719, 92, 101, 731, 707, 860, 830, 111, 231, 118, 103, 469, 971, 473, 444, 691, 952, 35, 410, 695, 614, 34, 376, 491, 700, 883, 241, 733, 511, 772, 0, 921, 966, 207, 535, 373, 311, 135, 232, 629, 185, 812, 244, 656, 687, 683, 221, 491, 522, 672, 64, 723, 643, 359, 145, 666, 419, 273, 296, 844, 75, 452, 77, 562, 110, 783, 434, 404, 459, 614, 253, 713, 783, 950, 772, 550, 917, 360, 997, 938, 822, 674, 894, 125, 787, 961, 588, 668, 858, 652, 597, 179, 891, 209]
[270, 614, 47, 639, 814, 519, 111, 458, 962, 796, 257, 320, 998, 186, 861, 551, 909, 60, 359, 347, 256, 70, 164, 721, 601, 517, 321, 183, 257, 38, 510, 808, 973, 225, 518, 532, 29, 126, 696, 947, 155, 30, 413, 784, 247, 209, 921, 0, 776, 518, 533, 771, 382, 852, 185, 431, 335, 322, 734, 969, 340, 536, 147, 797, 673, 520, 817, 943, 105, 359, 176, 746, 510, 95, 763, 311, 250, 240, 98, 302, 467, 883, 728, 717, 731, 439, 563, 231, 140, 512, 668, 321, 505, 667, 217, 312, 309, 694, 655, 377, 490, 837, 667, 582, 57, 794, 134, 184, 950, 670]
[448, 389, 492, 993, 386, 695, 982, 845, 171, 30, 227, 945, 381, 990, 499, 783, 437, 529, 538, 850, 699, 678, 569, 10, 948, 951, 85, 497, 724, 664, 397, 819, 894, 671, 38, 572, 535, 562, 34, 542, 32, 859, 721, 181, 152, 746, 966, 776, 0, 986, 340, 388, 728, 494, 180, 46, 925, 384, 140, 623, 558, 120, 606, 931, 294, 484, 974, 954, 342, 755, 784, 196, 545, 265, 175, 621, 920, 900, 561, 123, 978, 146, 606, 532, 103, 239, 401, 863, 851, 592, 616, 478, 850, 82, 369, 793, 197, 706, 959, 336, 373, 174, 274, 496, 954, 791, 449, 734, 986, 234]
[674, 959, 263, 822, 176, 419, 142, 679, 179, 287, 704, 861, 496, 675, 385, 135, 627, 345, 113, 411, 208, 862, 373, 865, 514, 729, 77, 459, 765, 869, 910, 645, 158, 821, 655, 489, 40, 450, 361, 648, 421, 262, 610, 443, 436, 667, 207, 518, 986, 0, 282, 799, 912, 74, 810, 730, 234, 341, 369, 77, 246, 801, 146, 859, 422, 703, 492, 21, 47, 435, 884, 490, 828, 325, 863, 544, 225, 640, 455, 275, 512, 768, 704, 549, 456, 14, 254, 861, 244, 145, 692, 698, 809, 699, 763, 470, 116, 986, 391, 193, 587, 631, 572, 479, 537, 233, 314, 649, 245, 189]
[31, 897, 280, 538, 593, 80, 969, 614, 82, 431, 862, 365, 923, 344, 520, 323, 501, 106, 413, 418, 33, 591, 625, 193, 963, 908, 863, 46, 536, 687, 661, 910, 926, 438, 310, 329, 882, 358, 898, 934, 628, 802, 162, 941, 492, 737, 535, 533, 340, 282, 0, 851, 120, 924, 631, 373, 233, 75, 471, 861, 891, 712, 52, 740, 14, 261, 291, 543, 422, 797, 248, 784, 169, 605, 580, 221, 749, 788, 759, 561, 821, 560, 661, 469, 869, 321, 718, 566, 521, 429, 698, 236, 782, 835, 928, 22, 519, 929, 127, 339, 747, 301, 606, 296, 770, 689, 445, 833, 479, 526]
[122, 411, 994, 178, 637, 209, 102, 730, 733, 209, 986, 381, 445, 323, 820, 721, 325, 846, 930, 495, 488, 282, 242, 353, 139, 583, 217, 96, 49, 540, 863, 263, 840, 289, 361, 274, 589, 206, 125, 248, 589, 666, 832, 494, 325, 352, 373, 771, 388, 799, 851, 0, 868, 925, 587, 226, 242, 985, 177, 343, 131, 570, 280, 244, 800, 47, 689, 848, 214, 944, 635, 487, 515, 861, 808, 871, 440, 572, 43, 868, 474, 578, 396, 751, 543, 518, 829, 312, 915, 116, 34, 528, 544, 191, 688, 584, 324, 22, 61, 777, 716, 178, 593, 259, 439, 604, 86, 500, 463, 124]
[698, 433, 993, 94, 410, 378, 245, 935, 429, 550, 754, 117, 834, 828, 280, 310, 900, 222, 71, 396, 746, 308, 463, 591, 460, 159, 395, 770, 181, 595, 877, 374, 700, 895, 951, 63, 626, 406, 756, 87, 707, 786, 685, 805, 60, 685, 311, 382, 728, 912, 120, 868, 0, 766, 403, 243, 671, 631, 118, 659, 432, 914, 379, 410, 504, 373, 511, 75, 93, 415, 844, 941, 452, 449, 169, 881, 209, 432, 920, 773, 622, 135, 745, 417, 911, 354, 528, 628, 163, 958, 898, 628, 375, 636, 215, 77, 497, 752, 519, 372, 583, 425, 330, 218, 406, 926, 146, 336, 294, 813]
[740, 265, 317, 657, 395, 49, 335, 436, 485, 687, 657, 350, 736, 506, 208, 706, 760, 447, 62, 77, 199, 487, 557, 217, 586, 677, 610, 434, 193, 120, 496, 462, 316, 759, 936, 837, 214, 350, 467, 565, 186, 495, 446, 577, 388, 963, 135, 852, 494, 74, 924, 925, 766, 0, 185, 181, 884, 859, 610, 792, 387, 146, 455, 322, 750, 563, 767, 624, 145, 388, 657, 273, 59, 581, 260, 271, 486, 39, 815, 917, 67, 475, 596, 977, 679, 986, 220, 92, 213, 987, 430, 704, 822, 119, 570, 635, 600, 379, 366, 18, 811, 77, 700, 837, 649, 865, 724, 314, 574, 432]
[239, 332, 233, 136, 241, 753, 762, 706, 754, 325, 627, 451, 267, 143, 504, 638, 755, 602, 496, 128, 807, 953, 186, 121, 106, 478, 170, 725, 553, 30, 839, 916, 815, 888, 656, 974, 632, 978, 671, 83, 523, 395, 419, 769, 920, 823, 232, 185, 180, 810, 631, 587, 403, 185, 0, 462, 80, 636, 967, 480, 490, 858, 205, 253, 687, 693, 290, 881, 489, 523, 787, 996, 145, 797, 635, 869, 60, 113, 880, 478, 91, 353, 237, 85, 795, 709, 650, 928, 716, 153, 226, 472, 750, 59, 838, 439, 105, 728, 906, 440, 848, 309, 556, 567, 351, 611, 555, 825, 274, 676]
[834, 917, 213, 122, 510, 625, 919, 803, 123, 545, 505, 223, 843, 76, 772, 403, 344, 717, 759, 97, 799, 964, 567, 353, 705, 942, 700, 138, 602, 818, 226, 417, 50, 541, 401, 812, 677, 934, 17, 711, 604, 804, 121, 171, 160, 128, 629, 431, 46, 730, 373, 226, 243, 181, 462, 0, 848, 734, 182, 273, 852, 251, 962, 465, 62, 109, 611, 964, 111, 494, 676, 166, 56, 744, 819, 591, 773, 816, 448, 440, 881, 188, 530, 690, 385, 831, 916, 841, 868, 317, 375, 178, 194, 345, 21, 366, 555, 926, 26, 867, 752, 609, 304, 307, 910, 824, 210, 758, 728, 841]
[418, 742, 523, 669, 539, 877, 342, 369, 826, 565, 111, 602, 991, 534, 522, 820, 670, 300, 301, 481, 410, 305, 792, 338, 643, 423, 715, 297, 274, 360, 876, 371, 204, 292, 27, 778, 111, 222, 337, 830, 151, 652, 403, 193, 656, 374, 185, 335, 925, 234, 233, 242, 671, 884, 80, 848, 0, 92, 681, 689, 585, 244, 30, 326, 408, 340, 685, 463, 95, 949, 51, 476, 182, 942, 688, 671, 696, 747, 206, 464, 829, 634, 264, 33, 21, 452, 348, 667, 271, 855, 868, 532, 772, 880, 944, 624, 471, 151, 27, 155, 316, 248, 484, 661, 736, 847, 952, 524, 952, 623]
[336, 335, 805, 294, 102, 77, 651, 700, 301, 121, 246, 18, 136, 774, 245, 187, 914, 835, 548, 710, 92, 990, 244, 50, 368, 309, 972, 510, 864, 383, 272, 745, 525, 156, 638, 106, 967, 530, 64, 350, 620, 588, 338, 75, 666, 595, 812, 322, 384, 341, 75, 985, 631, 859, 636, 734, 92, 0, 810, 738, 177, 730, 14, 205, 704, 599, 61, 674, 508, 723, 904, 861, 336, 256, 558, 231, 373, 735, 264, 266, 793, 575, 123, 221, 743, 125, 618, 413, 844, 324, 612, 437, 35, 743, 958, 904, 170, 49, 736, 102, 69, 49, 918, 428, 974, 655, 517, 194, 806, 509]
[850, 890, 497, 575, 305, 40, 948, 251, 980, 53, 976, 313, 587, 648, 844, 184, 929, 817, 290, 493, 56, 300, 730, 211, 300, 638, 87, 140, 570, 621, 897, 117, 290, 488, 963, 313, 692, 890, 593, 811, 38, 787, 34, 682, 747, 516, 244, 734, 140, 369, 471, 177, 118, 610, 967, 182, 681, 810, 0, 458, 837, 83, 432, 570, 551, 649, 826, 247, 69, 740, 262, 89, 660, 952, 512, 976, 359, 131, 702, 769, 82, 388, 694, 307, 218, 143, 886, 191, 353, 113, 50, 147, 506, 872, 274, 274, 973, 401, 520, 631, 24, 928, 749, 561, 118, 233, 385, 104, 558, 824]
[897, 670, 396, 968, 533, 778, 113, 905, 637, 254, 106, 10, 734, 911, 761, 600, 893, 994, 360, 852, 12, 14, 591, 125, 557, 119, 706, 531, 63, 935, 317, 402, 924, 224, 63, 35, 329, 222, 228, 927, 920, 128, 612, 416, 228, 760, 656, 969, 623, 77, 861, 343, 659, 792, 480, 273, 689, 738, 458, 0, 137, 375, 394, 545, 381, 792, 861, 838, 409, 306, 493, 116, 569, 227, 534, 478, 374, 355, 360, 314, 484, 623, 455, 165, 414, 331, 997, 170, 848, 849, 578, 709, 425, 379, 87, 826, 879, 440, 540, 957, 456, 729, 183, 194, 943, 38, 961, 885, 26, 48]
[442, 64, 511, 486, 819, 774, 561, 938, 262, 858, 479, 241, 70, 163, 108, 846, 71, 766, 621, 241, 948, 513, 59, 18, 793, 219, 338, 242, 253, 518, 20, 767, 702, 671, 215, 653, 181, 220, 996, 898, 164, 27, 522, 926, 617, 841, 687, 340, 558, 246, 891, 131, 432, 387, 490, 852, 585, 177, 837, 137, 0, 757, 294, 363, 49, 413, 328, 465, 372, 375, 835, 913, 967, 868, 609, 970, 720, 217, 718, 672, 592, 806, 542, 400, 227, 75, 212, 862, 430, 135, 486, 321, 784, 106, 91, 583, 659, 758, 499, 971, 109, 307, 857, 291, 243, 215, 57, 507, 287, 970]
[16, 629, 322, 618, 868, 686, 629, 122, 748, 682, 740, 222, 204, 374, 65, 264, 686, 981, 492, 971, 511, 301, 158, 586, 497, 541, 679, 52, 965, 85, 981, 23, 258, 937, 121, 346, 854, 71, 819, 314, 948, 216, 962, 733, 949, 900, 683, 536, 120, 801, 712, 570, 914, 146, 858, 251, 244, 730, 83, 375, 757, 0, 508, 665, 494, 505, 907, 541, 42, 878, 357, 144, 332, 320, 265, 651, 989, 890, 719, 497, 350, 164, 413, 544, 731, 23, 842, 184, 414, 64, 75, 496, 424, 44, 906, 832, 323, 80, 81, 624, 678, 934, 580, 593, 715, 743, 112, 225, 975, 480]
[105, 38, 260, 604, 981, 235, 964, 907, 160, 216, 941, 502, 498, 136, 244, 421, 455, 69, 849, 513, 280, 45, 123, 712, 635, 371, 784, 93, 159, 209, 16, 531, 114, 281, 920, 337, 353, 817, 311, 890, 836, 686, 142, 399, 750, 271, 221, 147, 606, 146, 52, 280, 379, 455, 205, 962, 30, 14, 432, 394, 294, 508, 0, 50, 635, 217, 846, 983, 580, 779, 713, 628, 33, 412, 59, 383, 719, 287, 881, 716, 138, 948, 527, 981, 972, 885, 159, 545, 174, 479, 89, 503, 314, 587, 468, 893, 65, 914, 580, 945, 321, 168, 414, 617, 328, 359, 449, 719, 93, 854]
[619, 732, 637, 648, 362, 880, 390, 339, 854, 816, 637, 457, 500, 498, 46, 931, 495, 32, 833, 175, 422, 364, 83, 772, 923, 110, 722, 468, 725, 210, 803, 984, 608, 59, 299, 87, 320, 479, 938, 1000, 691, 963, 368, 315, 949, 706, 491, 797, 931, 859, 740, 244, 410, 322, 253, 465, 326, 205, 570, 545, 363, 665, 50, 0, 667, 798, 705, 842, 233, 273, 212, 580, 556, 961, 104, 204, 411, 571, 393, 973, 155, 487, 135, 812, 168, 256, 896, 34, 552, 385, 353, 427, 747, 590, 217, 899, 150, 38, 915, 973, 867, 242, 296, 568, 576, 721, 810, 774, 191, 91]
[624, 363, 571, 169, 872, 669, 10, 969, 656, 756, 232, 254, 405, 241, 101, 572, 126, 905, 204, 354, 329, 37, 158, 156, 571, 864, 834, 774, 640, 252, 788, 501, 538, 975, 490, 166, 245, 659, 301, 718, 690, 464, 990, 887, 588, 70, 522, 673, 294, 422, 14, 800, 504, 750, 687, 62, 408, 704, 551, 381, 49, 494, 635, 667, 0, 858, 501, 956, 241, 415, 887, 567, 863, 314, 607, 501, 265, 869, 585, 85, 941, 311, 319, 624, 334, 965, 871, 802, 721, 60, 618, 553, 438, 165, 911, 633, 812, 555, 659, 632, 219, 104, 272, 358, 533, 186, 580, 889, 10, 719]
[63, 91, 998, 660, 415, 51, 182, 164, 279, 807, 729, 968, 174, 611, 705, 180, 597, 744, 369, 747, 834, 631, 490, 284, 509, 190, 165, 637, 308, 457, 548, 217, 698, 450, 510, 223, 411, 237, 633, 960, 860, 255, 448, 117, 104, 893, 672, 520, 484, 703, 261, 47, 373, 563, 693, 109, 340, 599, 649, 792, 413, 505, 217, 798, 858, 0, 80, 408, 486, 713, 795, 248, 953, 61, 566, 587, 466, 467, 350, 486, 162, 586, 233, 747, 334, 316, 855, 69, 807, 332, 118, 137, 212, 320, 650, 686, 575, 451, 689, 413, 770, 924, 377, 200, 240, 122, 640, 485, 22, 538]
[66, 448, 344, 145, 732, 955, 205, 270, 54, 527, 336, 758, 669, 22, 421, 913, 504, 354, 151, 89, 88, 839, 642, 932, 467, 950, 396, 973, 326, 928, 328, 999, 485, 441, 93, 22, 634, 939, 267, 973, 996, 191, 842, 736, 650, 139, 64, 817, 974, 492, 291, 689, 511, 767, 290, 611, 685, 61, 826, 861, 328, 907, 846, 705, 501, 80, 0, 404, 398, 643, 139, 244, 144, 15, 191, 953, 883, 289, 885, 374, 691, 410, 683, 229, 112, 561, 751, 46, 749, 57, 904, 946, 715, 901, 685, 877, 381, 835, 948, 479, 742, 618, 59, 557, 386, 798, 480, 23, 146, 864]
[241, 995, 570, 179, 192, 394, 446, 955, 281, 648, 371, 368, 578, 17, 805, 938, 476, 130, 694, 478, 865, 457, 404, 21, 493, 613, 529, 293, 135, 987, 969, 11, 414, 213, 138, 156, 531, 492, 313, 927, 445, 448, 265, 756, 96, 750, 723, 943, 954, 21, 543, 848, 75, 624, 881, 964, 463, 674, 247, 838, 465, 541, 983, 842, 956, 408, 404, 0, 180, 322, 860, 341, 867, 185, 324, 509, 559, 96, 587, 341, 427, 793, 709, 297, 539, 570, 444, 627, 154, 268, 482, 749, 869, 977, 369, 966, 348, 869, 852, 607, 138, 200, 414, 310, 651, 477, 76, 501, 733, 679]
[169, 687, 871, 484, 634, 410, 769, 620, 341, 873, 265, 593, 594, 430, 489, 200, 978, 675, 446, 59, 366, 874, 277, 529, 844, 737, 207, 502, 957, 220, 848, 604, 955, 91, 429, 12, 123, 369, 536, 215, 424, 385, 931, 437, 349, 326, 643, 105, 342, 47, 422, 214, 93, 145, 489, 111, 95, 508, 69, 409, 372, 42, 580, 233, 241, 486, 398, 180, 0, 337, 148, 125, 922, 13, 964, 922, 76, 668, 375, 728, 448, 591, 111, 442, 933, 262, 933, 677, 115, 649, 829, 230, 451, 368, 723, 704, 849, 843, 514, 572, 857, 294, 73, 689, 981, 92, 573, 400, 545, 240]
[894, 692, 68, 509, 436, 701, 470, 717, 625, 715, 655, 52, 669, 415, 45, 707, 566, 760, 13, 571, 22, 566, 278, 443, 238, 806, 199, 955, 646, 898, 842, 692, 785, 105, 157, 709, 289, 688, 886, 502, 618, 278, 14, 307, 689, 495, 359, 359, 755, 435, 797, 944, 415, 388, 523, 494, 949, 723, 740, 306, 375, 878, 779, 273, 415, 713, 643, 322, 337, 0, 729, 400, 606, 937, 206, 698, 499, 601, 189, 753, 226, 822, 435, 930, 267, 967, 336, 23, 660, 244, 66, 489, 578, 657, 822, 525, 243, 715, 231, 188, 754, 15, 865, 965, 47, 405, 723, 836, 209, 476]
[571, 71, 212, 187, 201, 137, 373, 555, 798, 208, 641, 864, 79, 11, 28, 183, 96, 960, 584, 307, 303, 833, 247, 628, 748, 970, 628, 405, 474, 156, 84, 808, 283, 531, 890, 762, 740, 356, 234, 615, 170, 237, 354, 198, 531, 747, 145, 176, 784, 884, 248, 635, 844, 657, 787, 676, 51, 904, 262, 493, 835, 357, 713, 212, 887, 795, 139, 860, 148, 729, 0, 474, 238, 402, 341, 156, 168, 462, 361, 206, 210, 570, 778, 177, 226, 946, 57, 224, 315, 516, 616, 955, 593, 450, 289, 849, 411, 744, 512, 73, 967, 879, 185, 661, 327, 135, 706, 82, 937, 709]
[616, 38, 243, 500, 156, 56, 502, 621, 421, 657, 160, 637, 969, 940, 858, 161, 651, 705, 733, 296, 514, 342, 311, 596, 809, 331, 101, 669, 67, 451, 840, 208, 887, 498, 782, 458, 364, 777, 791, 913, 346, 147, 609, 510, 252, 313, 666, 746, 196, 490, 784, 487, 941, 273, 996, 166, 476, 861, 89, 116, 913, 144, 628, 580, 567, 248, 244, 341, 125, 400, 474, 0, 491, 143, 745, 308, 816, 637, 728, 457, 521, 103, 325, 261, 570, 168, 586, 472, 444, 504, 428, 367, 832, 104, 536, 129, 606, 554, 16, 684, 71, 994, 498, 794, 995, 33, 847, 334, 786, 402]
[545, 102, 692, 700, 932, 250, 386, 906, 201, 763, 750, 860, 534, 179, 431, 54, 329, 923, 424, 134, 151, 983, 780, 504, 102, 407, 491, 117, 637, 76, 402, 873, 633, 249, 570, 838, 78, 724, 709, 425, 96, 473, 240, 583, 322, 682, 419, 510, 545, 828, 169, 515, 452, 59, 145, 56, 182, 336, 660, 569, 967, 332, 33, 556, 863, 953, 144, 867, 922, 606, 238, 491, 0, 919, 257, 555, 524, 843, 403, 195, 264, 523, 340, 368, 44, 433, 351, 173, 874, 241, 256, 569, 327, 990, 387, 691, 954, 203, 565, 870, 110, 496, 810, 504, 874, 931, 429, 960, 320, 941]
[500, 319, 537, 197, 671, 689, 296, 808, 476, 325, 64, 410, 889, 858, 759, 725, 286, 293, 117, 712, 696, 675, 823, 436, 175, 677, 377, 900, 556, 404, 754, 605, 675, 522, 548, 111, 423, 98, 233, 790, 119, 69, 594, 163, 121, 897, 273, 95, 265, 325, 605, 861, 449, 581, 797, 744, 942, 256, 952, 227, 868, 320, 412, 961, 314, 61, 15, 185, 13, 937, 402, 143, 919, 0, 780, 311, 116, 662, 26, 706, 744, 220, 668, 296, 25, 832, 47, 620, 390, 160, 284, 591, 665, 686, 147, 867, 212, 547, 21, 227, 120, 801, 763, 718, 17, 462, 237, 780, 928, 679]
