[0, 748, 537, 958, 214, 927, 707, 821, 193, 957, 995, 857, 435, 741, 790, 654, 137, 320, 752, 399, 931, 885, 324, 787, 233, 653, 677, 681, 500, 559, 324, 465, 566, 879, 732, 806, 725, 668, 925, 443, 84, 823, 902, 222, 460, 337, 193, 770, 346, 230, 688, 956, 482, 226, 975, 325, 750, 327, 414, 965, 36, 73, 78, 651, 159, 879, 392, 150, 534, 36, 649, 985, 968, 646, 176, 633, 852, 16, 649, 814, 947, 12, 252, 947, 60, 215, 810, 746, 564, 688, 478, 74, 106, 581, 727, 607, 550, 243, 646, 20, 583, 988, 75, 943, 303, 549, 589, 689, 333, 389, 569, 978, 306, 698, 551, 38, 622, 453, 776, 426, 171, 371, 560, 168, 479, 697, 589, 364, 600, 223, 922, 814, 607, 866, 50, 257, 395, 912, 941, 616, 11, 179, 511, 764, 244, 294, 379, 20, 986, 131, 157, 349, 385, 167, 760, 367, 489, 652, 131, 178, 184, 269, 682, 608, 262, 631, 305, 557, 535, 347, 240, 903, 465, 546, 349, 26, 515, 700, 292, 95]
[748, 0, 108, 659, 116, 819, 49, 936, 49, 350, 455, 204, 420, 640, 623, 272, 902, 459, 98, 992, 559, 25, 349, 231, 471, 740, 903, 321, 415, 387, 590, 719, 461, 840, 506, 957, 771, 806, 846, 474, 257, 641, 992, 176, 752, 594, 47, 709, 561, 328, 669, 461, 769, 87, 786, 986, 720, 100, 537, 473, 72, 619, 62, 645, 890, 530, 53, 879, 128, 794, 68, 163, 709, 601, 558, 785, 201, 624, 674, 924, 127, 591, 591, 428, 679, 435, 753, 605, 557, 419, 339, 223, 252, 225, 644, 395, 548, 479, 418, 339, 852, 143, 253, 302, 119, 288, 23, 998, 430, 124, 888, 130, 305, 183, 125, 291, 48, 612, 273, 99, 450, 367, 253, 202, 493, 47, 998, 910, 559, 28, 904, 841, 564, 219, 813, 784, 958, 378, 336, 724, 140, 479, 483, 694, 827, 991, 591, 75, 198, 954, 636, 638, 672, 100, 567, 832, 822, 485, 692, 304, 810, 902, 360, 955, 82, 283, 999, 732, 480, 229, 238, 824, 609, 413, 108, 331, 551, 382, 641, 187]
[537, 108, 0, 753, 193, 922, 362, 647, 307, 551, 180, 291, 514, 896, 856, 61, 733, 915, 868, 274, 864, 760, 605, 181, 799, 691, 770, 944, 71, 198, 979, 600, 953, 974, 657, 974, 584, 698, 401, 473, 898, 571, 182, 730, 171, 30, 651, 885, 774, 820, 448, 328, 929, 765, 449, 926, 734, 608, 947, 619, 258, 349, 617, 118, 290, 767, 615, 655, 230, 488, 30, 322, 526, 365, 300, 259, 644, 670, 869, 625, 181, 820, 891, 470, 880, 394, 395, 50, 786, 965, 592, 348, 141, 840, 790, 191, 577, 331, 629, 703, 29, 287, 381, 479, 492, 27, 391, 542, 71, 524, 787, 142, 206, 230, 192, 81, 900, 166, 895, 740, 887, 962, 869, 629, 108, 864, 459, 326, 496, 753, 163, 546, 514, 531, 72, 686, 379, 367, 778, 926, 110, 744, 669, 907, 60, 199, 598, 321, 326, 166, 47, 327, 240, 624, 205, 28, 433, 1000, 336, 461, 651, 22, 530, 221, 424, 419, 82, 372, 934, 656, 232, 452, 360, 114, 165, 821, 772, 290, 992, 222]
[958, 659, 753, 0, 781, 273, 51, 218, 391, 948, 657, 739, 139, 808, 845, 235, 663, 514, 951, 535, 574, 337, 588, 490, 764, 410, 122, 330, 112, 935, 640, 913, 1000, 283, 175, 965, 66, 893, 620, 38, 370, 605, 595, 809, 248, 199, 740, 736, 860, 386, 579, 163, 173, 220, 961, 716, 606, 910, 130, 488, 455, 479, 111, 659, 357, 678, 839, 841, 447, 215, 580, 494, 619, 270, 188, 557, 95, 905, 203, 193, 203, 115, 942, 661, 964, 316, 504, 750, 791, 77, 589, 997, 365, 18, 881, 984, 121, 27, 731, 99, 169, 523, 710, 971, 293, 890, 531, 236, 258, 932, 950, 166, 150, 780, 673, 688, 571, 88, 423, 908, 761, 903, 559, 513, 939, 399, 935, 117, 312, 1000, 504, 51, 159, 660, 512, 419, 518, 692, 281, 438, 384, 415, 85, 27, 521, 356, 682, 867, 925, 649, 205, 64, 798, 271, 772, 199, 606, 905, 664, 796, 221, 78, 548, 178, 700, 924, 959, 616, 606, 23, 494, 888, 215, 524, 568, 858, 781, 378, 813, 490]
[214, 116, 193, 781, 0, 474, 632, 73, 532, 355, 546, 398, 241, 12, 13, 797, 829, 280, 117, 153, 820, 370, 977, 252, 960, 36, 403, 98, 693, 174, 351, 961, 736, 795, 185, 219, 788, 834, 827, 411, 472, 573, 610, 111, 860, 748, 638, 272, 100, 347, 258, 683, 426, 643, 484, 565, 943, 210, 418, 762, 113, 369, 342, 360, 305, 83, 314, 873, 592, 164, 554, 157, 669, 604, 96, 349, 432, 898, 315, 475, 601, 290, 253, 129, 925, 291, 508, 716, 268, 843, 867, 131, 184, 374, 760, 840, 261, 188, 552, 305, 263, 913, 472, 496, 343, 282, 713, 211, 709, 618, 912, 64, 219, 406, 641, 28, 943, 917, 971, 161, 702, 310, 951, 980, 455, 680, 969, 516, 230, 266, 127, 122, 711, 675, 543, 146, 867, 992, 465, 734, 140, 805, 491, 990, 547, 503, 669, 124, 406, 752, 38, 887, 135, 900, 842, 477, 396, 744, 471, 533, 709, 668, 941, 139, 991, 477, 418, 973, 442, 544, 242, 429, 740, 546, 89, 718, 708, 109, 710, 442]
[927, 819, 922, 273, 474, 0, 860, 377, 424, 939, 678, 841, 862, 142, 371, 944, 824, 575, 577, 325, 602, 476, 566, 857, 666, 547, 313, 327, 366, 168, 416, 756, 215, 908, 779, 367, 376, 764, 100, 792, 496, 157, 762, 444, 202, 878, 500, 964, 989, 314, 811, 98, 532, 724, 931, 327, 489, 33, 762, 209, 42, 137, 865, 425, 302, 686, 200, 723, 724, 312, 950, 604, 72, 316, 516, 395, 299, 773, 645, 943, 211, 556, 867, 671, 474, 460, 448, 636, 975, 928, 304, 559, 278, 293, 245, 897, 886, 325, 793, 681, 792, 138, 647, 496, 946, 513, 970, 60, 710, 462, 763, 261, 313, 680, 302, 781, 728, 589, 868, 648, 343, 826, 105, 364, 422, 46, 101, 119, 445, 615, 237, 946, 439, 670, 390, 502, 104, 761, 599, 493, 693, 262, 41, 262, 905, 948, 648, 76, 991, 879, 541, 263, 277, 239, 203, 755, 34, 771, 313, 657, 56, 595, 555, 910, 949, 348, 381, 115, 678, 731, 627, 74, 288, 105, 787, 162, 554, 831, 197, 838]
[707, 49, 362, 51, 632, 860, 0, 324, 756, 483, 1000, 185, 402, 484, 158, 527, 41, 522, 678, 823, 44, 257, 516, 897, 532, 179, 594, 108, 997, 580, 795, 645, 127, 421, 748, 605, 305, 629, 626, 909, 358, 977, 951, 697, 34, 572, 776, 115, 326, 406, 410, 480, 213, 104, 719, 771, 962, 111, 428, 224, 882, 913, 192, 278, 335, 42, 376, 516, 844, 537, 33, 587, 939, 510, 232, 407, 891, 403, 609, 706, 521, 447, 68, 374, 180, 272, 899, 508, 635, 913, 496, 157, 979, 809, 42, 974, 871, 257, 339, 842, 113, 129, 520, 383, 747, 747, 878, 602, 779, 197, 339, 330, 854, 80, 855, 158, 598, 340, 61, 561, 523, 699, 256, 330, 807, 411, 495, 335, 813, 288, 69, 963, 98, 998, 178, 13, 645, 51, 306, 627, 445, 516, 520, 363, 588, 165, 866, 493, 410, 493, 298, 49, 423, 369, 244, 987, 890, 709, 908, 38, 704, 111, 906, 903, 657, 255, 107, 555, 316, 459, 98, 123, 725, 295, 138, 14, 618, 841, 896, 445]
[821, 936, 647, 218, 73, 377, 324, 0, 650, 39, 97, 587, 328, 289, 945, 868, 101, 818, 505, 782, 77, 873, 818, 99, 700, 793, 790, 445, 383, 294, 972, 768, 54, 93, 629, 893, 997, 133, 353, 590, 559, 134, 370, 749, 374, 456, 556, 211, 75, 350, 671, 978, 470, 893, 76, 922, 1000, 244, 312, 342, 260, 910, 622, 209, 258, 731, 746, 852, 555, 657, 242, 13, 837, 910, 565, 83, 302, 796, 762, 562, 452, 506, 675, 35, 777, 781, 728, 574, 635, 993, 412, 837, 154, 930, 752, 125, 734, 529, 693, 555, 496, 172, 334, 13, 742, 510, 475, 674, 495, 925, 708, 629, 905, 942, 906, 300, 141, 78, 260, 768, 452, 475, 500, 570, 889, 279, 126, 15, 760, 49, 835, 680, 280, 613, 327, 869, 846, 551, 659, 694, 685, 746, 131, 318, 878, 583, 969, 894, 650, 50, 336, 671, 330, 17, 961, 105, 881, 665, 452, 521, 839, 569, 970, 704, 641, 614, 471, 793, 646, 758, 11, 250, 943, 353, 934, 692, 734, 241, 334, 678]
[193, 49, 307, 391, 532, 424, 756, 650, 0, 179, 889, 827, 110, 13, 813, 969, 464, 831, 128, 175, 634, 459, 331, 335, 414, 120, 127, 634, 298, 659, 527, 950, 498, 552, 167, 747, 783, 219, 554, 478, 188, 564, 684, 109, 460, 213, 905, 783, 877, 36, 495, 830, 553, 10, 286, 468, 549, 843, 850, 388, 51, 279, 973, 913, 244, 95, 858, 991, 349, 361, 99, 703, 538, 540, 562, 52, 227, 911, 702, 383, 616, 228, 849, 743, 689, 462, 880, 413, 155, 63, 712, 961, 764, 599, 807, 870, 490, 547, 243, 433, 608, 28, 260, 785, 760, 614, 423, 740, 870, 704, 218, 52, 302, 739, 72, 956, 217, 389, 730, 856, 515, 158, 630, 252, 633, 602, 800, 163, 227, 14, 202, 128, 924, 22, 783, 730, 343, 688, 323, 513, 547, 985, 506, 766, 752, 410, 266, 929, 403, 128, 102, 367, 54, 91, 685, 392, 882, 705, 748, 869, 869, 792, 177, 668, 110, 290, 138, 930, 973, 464, 410, 535, 81, 840, 569, 324, 136, 276, 196, 746]
[957, 350, 551, 948, 355, 939, 483, 39, 179, 0, 678, 291, 352, 21, 158, 494, 129, 719, 304, 422, 810, 299, 43, 955, 175, 45, 726, 423, 525, 367, 678, 539, 545, 541, 122, 99, 163, 836, 543, 811, 477, 80, 938, 843, 798, 78, 536, 484, 770, 606, 899, 498, 698, 779, 295, 260, 328, 326, 566, 918, 459, 456, 477, 658, 233, 727, 119, 907, 625, 87, 944, 990, 619, 620, 963, 162, 331, 761, 70, 890, 547, 860, 990, 895, 534, 517, 91, 948, 962, 743, 147, 206, 783, 728, 876, 98, 501, 486, 283, 633, 304, 867, 847, 237, 833, 815, 110, 571, 733, 404, 102, 776, 151, 771, 68, 797, 23, 760, 432, 792, 161, 429, 78, 451, 231, 687, 322, 831, 127, 118, 598, 642, 532, 657, 434, 720, 385, 258, 43, 468, 407, 294, 238, 140, 551, 958, 204, 823, 455, 414, 850, 241, 429, 301, 240, 800, 990, 285, 80, 711, 462, 64, 340, 176, 632, 15, 334, 141, 559, 646, 535, 631, 116, 814, 180, 530, 40, 34, 821, 526]
[995, 455, 180, 657, 546, 678, 1000, 97, 889, 678, 0, 719, 519, 184, 837, 502, 294, 398, 843, 440, 70, 959, 355, 544, 720, 682, 534, 518, 906, 545, 645, 87, 790, 981, 508, 397, 658, 724, 840, 76, 519, 590, 674, 39, 57, 364, 120, 439, 117, 531, 455, 248, 972, 470, 130, 576, 980, 30, 858, 837, 413, 239, 759, 820, 328, 723, 492, 626, 801, 55, 118, 612, 577, 104, 833, 107, 660, 963, 437, 257, 30, 817, 401, 517, 85, 498, 67, 720, 643, 686, 669, 979, 758, 450, 99, 828, 690, 667, 157, 914, 523, 878, 386, 477, 562, 150, 760, 528, 473, 586, 724, 907, 841, 775, 344, 508, 81, 864, 800, 31, 983, 154, 519, 713, 902, 438, 382, 657, 266, 96, 690, 407, 809, 754, 85, 764, 526, 857, 990, 305, 648, 817, 512, 778, 432, 595, 391, 336, 780, 224, 147, 14, 178, 122, 868, 959, 153, 29, 473, 739, 245, 401, 229, 393, 953, 338, 433, 938, 909, 302, 321, 572, 22, 57, 898, 207, 240, 121, 612, 541]
[857, 204, 291, 739, 398, 841, 185, 587, 827, 291, 719, 0, 42, 220, 110, 245, 160, 165, 603, 148, 387, 212, 199, 335, 343, 178, 952, 834, 31, 603, 506, 859, 116, 718, 887, 84, 800, 342, 560, 392, 904, 483, 655, 852, 193, 539, 374, 814, 919, 651, 113, 248, 543, 17, 365, 781, 495, 117, 245, 608, 505, 845, 666, 907, 855, 863, 952, 793, 159, 655, 717, 339, 183, 580, 303, 347, 731, 219, 724, 545, 95, 318, 926, 774, 38, 883, 827, 39, 603, 973, 150, 835, 427, 277, 190, 14, 818, 247, 648, 101, 462, 91, 416, 743, 489, 159, 448, 832, 18, 905, 438, 188, 505, 264, 282, 453, 895, 474, 11, 452, 912, 571, 984, 141, 198, 230, 973, 451, 414, 160, 995, 714, 388, 877, 823, 929, 787, 362, 160, 49, 931, 37, 129, 845, 970, 872, 878, 668, 573, 254, 406, 442, 890, 775, 777, 567, 521, 630, 719, 453, 469, 329, 70, 702, 278, 653, 54, 720, 585, 911, 234, 188, 274, 633, 75, 110, 324, 605, 717, 839]
[435, 420, 514, 139, 241, 862, 402, 328, 110, 352, 519, 42, 0, 397, 943, 269, 129, 281, 329, 580, 266, 753, 931, 868, 731, 899, 679, 49, 351, 854, 489, 390, 663, 339, 42, 549, 742, 137, 124, 998, 732, 21, 40, 486, 289, 952, 616, 807, 929, 444, 937, 117, 910, 936, 161, 183, 569, 177, 937, 524, 644, 621, 70, 871, 638, 586, 322, 896, 194, 159, 475, 213, 747, 373, 533, 918, 486, 381, 849, 252, 581, 570, 693, 855, 821, 514, 485, 476, 145, 824, 127, 204, 468, 113, 885, 72, 762, 199, 982, 272, 475, 650, 110, 648, 426, 387, 791, 346, 358, 61, 165, 992, 687, 183, 239, 131, 425, 31, 353, 298, 36, 79, 413, 214, 935, 975, 726, 177, 890, 26, 811, 317, 845, 150, 623, 653, 490, 210, 579, 732, 897, 212, 918, 326, 691, 609, 421, 291, 260, 26, 291, 740, 602, 516, 364, 614, 159, 820, 642, 194, 881, 653, 375, 742, 912, 675, 607, 77, 511, 766, 613, 137, 276, 317, 231, 193, 985, 875, 424, 433]
[741, 640, 896, 808, 12, 142, 484, 289, 13, 21, 184, 220, 397, 0, 832, 409, 146, 65, 489, 988, 160, 426, 58, 893, 401, 384, 345, 368, 868, 631, 760, 511, 826, 673, 935, 428, 272, 411, 260, 316, 549, 541, 444, 787, 119, 114, 779, 633, 234, 252, 28, 977, 997, 841, 630, 936, 883, 848, 71, 944, 430, 123, 806, 436, 304, 200, 108, 178, 145, 674, 693, 937, 10, 459, 419, 641, 976, 37, 90, 588, 550, 820, 194, 610, 381, 254, 35, 421, 433, 967, 21, 530, 458, 645, 871, 105, 359, 660, 273, 84, 345, 601, 760, 813, 961, 601, 177, 521, 649, 308, 508, 466, 964, 689, 286, 420, 337, 59, 890, 734, 781, 511, 82, 674, 149, 171, 912, 609, 122, 170, 229, 422, 681, 836, 242, 630, 38, 510, 224, 518, 314, 813, 305, 352, 334, 375, 611, 113, 452, 602, 373, 866, 698, 509, 449, 937, 647, 529, 149, 32, 198, 887, 494, 469, 628, 959, 375, 914, 40, 144, 421, 342, 937, 469, 785, 902, 834, 97, 19, 905]
[790, 623, 856, 845, 13, 371, 158, 945, 813, 158, 837, 110, 943, 832, 0, 327, 117, 694, 500, 828, 745, 531, 306, 876, 295, 231, 969, 643, 97, 651, 347, 729, 585, 493, 163, 979, 387, 236, 785, 301, 187, 801, 133, 738, 224, 56, 797, 413, 310, 527, 910, 574, 560, 946, 255, 731, 474, 880, 156, 155, 839, 837, 540, 181, 622, 969, 280, 337, 304, 41, 369, 203, 223, 823, 798, 798, 601, 773, 836, 688, 313, 749, 541, 304, 847, 919, 634, 422, 24, 853, 819, 615, 932, 316, 276, 783, 19, 312, 405, 152, 481, 459, 191, 409, 615, 954, 458, 273, 271, 991, 91, 113, 262, 996, 326, 285, 859, 744, 886, 118, 350, 651, 184, 380, 271, 631, 512, 866, 373, 409, 677, 91, 183, 764, 94, 478, 706, 935, 844, 225, 677, 125, 828, 383, 533, 134, 578, 356, 81, 767, 882, 418, 271, 157, 517, 680, 532, 860, 498, 161, 945, 549, 364, 33, 461, 422, 770, 757, 482, 481, 917, 939, 734, 410, 265, 704, 913, 292, 349, 40]
[654, 272, 61, 235, 797, 944, 527, 868, 969, 494, 502, 245, 269, 409, 327, 0, 759, 36, 97, 196, 457, 502, 199, 323, 820, 534, 803, 935, 229, 934, 448, 499, 605, 743, 332, 877, 950, 391, 30, 116, 628, 568, 81, 250, 14, 746, 570, 370, 326, 747, 56, 285, 132, 563, 941, 120, 931, 75, 290, 526, 46, 253, 178, 892, 296, 711, 481, 250, 927, 861, 105, 491, 943, 690, 106, 16, 734, 75, 695, 74, 531, 379, 580, 939, 415, 705, 460, 292, 319, 777, 719, 215, 570, 62, 648, 740, 760, 674, 878, 962, 187, 524, 672, 318, 369, 388, 47, 537, 177, 800, 53, 135, 199, 218, 658, 375, 987, 474, 637, 108, 263, 307, 458, 338, 84, 762, 369, 862, 296, 127, 269, 922, 353, 713, 699, 958, 880, 695, 401, 854, 433, 776, 895, 51, 45, 578, 244, 698, 334, 29, 1000, 109, 346, 275, 253, 570, 589, 297, 646, 976, 984, 66, 807, 306, 181, 125, 337, 919, 383, 262, 970, 558, 177, 303, 208, 818, 502, 792, 289, 382]
[137, 902, 733, 663, 829, 824, 41, 101, 464, 129, 294, 160, 129, 146, 117, 759, 0, 267, 533, 481, 694, 55, 573, 754, 241, 933, 414, 875, 677, 733, 958, 946, 582, 301, 264, 469, 105, 904, 73, 258, 14, 659, 213, 73, 222, 451, 56, 157, 541, 614, 192, 156, 77, 287, 171, 95, 723, 395, 116, 746, 377, 636, 951, 508, 354, 711, 180, 822, 946, 854, 329, 121, 21, 960, 88, 122, 925, 24, 281, 636, 911, 133, 621, 726, 239, 185, 957, 571, 385, 25, 530, 178, 101, 910, 30, 680, 468, 713, 446, 379, 293, 245, 800, 945, 149, 215, 980, 603, 944, 961, 437, 784, 407, 575, 33, 104, 553, 480, 1000, 29, 216, 435, 502, 143, 851, 387, 191, 563, 27, 479, 681, 371, 406, 177, 472, 412, 233, 165, 999, 560, 524, 42, 384, 480, 422, 804, 319, 930, 627, 693, 357, 133, 118, 35, 524, 803, 236, 92, 907, 670, 675, 160, 450, 127, 641, 525, 893, 586, 441, 944, 788, 204, 348, 249, 362, 764, 979, 114, 816, 813]
[320, 459, 915, 514, 280, 575, 522, 818, 831, 719, 398, 165, 281, 65, 694, 36, 267, 0, 366, 354, 338, 828, 743, 699, 384, 290, 920, 340, 571, 386, 920, 366, 938, 790, 476, 491, 776, 309, 347, 327, 858, 931, 28, 890, 406, 642, 969, 371, 347, 720, 693, 633, 88, 531, 571, 47, 112, 684, 996, 205, 1000, 799, 570, 128, 615, 111, 426, 40, 498, 199, 758, 961, 671, 482, 406, 279, 224, 518, 189, 89, 708, 54, 368, 978, 509, 14, 887, 442, 675, 246, 200, 12, 11, 406, 651, 775, 325, 246, 425, 637, 496, 974, 600, 844, 112, 500, 199, 19, 187, 384, 942, 669, 633, 158, 725, 334, 598, 855, 589, 647, 692, 403, 283, 576, 675, 424, 564, 90, 348, 877, 27, 169, 314, 492, 297, 103, 80, 566, 809, 224, 238, 917, 758, 122, 247, 104, 438, 363, 422, 717, 458, 852, 566, 479, 106, 990, 278, 817, 151, 875, 418, 218, 789, 390, 271, 355, 10, 413, 546, 28, 457, 95, 655, 414, 928, 396, 253, 162, 349, 720]
[752, 98, 868, 951, 117, 577, 678, 505, 128, 304, 843, 603, 329, 489, 500, 97, 533, 366, 0, 158, 291, 343, 994, 344, 644, 883, 886, 213, 303, 946, 833, 992, 475, 600, 984, 930, 816, 108, 183, 163, 643, 854, 589, 478, 918, 777, 510, 346, 966, 466, 287, 275, 244, 817, 960, 792, 58, 285, 570, 183, 285, 791, 848, 100, 477, 786, 190, 238, 309, 332, 841, 427, 845, 309, 426, 846, 530, 536, 940, 857, 382, 555, 720, 32, 680, 786, 936, 200, 68, 98, 529, 333, 23, 506, 335, 698, 989, 57, 440, 604, 324, 351, 548, 912, 689, 466, 138, 825, 141, 242, 919, 730, 924, 650, 287, 45, 730, 795, 812, 90, 839, 630, 350, 996, 99, 321, 370, 942, 360, 51, 602, 771, 314, 686, 156, 306, 921, 975, 14, 733, 535, 564, 651, 693, 924, 837, 717, 407, 826, 768, 357, 792, 503, 595, 380, 361, 664, 673, 717, 21, 696, 560, 451, 320, 418, 628, 404, 874, 40, 811, 966, 941, 217, 246, 326, 27, 948, 596, 495, 470]
[399, 992, 274, 535, 153, 325, 823, 782, 175, 422, 440, 148, 580, 988, 828, 196, 481, 354, 158, 0, 646, 129, 664, 58, 353, 416, 626, 74, 983, 298, 445, 71, 663, 754, 983, 59, 517, 605, 298, 632, 652, 988, 683, 390, 324, 15, 685, 170, 898, 109, 578, 405, 204, 823, 649, 34, 563, 611, 477, 117, 18, 493, 793, 493, 927, 114, 276, 250, 600, 299, 877, 533, 801, 105, 930, 289, 722, 137, 352, 882, 87, 322, 126, 368, 597, 650, 602, 476, 232, 311, 369, 407, 313, 848, 863, 826, 505, 972, 407, 60, 646, 511, 377, 304, 259, 652, 62, 849, 675, 128, 584, 897, 207, 893, 944, 124, 662, 468, 942, 932, 934, 434, 942, 12, 218, 24, 886, 464, 548, 223, 637, 673, 335, 548, 660, 567, 987, 830, 145, 244, 109, 379, 629, 303, 742, 558, 893, 422, 477, 309, 428, 62, 407, 929, 729, 929, 371, 523, 157, 186, 725, 419, 266, 217, 759, 127, 439, 976, 762, 123, 680, 527, 900, 523, 339, 34, 840, 468, 31, 619]
[931, 559, 864, 574, 820, 602, 44, 77, 634, 810, 70, 387, 266, 160, 745, 457, 694, 338, 291, 646, 0, 239, 662, 339, 893, 721, 515, 862, 946, 316, 446, 801, 40, 113, 356, 168, 159, 642, 105, 88, 639, 553, 454, 389, 618, 326, 562, 838, 979, 618, 899, 805, 788, 764, 216, 621, 19, 706, 422, 512, 897, 523, 804, 783, 532, 393, 974, 659, 911, 133, 660, 784, 196, 399, 473, 505, 51, 320, 506, 144, 70, 124, 555, 814, 910, 31, 457, 617, 386, 782, 400, 680, 139, 922, 431, 425, 962, 646, 127, 759, 891, 238, 716, 831, 408, 361, 886, 857, 735, 546, 105, 653, 188, 680, 556, 761, 134, 312, 822, 757, 703, 272, 350, 998, 71, 735, 531, 423, 273, 609, 669, 253, 583, 470, 222, 332, 657, 199, 20, 421, 45, 944, 1000, 709, 941, 682, 335, 880, 309, 672, 258, 930, 561, 786, 949, 712, 351, 828, 590, 787, 584, 142, 498, 889, 224, 873, 213, 107, 306, 230, 43, 658, 376, 491, 233, 569, 134, 754, 683, 249]
[885, 25, 760, 337, 370, 476, 257, 873, 459, 299, 959, 212, 753, 426, 531, 502, 55, 828, 343, 129, 239, 0, 933, 576, 45, 886, 787, 230, 427, 457, 757, 420, 395, 220, 190, 482, 57, 126, 250, 891, 375, 204, 156, 57, 239, 508, 68, 690, 402, 646, 661, 921, 835, 835, 325, 643, 651, 225, 377, 118, 398, 719, 786, 589, 497, 544, 515, 263, 883, 474, 486, 476, 585, 988, 320, 843, 31, 647, 684, 735, 196, 622, 492, 937, 636, 647, 832, 319, 405, 611, 863, 952, 932, 265, 123, 127, 712, 198, 304, 669, 600, 488, 317, 581, 518, 160, 325, 689, 546, 513, 479, 327, 878, 878, 792, 932, 880, 811, 724, 944, 791, 565, 457, 322, 248, 797, 843, 49, 444, 417, 107, 831, 569, 246, 211, 646, 94, 629, 768, 545, 180, 320, 698, 737, 470, 51, 906, 831, 599, 561, 845, 815, 689, 752, 295, 261, 688, 189, 902, 193, 103, 954, 818, 631, 145, 369, 994, 121, 669, 837, 334, 454, 767, 988, 190, 639, 228, 23, 661, 150]
[324, 349, 605, 588, 977, 566, 516, 818, 331, 43, 355, 199, 931, 58, 306, 199, 573, 743, 994, 664, 662, 933, 0, 529, 23, 59, 174, 78, 35, 362, 314, 530, 69, 811, 929, 462, 877, 772, 918, 583, 210, 102, 794, 994, 844, 540, 101, 821, 873, 390, 176, 542, 569, 372, 233, 433, 90, 847, 155, 931, 681, 230, 765, 302, 157, 44, 743, 509, 624, 880, 334, 930, 517, 710, 29, 708, 521, 310, 89, 56, 768, 904, 347, 13, 602, 575, 957, 94, 163, 690, 129, 597, 616, 660, 265, 796, 520, 127, 300, 507, 38, 59, 148, 360, 461, 410, 580, 817, 634, 823, 918, 692, 402, 562, 504, 322, 627, 450, 121, 714, 366, 991, 929, 756, 338, 624, 346, 210, 946, 123, 624, 70, 252, 944, 103, 510, 668, 657, 259, 571, 143, 767, 828, 180, 865, 90, 200, 673, 507, 590, 772, 854, 707, 474, 205, 93, 141, 240, 903, 693, 508, 548, 904, 564, 270, 419, 916, 887, 730, 798, 215, 791, 390, 782, 682, 422, 710, 416, 663, 779]
[787, 231, 181, 490, 252, 857, 897, 99, 335, 955, 544, 335, 868, 893, 876, 323, 754, 699, 344, 58, 339, 576, 529, 0, 907, 548, 854, 211, 797, 254, 712, 541, 956, 894, 779, 315, 313, 594, 533, 621, 868, 357, 393, 681, 257, 611, 17, 513, 694, 930, 709, 221, 202, 870, 607, 593, 37, 167, 885, 758, 623, 26, 573, 500, 81, 341, 406, 125, 211, 453, 249, 512, 212, 300, 713, 866, 599, 537, 800, 908, 59, 579, 193, 60, 970, 565, 207, 437, 471, 850, 349, 722, 358, 223, 691, 299, 957, 329, 338, 493, 585, 795, 352, 77, 680, 962, 61, 459, 41, 666, 855, 594, 52, 176, 820, 775, 708, 618, 27, 59, 944, 339, 124, 657, 15, 297, 215, 455, 562, 510, 827, 509, 163, 843, 416, 729, 261, 477, 156, 871, 100, 608, 873, 581, 588, 882, 987, 451, 411, 792, 764, 660, 277, 881, 531, 877, 170, 991, 720, 626, 914, 579, 19, 773, 274, 798, 121, 842, 994, 758, 185, 191, 470, 388, 845, 684, 606, 567, 983, 628]
[233, 471, 799, 764, 960, 666, 532, 700, 414, 175, 720, 343, 731, 401, 295, 820, 241, 384, 644, 353, 893, 45, 23, 907, 0, 910, 523, 325, 435, 491, 661, 649, 845, 670, 257, 899, 23, 544, 494, 10, 101, 985, 425, 504, 35, 778, 170, 252, 699, 196, 949, 651, 29, 203, 547, 251, 21, 372, 274, 781, 496, 441, 544, 177, 355, 863, 208, 820, 376, 778, 965, 880, 110, 647, 741, 310, 805, 90, 532, 717, 741, 216, 535, 328, 513, 560, 526, 249, 362, 654, 944, 711, 503, 856, 525, 535, 364, 411, 934, 504, 232, 741, 92, 82, 122, 256, 876, 415, 31, 581, 663, 23, 229, 789, 641, 85, 831, 774, 360, 983, 921, 879, 58, 673, 651, 174, 432, 895, 428, 867, 598, 539, 314, 327, 732, 956, 291, 985, 36, 368, 809, 317, 405, 760, 863, 767, 157, 867, 522, 540, 98, 663, 945, 510, 239, 694, 83, 170, 765, 499, 579, 202, 482, 511, 391, 544, 419, 303, 689, 442, 545, 228, 721, 73, 442, 925, 665, 588, 227, 874]
[653, 740, 691, 410, 36, 547, 179, 793, 120, 45, 682, 178, 899, 384, 231, 534, 933, 290, 883, 416, 721, 886, 59, 548, 910, 0, 853, 912, 271, 391, 253, 948, 616, 394, 255, 58, 91, 944, 786, 938, 525, 688, 995, 218, 159, 804, 539, 633, 521, 922, 126, 669, 114, 939, 862, 358, 87, 804, 358, 418, 712, 620, 255, 973, 646, 865, 485, 190, 983, 344, 591, 180, 634, 619, 757, 787, 581, 812, 689, 762, 480, 592, 605, 806, 410, 439, 33, 30, 594, 763, 915, 688, 673, 380, 773, 190, 981, 426, 104, 455, 639, 145, 221, 677, 417, 104, 230, 684, 772, 789, 194, 352, 865, 583, 767, 284, 842, 719, 993, 549, 300, 332, 223, 243, 257, 553, 130, 44, 482, 392, 419, 62, 228, 566, 306, 227, 864, 575, 952, 889, 201, 686, 362, 246, 250, 209, 973, 185, 811, 732, 644, 873, 578, 390, 101, 116, 71, 857, 624, 287, 881, 708, 547, 897, 63, 585, 893, 489, 449, 50, 539, 275, 678, 389, 519, 693, 467, 403, 17, 499]
[677, 903, 770, 122, 403, 313, 594, 790, 127, 726, 534, 952, 679, 345, 969, 803, 414, 920, 886, 626, 515, 787, 174, 854, 523, 853, 0, 421, 880, 232, 541, 868, 975, 333, 464, 43, 994, 47, 646, 621, 162, 264, 629, 962, 62, 690, 846, 795, 919, 941, 875, 674, 184, 775, 745, 63, 745, 818, 936, 602, 161, 74, 294, 599, 685, 77, 189, 385, 451, 427, 731, 671, 775, 463, 534, 579, 336, 379, 253, 619, 691, 479, 406, 804, 828, 114, 594, 831, 379, 397, 489, 283, 93, 276, 469, 157, 47, 904, 514, 115, 935, 879, 143, 529, 243, 862, 270, 28, 147, 380, 334, 528, 837, 439, 560, 432, 64, 607, 10, 291, 862, 604, 170, 418, 728, 29, 225, 797, 419, 867, 52, 838, 132, 685, 618, 835, 842, 753, 358, 792, 559, 80, 844, 58, 159, 684, 258, 220, 603, 331, 990, 823, 652, 716, 422, 276, 177, 868, 858, 162, 865, 531, 157, 26, 294, 992, 513, 554, 784, 911, 706, 635, 914, 609, 124, 775, 402, 685, 571, 533]
[681, 321, 944, 330, 98, 327, 108, 445, 634, 423, 518, 834, 49, 368, 643, 935, 875, 340, 213, 74, 862, 230, 78, 211, 325, 912, 421, 0, 381, 687, 416, 383, 239, 552, 254, 851, 827, 80, 216, 989, 344, 93, 215, 681, 969, 858, 209, 421, 477, 165, 962, 783, 642, 390, 233, 180, 60, 87, 284, 184, 358, 618, 485, 582, 878, 216, 320, 285, 780, 439, 609, 580, 651, 640, 262, 745, 654, 920, 813, 329, 548, 875, 62, 331, 909, 18, 747, 303, 100, 465, 596, 928, 957, 233, 415, 796, 306, 894, 89, 569, 345, 978, 232, 964, 822, 646, 96, 637, 786, 84, 878, 440, 885, 165, 800, 650, 486, 685, 715, 678, 258, 745, 555, 189, 496, 690, 995, 799, 159, 97, 386, 598, 118, 870, 373, 531, 203, 631, 422, 696, 655, 262, 909, 166, 45, 940, 729, 178, 697, 684, 515, 344, 343, 149, 266, 206, 649, 527, 74, 718, 801, 147, 594, 46, 551, 423, 474, 816, 880, 289, 54, 774, 919, 104, 707, 366, 212, 792, 621, 313]
[500, 415, 71, 112, 693, 366, 997, 383, 298, 525, 906, 31, 351, 868, 97, 229, 677, 571, 303, 983, 946, 427, 35, 797, 435, 271, 880, 381, 0, 393, 799, 325, 743, 401, 39, 258, 111, 923, 136, 80, 955, 453, 801, 557, 312, 61, 880, 999, 873, 89, 355, 806, 603, 798, 416, 778, 748, 177, 237, 252, 985, 455, 188, 538, 646, 395, 301, 870, 46, 683, 438, 889, 715, 984, 898, 579, 692, 168, 476, 223, 960, 164, 519, 895, 838, 122, 658, 655, 538, 185, 861, 501, 394, 446, 562, 832, 74, 493, 13, 434, 736, 972, 977, 874, 743, 488, 916, 994, 757, 848, 459, 573, 205, 963, 831, 278, 489, 943, 706, 612, 597, 941, 404, 685, 121, 122, 529, 65, 811, 57, 339, 26, 434, 838, 421, 529, 920, 967, 858, 473, 29, 651, 345, 314, 904, 88, 403, 478, 43, 462, 278, 995, 206, 691, 534, 568, 999, 923, 643, 191, 420, 136, 789, 288, 182, 815, 585, 147, 584, 572, 613, 224, 586, 135, 845, 53, 592, 235, 325, 838]
[559, 387, 198, 935, 174, 168, 580, 294, 659, 367, 545, 603, 854, 631, 651, 934, 733, 386, 946, 298, 316, 457, 362, 254, 491, 391, 232, 687, 393, 0, 688, 475, 630, 31, 713, 82, 649, 913, 186, 188, 567, 61, 944, 415, 574, 362, 918, 224, 916, 868, 131, 331, 96, 956, 158, 616, 359, 894, 488, 609, 663, 515, 202, 520, 646, 244, 429, 271, 311, 669, 129, 670, 423, 851, 383, 343, 571, 37, 238, 244, 879, 924, 428, 239, 848, 706, 308, 143, 894, 535, 612, 464, 878, 975, 63, 457, 215, 209, 884, 842, 789, 599, 644, 435, 997, 985, 448, 257, 557, 302, 704, 261, 458, 54, 698, 70, 230, 288, 447, 305, 308, 140, 802, 319, 278, 117, 248, 942, 695, 340, 339, 693, 995, 410, 300, 148, 209, 325, 83, 799, 704, 544, 963, 228, 104, 368, 989, 429, 202, 557, 201, 295, 378, 843, 156, 502, 850, 869, 495, 830, 247, 478, 391, 810, 14, 675, 602, 316, 272, 720, 928, 456, 724, 803, 449, 205, 979, 737, 253, 650]
[324, 590, 979, 640, 351, 416, 795, 972, 527, 678, 645, 506, 489, 760, 347, 448, 958, 920, 833, 445, 446, 757, 314, 712, 661, 253, 541, 416, 799, 688, 0, 796, 336, 867, 790, 999, 297, 575, 531, 446, 598, 747, 46, 234, 321, 970, 739, 221, 166, 248, 632, 419, 776, 48, 357, 138, 892, 321, 150, 525, 551, 100, 238, 917, 288, 405, 759, 389, 461, 290, 401, 12, 729, 221, 777, 352, 576, 481, 389, 575, 486, 260, 992, 653, 41, 802, 159, 437, 297, 250, 353, 386, 755, 586, 26, 715, 777, 682, 989, 706, 570, 532, 857, 98, 98, 426, 48, 866, 511, 536, 392, 904, 321, 190, 790, 912, 280, 856, 651, 466, 938, 78, 968, 714, 715, 562, 877, 509, 790, 445, 184, 571, 970, 309, 518, 461, 737, 312, 700, 287, 364, 611, 902, 556, 725, 184, 204, 261, 731, 980, 918, 595, 253, 450, 466, 239, 201, 284, 214, 232, 260, 943, 662, 779, 166, 761, 213, 893, 321, 894, 915, 555, 487, 645, 100, 452, 602, 895, 185, 18]
[465, 719, 600, 913, 961, 756, 645, 768, 950, 539, 87, 859, 390, 511, 729, 499, 946, 366, 992, 71, 801, 420, 530, 541, 649, 948, 868, 383, 325, 475, 796, 0, 788, 371, 586, 620, 174, 701, 830, 397, 292, 769, 395, 684, 449, 941, 987, 903, 765, 654, 358, 682, 468, 911, 619, 517, 870, 962, 543, 407, 374, 226, 567, 864, 324, 946, 185, 177, 748, 955, 918, 845, 746, 521, 956, 661, 785, 738, 642, 196, 626, 211, 210, 929, 453, 935, 800, 774, 946, 299, 329, 906, 466, 117, 414, 948, 385, 198, 816, 913, 823, 258, 133, 943, 945, 409, 428, 630, 749, 927, 260, 827, 780, 128, 494, 852, 333, 971, 388, 945, 913, 693, 915, 299, 75, 166, 943, 734, 360, 286, 459, 996, 583, 86, 902, 862, 214, 919, 782, 67, 164, 863, 452, 730, 902, 118, 238, 836, 723, 560, 212, 764, 392, 298, 158, 69, 919, 623, 618, 526, 770, 635, 553, 526, 183, 912, 627, 711, 238, 542, 341, 616, 880, 751, 534, 499, 84, 746, 698, 246]
[566, 461, 953, 1000, 736, 215, 127, 54, 498, 545, 790, 116, 663, 826, 585, 605, 582, 938, 475, 663, 40, 395, 69, 956, 845, 616, 975, 239, 743, 630, 336, 788, 0, 894, 721, 205, 34, 460, 226, 988, 53, 235, 92, 261, 218, 269, 913, 29, 991, 172, 304, 737, 473, 745, 501, 249, 576, 146, 202, 622, 786, 424, 932, 90, 19, 869, 690, 26, 504, 949, 258, 620, 745, 105, 459, 662, 766, 814, 161, 645, 219, 11, 332, 907, 132, 723, 991, 272, 727, 624, 617, 222, 554, 332, 489, 818, 160, 438, 874, 762, 555, 989, 376, 540, 774, 41, 511, 214, 972, 412, 807, 682, 960, 462, 527, 527, 297, 17, 525, 977, 893, 931, 290, 709, 524, 241, 526, 622, 748, 205, 429, 137, 320, 896, 964, 616, 90, 422, 641, 418, 18, 12, 344, 162, 748, 720, 300, 354, 783, 365, 960, 111, 346, 893, 367, 412, 906, 180, 382, 403, 138, 231, 368, 663, 702, 308, 641, 798, 490, 158, 420, 691, 539, 979, 348, 932, 642, 812, 104, 250]
[879, 840, 974, 283, 795, 908, 421, 93, 552, 541, 981, 718, 339, 673, 493, 743, 301, 790, 600, 754, 113, 220, 811, 894, 670, 394, 333, 552, 401, 31, 867, 371, 894, 0, 931, 926, 19, 188, 646, 134, 340, 314, 1000, 338, 113, 722, 173, 192, 11, 773, 682, 318, 324, 106, 830, 370, 647, 150, 935, 942, 566, 414, 317, 232, 112, 73, 871, 166, 30, 677, 325, 904, 814, 991, 819, 370, 269, 851, 124, 135, 372, 970, 131, 744, 362, 158, 766, 515, 304, 896, 57, 182, 730, 900, 14, 381, 324, 629, 918, 771, 433, 264, 240, 242, 938, 73, 287, 447, 664, 719, 223, 526, 301, 425, 900, 337, 733, 824, 816, 76, 819, 856, 570, 442, 446, 421, 894, 306, 724, 119, 522, 545, 816, 425, 274, 922, 393, 589, 709, 415, 951, 353, 988, 669, 742, 683, 681, 953, 415, 379, 539, 498, 799, 856, 72, 823, 120, 381, 426, 527, 984, 474, 952, 440, 398, 992, 867, 370, 851, 937, 468, 293, 572, 290, 183, 937, 469, 352, 665, 185]
[732, 506, 657, 175, 185, 779, 748, 629, 167, 122, 508, 887, 42, 935, 163, 332, 264, 476, 984, 983, 356, 190, 929, 779, 257, 255, 464, 254, 39, 713, 790, 586, 721, 931, 0, 152, 792, 813, 726, 335, 272, 829, 808, 795, 89, 918, 939, 729, 882, 235, 577, 693, 872, 586, 229, 176, 151, 986, 287, 358, 37, 389, 207, 25, 964, 388, 854, 797, 229, 483, 582, 110, 918, 860, 306, 381, 119, 95, 17, 349, 406, 838, 728, 584, 273, 919, 225, 335, 749, 413, 51, 333, 25, 650, 744, 779, 929, 236, 201, 719, 754, 233, 614, 451, 975, 436, 386, 469, 388, 325, 665, 356, 254, 718, 624, 989, 464, 754, 595, 785, 678, 523, 228, 347, 655, 406, 810, 425, 69, 786, 743, 85, 969, 787, 893, 745, 18, 880, 895, 682, 980, 591, 349, 759, 699, 638, 298, 724, 611, 584, 88, 206, 331, 431, 861, 928, 889, 25, 285, 677, 771, 233, 803, 844, 14, 339, 642, 923, 339, 57, 85, 291, 78, 367, 38, 363, 801, 896, 664, 371]
[806, 957, 974, 965, 219, 367, 605, 893, 747, 99, 397, 84, 549, 428, 979, 877, 469, 491, 930, 59, 168, 482, 462, 315, 899, 58, 43, 851, 258, 82, 999, 620, 205, 926, 152, 0, 53, 267, 798, 567, 864, 54, 131, 389, 376, 746, 897, 553, 48, 673, 771, 483, 145, 819, 116, 618, 258, 80, 86, 723, 120, 670, 795, 221, 201, 426, 587, 456, 804, 748, 607, 675, 615, 562, 899, 184, 46, 384, 191, 912, 127, 756, 733, 353, 909, 826, 28, 653, 350, 905, 969, 204, 332, 932, 663, 475, 622, 411, 136, 40, 750, 637, 260, 965, 811, 351, 522, 199, 883, 365, 154, 421, 142, 121, 177, 324, 471, 695, 118, 880, 115, 262, 464, 586, 34, 510, 740, 946, 96, 693, 826, 125, 980, 835, 561, 252, 199, 417, 785, 891, 849, 172, 588, 705, 95, 414, 296, 555, 92, 83, 498, 710, 384, 791, 853, 476, 471, 220, 419, 654, 496, 668, 49, 128, 144, 790, 57, 918, 500, 958, 735, 342, 647, 532, 345, 188, 17, 97, 926, 95]
[725, 771, 584, 66, 788, 376, 305, 997, 783, 163, 658, 800, 742, 272, 387, 950, 105, 776, 816, 517, 159, 57, 877, 313, 23, 91, 994, 827, 111, 649, 297, 174, 34, 19, 792, 53, 0, 474, 228, 627, 12, 295, 119, 38, 773, 415, 382, 924, 180, 991, 925, 452, 923, 879, 387, 616, 572, 196, 366, 780, 792, 227, 775, 129, 440, 11, 210, 287, 789, 966, 717, 954, 740, 963, 166, 465, 415, 633, 628, 381, 838, 607, 199, 950, 973, 684, 939, 146, 275, 300, 227, 409, 645, 430, 857, 223, 802, 599, 699, 586, 732, 514, 931, 322, 42, 151, 53, 303, 447, 534, 189, 25, 460, 523, 246, 281, 286, 435, 320, 922, 614, 790, 46, 898, 627, 241, 161, 369, 318, 799, 693, 57, 571, 876, 256, 175, 293, 680, 325, 798, 918, 525, 30, 588, 116, 128, 130, 356, 325, 219, 467, 260, 733, 664, 503, 579, 739, 338, 237, 659, 429, 328, 780, 661, 150, 233, 873, 576, 876, 783, 484, 739, 808, 388, 940, 417, 871, 971, 833, 503]
[668, 806, 698, 893, 834, 764, 629, 133, 219, 836, 724, 342, 137, 411, 236, 391, 904, 309, 108, 605, 642, 126, 772, 594, 544, 944, 47, 80, 923, 913, 575, 701, 460, 188, 813, 267, 474, 0, 261, 171, 730, 658, 627, 584, 884, 576, 838, 702, 573, 112, 86, 857, 291, 34, 186, 355, 230, 651, 942, 216, 162, 287, 34, 283, 549, 987, 439, 684, 640, 485, 66, 87, 954, 140, 532, 133, 871, 218, 256, 883, 919, 606, 410, 657, 889, 478, 535, 262, 571, 607, 583, 844, 932, 367, 62, 746, 273, 508, 390, 971, 910, 65, 821, 156, 977, 688, 482, 96, 839, 458, 868, 467, 79, 839, 87, 356, 552, 487, 979, 398, 107, 17, 892, 593, 94, 155, 308, 832, 131, 38, 835, 313, 756, 152, 159, 792, 681, 198, 848, 245, 52, 266, 717, 336, 328, 103, 74, 891, 92, 13, 59, 291, 979, 344, 640, 965, 224, 163, 435, 241, 55, 393, 86, 989, 279, 561, 187, 784, 357, 485, 28, 553, 849, 940, 98, 326, 204, 633, 792, 587]
[925, 846, 401, 620, 827, 100, 626, 353, 554, 543, 840, 560, 124, 260, 785, 30, 73, 347, 183, 298, 105, 250, 918, 533, 494, 786, 646, 216, 136, 186, 531, 830, 226, 646, 726, 798, 228, 261, 0, 766, 75, 226, 262, 724, 620, 317, 72, 851, 574, 388, 469, 942, 333, 485, 825, 529, 397, 99, 406, 458, 102, 581, 343, 58, 893, 764, 783, 696, 664, 469, 288, 601, 754, 279, 436, 975, 456, 366, 237, 911, 381, 608, 24, 666, 804, 740, 369, 40, 300, 330, 446, 87, 570, 989, 543, 515, 125, 648, 459, 478, 775, 950, 143, 657, 131, 925, 189, 802, 373, 112, 150, 193, 492, 792, 768, 237, 329, 22, 938, 288, 792, 460, 337, 96, 624, 502, 95, 673, 393, 953, 573, 502, 368, 802, 976, 771, 874, 441, 628, 324, 174, 353, 49, 577, 634, 819, 714, 403, 46, 309, 474, 431, 36, 162, 664, 926, 134, 394, 188, 886, 171, 376, 351, 169, 44, 734, 832, 628, 274, 128, 121, 628, 576, 511, 20, 137, 585, 632, 695, 190]
[443, 474, 473, 38, 411, 792, 909, 590, 478, 811, 76, 392, 998, 316, 301, 116, 258, 327, 163, 632, 88, 891, 583, 621, 10, 938, 621, 989, 80, 188, 446, 397, 988, 134, 335, 567, 627, 171, 766, 0, 710, 385, 259, 232, 553, 189, 462, 527, 997, 991, 844, 964, 710, 151, 185, 602, 670, 890, 631, 903, 650, 311, 71, 668, 249, 332, 374, 627, 297, 393, 974, 995, 546, 146, 457, 167, 569, 195, 740, 257, 347, 441, 784, 733, 609, 226, 231, 506, 96, 817, 721, 846, 80, 783, 264, 307, 519, 452, 761, 267, 159, 661, 288, 569, 544, 255, 204, 287, 252, 179, 876, 199, 235, 952, 929, 647, 468, 53, 112, 283, 152, 739, 266, 986, 663, 443, 529, 913, 683, 957, 225, 524, 445, 301, 209, 615, 30, 875, 436, 810, 764, 592, 973, 686, 679, 987, 618, 217, 474, 247, 312, 716, 120, 625, 290, 676, 931, 845, 382, 992, 758, 38, 669, 389, 54, 271, 734, 193, 140, 67, 548, 30, 942, 234, 403, 382, 876, 826, 70, 892]
[84, 257, 898, 370, 472, 496, 358, 559, 188, 477, 519, 904, 732, 549, 187, 628, 14, 858, 643, 652, 639, 375, 210, 868, 101, 525, 162, 344, 955, 567, 598, 292, 53, 340, 272, 864, 12, 730, 75, 710, 0, 991, 844, 438, 471, 427, 978, 598, 99, 809, 261, 887, 229, 34, 663, 960, 171, 207, 293, 795, 840, 848, 404, 635, 337, 432, 830, 855, 726, 452, 393, 888, 398, 186, 858, 577, 780, 924, 480, 327, 472, 864, 212, 986, 404, 730, 292, 722, 441, 192, 784, 310, 1000, 132, 591, 578, 147, 741, 229, 552, 697, 518, 932, 806, 604, 177, 350, 578, 826, 723, 846, 228, 296, 295, 68, 252, 361, 306, 636, 574, 292, 951, 81, 340, 306, 179, 688, 197, 187, 439, 215, 753, 47, 434, 527, 505, 476, 683, 939, 887, 200, 48, 86, 618, 98, 577, 907, 23, 344, 332, 924, 238, 672, 882, 799, 541, 383, 85, 434, 68, 720, 488, 371, 962, 270, 531, 986, 578, 147, 836, 369, 976, 96, 918, 815, 422, 648, 497, 909, 281]
[823, 641, 571, 605, 573, 157, 977, 134, 564, 80, 590, 483, 21, 541, 801, 568, 659, 931, 854, 988, 553, 204, 102, 357, 985, 688, 264, 93, 453, 61, 747, 769, 235, 314, 829, 54, 295, 658, 226, 385, 991, 0, 139, 85, 545, 94, 496, 363, 491, 27, 318, 612, 216, 982, 218, 39, 63, 603, 392, 457, 447, 490, 885, 418, 905, 663, 794, 977, 347, 964, 564, 76, 600, 827, 476, 483, 634, 352, 537, 141, 681, 939, 513, 135, 186, 287, 869, 506, 617, 160, 765, 509, 943, 390, 662, 716, 923, 791, 793, 632, 460, 618, 224, 20, 680, 578, 24, 43, 561, 504, 632, 689, 247, 258, 882, 328, 514, 821, 56, 970, 850, 888, 984, 279, 325, 900, 691, 688, 650, 888, 727, 837, 119, 475, 163, 215, 509, 356, 655, 257, 341, 915, 812, 127, 938, 48, 939, 836, 235, 59, 899, 84, 902, 325, 930, 344, 343, 334, 323, 365, 494, 965, 117, 969, 801, 10, 820, 346, 846, 320, 548, 255, 712, 437, 549, 81, 959, 822, 994, 664]
[902, 992, 182, 595, 610, 762, 951, 370, 684, 938, 674, 655, 40, 444, 133, 81, 213, 28, 589, 683, 454, 156, 794, 393, 425, 995, 629, 215, 801, 944, 46, 395, 92, 1000, 808, 131, 119, 627, 262, 259, 844, 139, 0, 662, 315, 877, 86, 439, 957, 925, 593, 251, 49, 442, 170, 492, 455, 405, 35, 602, 290, 828, 835, 328, 411, 136, 332, 562, 499, 886, 93, 412, 333, 252, 84, 252, 305, 142, 593, 467, 377, 920, 22, 800, 410, 57, 48, 51, 980, 680, 694, 353, 872, 887, 199, 310, 67, 106, 80, 540, 485, 352, 533, 738, 25, 844, 256, 158, 802, 220, 870, 520, 416, 489, 307, 24, 900, 367, 101, 830, 825, 86, 995, 373, 255, 967, 472, 528, 318, 503, 969, 456, 555, 923, 540, 193, 682, 12, 552, 368, 21, 353, 528, 259, 63, 525, 391, 865, 347, 733, 388, 117, 391, 436, 723, 114, 845, 537, 829, 329, 405, 519, 218, 448, 27, 105, 775, 824, 291, 610, 258, 1000, 83, 746, 229, 618, 479, 484, 14, 10]
[222, 176, 730, 809, 111, 444, 697, 749, 109, 843, 39, 852, 486, 787, 738, 250, 73, 890, 478, 390, 389, 57, 994, 681, 504, 218, 962, 681, 557, 415, 234, 684, 261, 338, 795, 389, 38, 584, 724, 232, 438, 85, 662, 0, 40, 919, 621, 616, 162, 716, 868, 116, 903, 134, 591, 546, 149, 841, 387, 272, 720, 317, 596, 68, 560, 969, 499, 490, 785, 730, 844, 206, 703, 668, 902, 115, 372, 374, 284, 539, 622, 655, 511, 430, 667, 797, 438, 746, 476, 805, 627, 584, 120, 438, 155, 951, 538, 22, 248, 155, 581, 735, 570, 132, 62, 192, 51, 885, 190, 112, 872, 984, 378, 763, 536, 165, 892, 652, 110, 376, 942, 204, 53, 84, 773, 371, 276, 143, 735, 15, 131, 270, 137, 410, 734, 587, 825, 79, 639, 131, 404, 71, 443, 550, 781, 669, 555, 365, 880, 959, 641, 307, 977, 94, 80, 732, 989, 173, 851, 143, 389, 991, 295, 455, 688, 273, 453, 476, 872, 855, 584, 998, 206, 317, 956, 239, 20, 163, 169, 799]
[460, 752, 171, 248, 860, 202, 34, 374, 460, 798, 57, 193, 289, 119, 224, 14, 222, 406, 918, 324, 618, 239, 844, 257, 35, 159, 62, 969, 312, 574, 321, 449, 218, 113, 89, 376, 773, 884, 620, 553, 471, 545, 315, 40, 0, 511, 374, 863, 617, 412, 839, 181, 382, 464, 624, 401, 571, 656, 194, 118, 518, 110, 235, 135, 175, 489, 675, 655, 215, 59, 513, 219, 305, 193, 846, 413, 343, 36, 983, 566, 709, 791, 64, 999, 397, 694, 746, 592, 458, 740, 887, 451, 228, 429, 33, 63, 556, 237, 850, 615, 700, 97, 422, 325, 349, 885, 191, 96, 770, 943, 525, 471, 374, 991, 851, 529, 345, 973, 946, 588, 321, 662, 282, 861, 349, 112, 236, 630, 50, 430, 745, 435, 667, 249, 459, 700, 867, 826, 631, 77, 408, 615, 686, 585, 61, 495, 226, 929, 778, 460, 21, 951, 681, 847, 721, 542, 644, 888, 308, 593, 639, 431, 337, 952, 360, 871, 542, 185, 576, 727, 499, 414, 830, 860, 335, 695, 660, 246, 183, 518]
