[0, 654, 287, 275, 143, 374, 419, 490, 812, 384, 255, 762, 139, 181, 570, 82, 146, 988, 339, 595, 263, 632, 903, 89, 581, 665, 704, 247, 758, 57, 376, 425, 61, 401, 81, 910, 725, 513, 47, 451, 342, 250, 629, 935, 502, 90, 610, 600, 123, 112, 776, 1000, 758, 307, 726, 663, 292, 20, 44, 975, 54, 443, 539, 704, 673, 585, 438, 749, 945, 345, 332, 308, 117, 46, 663, 376, 928, 303, 818, 58, 931, 702, 410, 131, 459, 375, 371, 777, 812, 70, 732, 648, 135, 543, 686, 692, 757, 150, 330, 791, 910, 977, 406, 448, 633, 28, 168, 638, 811, 864, 684, 934, 559, 71, 888, 583, 653, 631, 146, 290, 402, 746, 329, 272, 198, 560, 868, 555, 271, 548],
[654, 0, 902, 633, 562, 596, 431, 544, 98, 596, 153, 455, 240, 889, 579, 65, 217, 622, 96, 861, 158, 682, 189, 57, 549, 833, 95, 397, 150, 599, 793, 479, 61, 941, 157, 94, 866, 683, 105, 734, 122, 416, 302, 269, 536, 913, 856, 256, 214, 397, 914, 536, 47, 198, 257, 313, 405, 852, 674, 872, 199, 323, 237, 179, 398, 24, 808, 646, 791, 855, 448, 413, 511, 329, 163, 723, 410, 678, 208, 912, 190, 818, 303, 281, 456, 41, 299, 699, 598, 247, 923, 527, 839, 985, 548, 942, 522, 738, 117, 637, 217, 889, 27, 783, 320, 462, 108, 971, 521, 45, 273, 525, 355, 813, 245, 252, 688, 40, 410, 432, 114, 632, 399, 169, 956, 913, 589, 105, 545, 461],
[287, 902, 0, 418, 433, 95, 264, 687, 545, 902, 950, 182, 35, 189, 669, 733, 278, 902, 924, 833, 575, 196, 593, 137, 272, 532, 874, 930, 276, 762, 39, 18, 261, 873, 1000, 380, 109, 498, 60, 324, 92, 116, 352, 16, 588, 529, 150, 25, 668, 364, 61, 891, 580, 373, 796, 977, 720, 570, 630, 673, 643, 841, 905, 188, 519, 620, 330, 454, 762, 444, 77, 598, 738, 636, 568, 601, 592, 48, 703, 856, 168, 176, 812, 220, 86, 889, 399, 573, 82, 774, 300, 54, 107, 987, 938, 664, 324, 524, 791, 113, 73, 805, 44, 902, 988, 633, 623, 218, 596, 294, 913, 135, 242, 422, 466, 418, 866, 497, 964, 728, 253, 346, 268, 437, 829, 50, 761, 311, 463, 543],
[275, 633, 418, 0, 900, 196, 889, 609, 347, 364, 983, 969, 497, 311, 900, 117, 77, 969, 643, 841, 818, 225, 832, 543, 591, 958, 465, 832, 761, 324, 438, 295, 996, 704, 874, 906, 600, 370, 190, 264, 884, 227, 431, 644, 857, 881, 754, 131, 983, 799, 746, 378, 120, 435, 932, 983, 728, 594, 502, 577, 76, 22, 829, 227, 454, 316, 232, 204, 856, 204, 930, 365, 962, 47, 648, 553, 423, 151, 31, 273, 944, 246, 167, 140, 707, 776, 980, 373, 127, 49, 753, 572, 172, 353, 201, 462, 707, 55, 990, 749, 194, 757, 689, 801, 522, 737, 444, 356, 987, 224, 856, 489, 418, 762, 87, 342, 608, 17, 489, 602, 414, 478, 521, 576, 961, 134, 909, 771, 916, 388],
[143, 562, 433, 900, 0, 83, 421, 970, 795, 107, 135, 218, 952, 218, 224, 60, 818, 132, 275, 970, 473, 121, 853, 102, 215, 640, 710, 441, 143, 193, 848, 286, 96, 79, 937, 384, 462, 243, 642, 348, 660, 847, 234, 385, 516, 250, 1000, 42, 498, 839, 404, 688, 221, 678, 713, 739, 823, 122, 767, 13, 910, 168, 855, 578, 841, 26, 486, 177, 186, 15, 61, 115, 385, 111, 17, 61, 952, 968, 982, 813, 297, 499, 894, 545, 942, 489, 335, 512, 450, 972, 720, 625, 433, 127, 836, 47, 24, 758, 827, 849, 641, 616, 190, 94, 498, 120, 231, 389, 44, 894, 753, 230, 490, 539, 209, 647, 537, 470, 313, 799, 758, 796, 485, 102, 929, 353, 439, 266, 427, 725],
[374, 596, 95, 196, 83, 0, 285, 771, 131, 834, 516, 701, 873, 405, 520, 331, 708, 960, 330, 577, 17, 26, 753, 901, 213, 709, 657, 561, 817, 538, 412, 18, 344, 839, 932, 289, 259, 116, 248, 306, 803, 537, 730, 440, 742, 966, 510, 156, 755, 48, 373, 459, 983, 946, 420, 795, 177, 108, 637, 28, 625, 271, 549, 311, 154, 499, 294, 585, 222, 187, 633, 663, 348, 81, 830, 238, 327, 549, 855, 744, 189, 815, 498, 167, 442, 220, 644, 238, 981, 562, 380, 452, 384, 891, 469, 71, 457, 121, 895, 287, 882, 25, 465, 167, 460, 66, 124, 622, 590, 738, 336, 482, 866, 792, 858, 588, 192, 925, 627, 438, 783, 172, 787, 220, 567, 305, 128, 94, 983, 527],
[419, 431, 264, 889, 421, 285, 0, 230, 550, 652, 327, 250, 816, 610, 526, 568, 488, 640, 220, 497, 440, 366, 512, 311, 541, 374, 900, 589, 384, 655, 186, 410, 524, 905, 543, 350, 115, 11, 504, 422, 86, 548, 893, 393, 879, 502, 546, 440, 893, 654, 978, 876, 828, 610, 620, 670, 891, 551, 539, 324, 126, 320, 303, 503, 40, 835, 439, 40, 777, 916, 587, 258, 780, 866, 514, 858, 381, 199, 410, 483, 798, 72, 480, 566, 188, 844, 882, 790, 125, 450, 702, 299, 804, 379, 372, 227, 425, 435, 353, 661, 888, 334, 401, 327, 786, 297, 645, 401, 450, 862, 12, 48, 372, 958, 813, 299, 646, 267, 392, 893, 505, 614, 67, 261, 859, 736, 588, 501, 398, 543],
[490, 544, 687, 609, 970, 771, 230, 0, 837, 330, 90, 556, 354, 560, 616, 989, 150, 905, 127, 207, 321, 12, 776, 143, 958, 337, 460, 878, 440, 488, 70, 131, 580, 352, 672, 343, 202, 989, 382, 871, 984, 21, 641, 74, 50, 970, 529, 716, 77, 955, 174, 45, 16, 893, 463, 584, 360, 921, 36, 427, 429, 453, 442, 473, 647, 137, 199, 710, 903, 688, 892, 179, 228, 43, 66, 546, 849, 132, 58, 380, 586, 930, 386, 377, 424, 302, 692, 283, 776, 244, 113, 26, 682, 447, 854, 293, 803, 938, 117, 672, 136, 320, 656, 687, 290, 876, 414, 302, 732, 158, 21, 10, 613, 791, 254, 100, 646, 203, 362, 88, 844, 55, 307, 287, 325, 24, 78, 151, 109, 749],
[812, 98, 545, 347, 795, 131, 550, 837, 0, 277, 784, 372, 431, 816, 284, 949, 629, 934, 160, 735, 974, 689, 748, 727, 359, 342, 963, 260, 655, 332, 474, 241, 478, 555, 734, 557, 623, 800, 219, 183, 804, 274, 524, 552, 230, 456, 191, 196, 15, 327, 301, 616, 468, 918, 87, 96, 123, 96, 280, 462, 771, 969, 604, 690, 781, 974, 605, 428, 493, 304, 934, 195, 142, 345, 83, 709, 23, 467, 993, 582, 783, 473, 369, 101, 562, 275, 508, 524, 288, 25, 68, 237, 508, 975, 16, 565, 942, 610, 952, 286, 468, 309, 312, 394, 285, 485, 472, 923, 639, 954, 99, 448, 673, 210, 377, 452, 178, 945, 616, 377, 275, 561, 363, 997, 50, 34, 285, 435, 706, 217],
[384, 596, 902, 364, 107, 834, 652, 330, 277, 0, 728, 313, 570, 94, 178, 333, 824, 291, 412, 313, 905, 690, 550, 995, 205, 413, 512, 336, 785, 358, 908, 265, 35, 399, 595, 543, 445, 621, 518, 939, 265, 202, 396, 396, 163, 14, 863, 293, 634, 263, 915, 89, 987, 497, 27, 548, 643, 113, 951, 146, 563, 856, 318, 663, 626, 632, 524, 733, 885, 84, 625, 221, 758, 478, 189, 707, 933, 172, 170, 983, 243, 165, 970, 218, 900, 818, 942, 770, 725, 341, 91, 608, 341, 175, 415, 126, 768, 496, 709, 839, 440, 781, 639, 770, 345, 495, 477, 357, 395, 681, 365, 197, 228, 114, 247, 873, 373, 849, 66, 554, 544, 381, 651, 964, 131, 294, 296, 87, 169, 653],
[255, 153, 950, 983, 135, 516, 327, 90, 784, 728, 0, 129, 540, 110, 305, 582, 300, 667, 289, 492, 738, 892, 941, 227, 834, 673, 527, 813, 27, 730, 735, 752, 458, 439, 525, 217, 540, 250, 475, 143, 575, 599, 712, 671, 101, 943, 678, 144, 603, 973, 707, 407, 196, 363, 172, 365, 886, 518, 391, 396, 388, 437, 391, 431, 499, 590, 264, 802, 284, 554, 95, 527, 207, 13, 413, 12, 236, 308, 342, 43, 615, 777, 892, 109, 404, 444, 192, 878, 285, 812, 442, 15, 305, 664, 716, 510, 32, 723, 30, 884, 989, 257, 357, 141, 411, 968, 865, 324, 571, 572, 471, 772, 657, 609, 466, 742, 515, 654, 598, 670, 904, 52, 89, 184, 870, 855, 462, 413, 688, 69],
[762, 455, 182, 969, 218, 701, 250, 556, 372, 313, 129, 0, 20, 318, 545, 600, 859, 361, 645, 54, 95, 785, 500, 434, 573, 514, 94, 823, 341, 412, 278, 239, 567, 310, 529, 315, 323, 963, 465, 990, 796, 126, 696, 306, 218, 608, 614, 578, 279, 766, 545, 236, 192, 706, 477, 476, 390, 997, 257, 552, 448, 41, 878, 367, 605, 856, 718, 869, 933, 232, 577, 973, 210, 457, 922, 679, 642, 179, 450, 685, 971, 955, 935, 298, 262, 757, 12, 739, 177, 41, 688, 919, 681, 34, 109, 108, 198, 665, 258, 422, 883, 533, 353, 813, 905, 430, 195, 60, 378, 720, 293, 674, 307, 316, 62, 605, 955, 909, 55, 909, 380, 146, 569, 290, 353, 650, 666, 519, 580, 519],
[139, 240, 35, 497, 952, 873, 816, 354, 431, 570, 540, 20, 0, 196, 421, 147, 455, 46, 858, 790, 298, 544, 82, 848, 323, 671, 502, 177, 597, 776, 684, 412, 161, 42, 809, 966, 148, 12, 574, 11, 299, 388, 373, 330, 857, 760, 66, 590, 469, 622, 743, 686, 615, 945, 791, 105, 610, 116, 887, 283, 158, 802, 537, 975, 275, 618, 962, 181, 882, 325, 121, 448, 464, 983, 678, 827, 846, 62, 430, 868, 524, 941, 138, 123, 274, 85, 814, 502, 366, 547, 942, 156, 50, 116, 535, 507, 335, 158, 807, 769, 52, 795, 931, 536, 250, 993, 390, 259, 788, 180, 843, 774, 915, 586, 40, 59, 859, 841, 561, 492, 613, 430, 430, 228, 183, 622, 799, 882, 903, 872],
[181, 889, 189, 311, 218, 405, 610, 560, 816, 94, 110, 318, 196, 0, 772, 265, 724, 388, 518, 775, 647, 685, 833, 120, 490, 220, 61, 472, 354, 345, 249, 644, 24, 515, 752, 951, 729, 93, 172, 929, 691, 935, 652, 259, 437, 566, 991, 945, 493, 686, 216, 759, 924, 399, 300, 786, 94, 777, 468, 702, 558, 470, 665, 666, 520, 35, 905, 346, 957, 930, 306, 583, 864, 16, 926, 484, 321, 75, 228, 883, 393, 775, 582, 81, 258, 497, 469, 822, 999, 385, 37, 638, 699, 251, 76, 458, 932, 663, 483, 803, 221, 32, 595, 276, 893, 735, 963, 467, 683, 282, 237, 170, 708, 963, 125, 917, 781, 492, 895, 878, 65, 62, 766, 769, 43, 878, 720, 454, 784, 782],
[570, 579, 669, 900, 224, 520, 526, 616, 284, 178, 305, 545, 421, 772, 0, 996, 178, 523, 208, 200, 54, 715, 985, 321, 508, 498, 978, 122, 924, 90, 529, 708, 139, 467, 617, 768, 998, 935, 876, 603, 234, 443, 836, 444, 793, 733, 226, 152, 941, 264, 696, 972, 68, 249, 898, 258, 546, 104, 325, 794, 529, 338, 380, 292, 147, 770, 921, 542, 171, 162, 347, 292, 332, 929, 551, 447, 197, 324, 392, 558, 107, 151, 779, 637, 964, 769, 699, 995, 877, 185, 989, 201, 751, 234, 406, 424, 416, 930, 144, 574, 75, 426, 455, 582, 814, 768, 586, 504, 650, 259, 26, 387, 32, 14, 399, 293, 729, 247, 773, 264, 693, 455, 946, 44, 106, 223, 175, 621, 180, 404],
[82, 65, 733, 117, 60, 331, 568, 989, 949, 333, 582, 600, 147, 265, 996, 0, 810, 558, 184, 486, 171, 286, 865, 291, 421, 792, 409, 151, 411, 507, 167, 360, 83, 245, 494, 619, 771, 795, 749, 256, 296, 412, 693, 769, 57, 920, 232, 670, 806, 466, 84, 898, 676, 173, 774, 934, 431, 886, 807, 473, 978, 982, 285, 813, 756, 126, 207, 833, 967, 452, 484, 223, 848, 269, 797, 84, 892, 499, 970, 608, 581, 952, 168, 827, 87, 194, 448, 475, 973, 879, 850, 136, 753, 295, 935, 470, 464, 724, 618, 291, 974, 890, 220, 516, 616, 154, 299, 260, 855, 908, 35, 333, 269, 516, 150, 198, 449, 761, 534, 635, 982, 905, 25, 479, 592, 515, 728, 308, 293, 304],
[146, 217, 278, 77, 818, 708, 488, 150, 629, 824, 300, 859, 455, 724, 178, 810, 0, 797, 218, 297, 793, 328, 823, 86, 971, 578, 334, 242, 455, 677, 971, 536, 197, 18, 964, 367, 158, 403, 218, 503, 355, 575, 190, 385, 608, 709, 666, 955, 605, 535, 299, 160, 47, 443, 991, 461, 794, 228, 304, 38, 976, 180, 47, 916, 129, 707, 694, 728, 627, 140, 664, 406, 944, 707, 186, 128, 84, 120, 429, 822, 347, 622, 137, 37, 726, 675, 580, 393, 815, 526, 781, 690, 146, 839, 302, 247, 44, 950, 472, 346, 308, 675, 599, 540, 506, 137, 347, 432, 481, 578, 709, 480, 367, 874, 777, 628, 762, 714, 403, 374, 929, 301, 272, 341, 545, 168, 72, 213, 427, 178],
[988, 622, 902, 969, 132, 960, 640, 905, 934, 291, 667, 361, 46, 388, 523, 558, 797, 0, 410, 98, 72, 130, 638, 638, 988, 187, 972, 218, 786, 310, 20, 158, 83, 682, 59, 275, 579, 337, 116, 814, 678, 215, 741, 748, 681, 808, 820, 768, 460, 251, 612, 586, 734, 579, 786, 345, 725, 232, 945, 983, 59, 495, 747, 929, 786, 311, 939, 207, 250, 235, 699, 914, 734, 892, 545, 895, 801, 543, 534, 548, 143, 366, 745, 76, 264, 989, 129, 960, 58, 210, 975, 107, 457, 222, 615, 568, 752, 283, 407, 735, 890, 782, 754, 717, 540, 289, 443, 953, 768, 966, 175, 292, 118, 242, 609, 720, 493, 364, 76, 223, 61, 630, 422, 913, 442, 896, 188, 621, 397, 551],
[339, 96, 924, 643, 275, 330, 220, 127, 160, 412, 289, 645, 858, 518, 208, 184, 218, 410, 0, 130, 615, 118, 324, 726, 351, 639, 64, 469, 577, 415, 483, 195, 510, 751, 208, 791, 32, 274, 124, 292, 354, 706, 912, 639, 823, 295, 109, 292, 978, 513, 529, 326, 547, 470, 417, 116, 356, 824, 221, 687, 87, 865, 244, 186, 473, 35, 586, 207, 982, 298, 162, 870, 807, 201, 803, 384, 698, 842, 448, 92, 290, 601, 322, 175, 187, 210, 439, 638, 28, 666, 201, 445, 668, 478, 344, 223, 581, 421, 31, 173, 291, 867, 891, 383, 655, 244, 428, 495, 415, 21, 513, 454, 196, 642, 698, 577, 628, 368, 728, 751, 173, 277, 834, 643, 502, 941, 736, 266, 428, 254],
[595, 861, 833, 841, 970, 577, 497, 207, 735, 313, 492, 54, 790, 775, 200, 486, 297, 98, 130, 0, 648, 785, 389, 270, 177, 840, 863, 380, 961, 964, 173, 897, 588, 605, 892, 123, 710, 990, 294, 739, 368, 761, 351, 163, 133, 706, 801, 722, 337, 764, 445, 518, 709, 298, 746, 650, 632, 715, 511, 838, 390, 386, 31, 763, 918, 417, 603, 632, 948, 217, 847, 493, 296, 961, 157, 409, 546, 114, 354, 755, 511, 444, 335, 552, 684, 677, 414, 150, 692, 67, 451, 429, 831, 194, 765, 351, 959, 88, 12, 818, 712, 897, 469, 14, 22, 202, 197, 546, 236, 802, 434, 91, 496, 104, 550, 268, 725, 453, 78, 569, 698, 285, 944, 612, 966, 657, 519, 661, 51, 726],
[263, 158, 575, 818, 473, 17, 440, 321, 974, 905, 738, 95, 298, 647, 54, 171, 793, 72, 615, 648, 0, 269, 690, 760, 644, 433, 65, 217, 295, 81, 566, 152, 146, 265, 444, 209, 85, 712, 529, 905, 228, 194, 66, 137, 526, 867, 320, 836, 229, 512, 196, 104, 580, 406, 919, 139, 773, 562, 788, 969, 198, 280, 616, 214, 175, 170, 109, 797, 139, 432, 787, 281, 44, 121, 921, 379, 538, 997, 46, 282, 301, 250, 951, 86, 894, 937, 185, 774, 46, 479, 714, 331, 819, 512, 462, 637, 453, 931, 432, 135, 263, 93, 609, 579, 865, 677, 530, 967, 472, 237, 706, 139, 420, 886, 621, 883, 172, 214, 112, 990, 722, 978, 909, 694, 958, 53, 614, 353, 675, 123],
[632, 682, 196, 225, 121, 26, 366, 12, 689, 690, 892, 785, 544, 685, 715, 286, 328, 130, 118, 785, 269, 0, 872, 697, 525, 875, 245, 124, 51, 663, 955, 448, 278, 527, 431, 497, 693, 242, 323, 857, 197, 261, 761, 185, 363, 134, 621, 319, 919, 517, 407, 143, 737, 520, 719, 762, 147, 867, 296, 491, 970, 711, 781, 287, 70, 681, 850, 942, 325, 900, 648, 424, 228, 810, 208, 639, 243, 475, 49, 325, 248, 951, 522, 717, 415, 217, 792, 547, 208, 146, 563, 656, 786, 679, 711, 886, 836, 966, 730, 960, 255, 90, 294, 81, 328, 204, 568, 987, 230, 983, 622, 794, 385, 877, 492, 173, 103, 484, 371, 910, 789, 639, 267, 833, 915, 959, 722, 741, 687, 798],
[903, 189, 593, 832, 853, 753, 512, 776, 748, 550, 941, 500, 82, 833, 985, 865, 823, 638, 324, 389, 690, 872, 0, 621, 924, 17, 799, 18, 236, 211, 752, 892, 440, 546, 642, 940, 550, 576, 320, 804, 562, 730, 271, 645, 105, 960, 229, 743, 493, 593, 538, 959, 337, 843, 494, 932, 893, 129, 348, 977, 937, 49, 66, 69, 670, 691, 864, 969, 499, 958, 898, 817, 834, 51, 447, 429, 232, 580, 422, 359, 794, 425, 83, 473, 84, 233, 256, 543, 882, 38, 681, 301, 865, 236, 212, 929, 345, 930, 126, 828, 647, 998, 63, 155, 984, 99, 154, 63, 827, 642, 695, 124, 837, 559, 806, 995, 679, 396, 83, 904, 293, 694, 771, 82, 797, 72, 449, 336, 946, 437],
[89, 57, 137, 543, 102, 901, 311, 143, 727, 995, 227, 434, 848, 120, 321, 291, 86, 638, 726, 270, 760, 697, 621, 0, 341, 607, 84, 680, 772, 186, 996, 253, 283, 919, 621, 674, 673, 834, 897, 765, 390, 67, 129, 88, 498, 629, 271, 925, 280, 879, 15, 49, 76, 362, 104, 960, 195, 726, 119, 554, 280, 459, 244, 274, 184, 923, 181, 601, 175, 715, 351, 169, 269, 824, 594, 780, 938, 188, 422, 491, 231, 857, 549, 467, 625, 15, 439, 326, 451, 259, 624, 82, 104, 906, 117, 821, 529, 417, 782, 889, 881, 353, 600, 557, 595, 304, 45, 857, 871, 838, 46, 398, 103, 341, 353, 99, 523, 809, 691, 44, 942, 486, 328, 708, 812, 761, 873, 478, 830, 871],
[581, 549, 272, 591, 215, 213, 541, 958, 359, 205, 834, 573, 323, 490, 508, 421, 971, 988, 351, 177, 644, 525, 924, 341, 0, 483, 96, 774, 487, 257, 154, 138, 401, 550, 271, 941, 949, 963, 581, 987, 361, 11, 754, 794, 589, 389, 216, 734, 847, 845, 698, 165, 163, 386, 435, 716, 857, 774, 122, 99, 76, 561, 802, 199, 329, 280, 83, 989, 630, 700, 871, 835, 742, 477, 775, 861, 339, 783, 548, 757, 957, 205, 493, 70, 882, 696, 689, 204, 890, 577, 758, 967, 738, 228, 874, 209, 849, 664, 665, 199, 870, 684, 42, 520, 763, 231, 271, 77, 882, 311, 839, 374, 790, 437, 459, 648, 745, 32, 670, 376, 852, 101, 774, 357, 259, 946, 297, 863, 761, 570],
[665, 833, 532, 958, 640, 709, 374, 337, 342, 413, 673, 514, 671, 220, 498, 792, 578, 187, 639, 840, 433, 875, 17, 607, 483, 0, 957, 613, 835, 190, 767, 866, 722, 894, 815, 733, 672, 96, 924, 803, 204, 447, 763, 359, 511, 379, 555, 314, 580, 314, 463, 564, 639, 599, 204, 608, 564, 183, 209, 755, 395, 442, 234, 980, 457, 135, 257, 638, 454, 222, 319, 542, 707, 630, 456, 857, 423, 699, 634, 243, 209, 707, 911, 310, 857, 957, 597, 480, 376, 162, 341, 705, 393, 474, 346, 726, 53, 832, 969, 372, 42, 931, 898, 581, 837, 949, 667, 515, 359, 733, 547, 22, 412, 623, 736, 359, 428, 408, 70, 161, 667, 999, 171, 920, 669, 751, 81, 202, 181, 386],
[704, 95, 874, 465, 710, 657, 900, 460, 963, 512, 527, 94, 502, 61, 978, 409, 334, 972, 64, 863, 65, 245, 799, 84, 96, 957, 0, 40, 351, 117, 189, 670, 838, 360, 715, 405, 315, 544, 487, 53, 131, 815, 160, 233, 66, 557, 573, 449, 616, 608, 540, 724, 333, 52, 944, 336, 367, 48, 10, 52, 312, 662, 872, 514, 78, 406, 480, 170, 430, 818, 410, 987, 302, 99, 205, 550, 635, 276, 876, 954, 946, 816, 616, 817, 763, 446, 631, 474, 257, 372, 544, 762, 112, 834, 758, 262, 242, 439, 239, 591, 357, 264, 764, 812, 261, 295, 978, 600, 455, 581, 565, 703, 402, 223, 675, 640, 995, 122, 936, 756, 76, 291, 789, 987, 62, 681, 849, 421, 473, 876],
[247, 397, 930, 832, 441, 561, 589, 878, 260, 336, 813, 823, 177, 472, 122, 151, 242, 218, 469, 380, 217, 124, 18, 680, 774, 613, 40, 0, 237, 994, 668, 484, 765, 734, 477, 190, 477, 780, 361, 296, 448, 876, 444, 878, 524, 382, 781, 810, 568, 267, 966, 380, 162, 815, 781, 933, 898, 673, 977, 712, 874, 498, 413, 535, 329, 315, 678, 621, 35, 925, 275, 270, 762, 504, 470, 937, 951, 76, 792, 81, 917, 515, 111, 702, 765, 548, 14, 618, 97, 753, 487, 21, 737, 436, 922, 607, 160, 727, 645, 135, 69, 90, 842, 230, 467, 482, 779, 578, 677, 111, 857, 371, 534, 697, 354, 331, 42, 181, 336, 999, 279, 10, 57, 227, 889, 611, 397, 543, 538, 416],
[758, 150, 276, 761, 143, 817, 384, 440, 655, 785, 27, 341, 597, 354, 924, 411, 455, 786, 577, 961, 295, 51, 236, 772, 487, 835, 351, 237, 0, 936, 350, 575, 230, 207, 673, 896, 141, 970, 156, 309, 823, 68, 393, 121, 327, 447, 198, 981, 395, 521, 914, 241, 224, 702, 533, 976, 247, 666, 975, 420, 270, 586, 381, 656, 835, 371, 909, 745, 18, 555, 105, 555, 170, 287, 929, 935, 600, 116, 964, 175, 771, 574, 495, 997, 20, 323, 554, 879, 448, 186, 303, 267, 242, 438, 244, 837, 517, 13, 800, 455, 66, 80, 325, 488, 110, 531, 16, 195, 346, 31, 316, 915, 772, 211, 450, 703, 38, 906, 320, 539, 125, 836, 719, 913, 903, 959, 552, 493, 707, 745],
[57, 599, 762, 324, 193, 538, 655, 488, 332, 358, 730, 412, 776, 345, 90, 507, 677, 310, 415, 964, 81, 663, 211, 186, 257, 190, 117, 994, 936, 0, 521, 390, 754, 658, 780, 374, 392, 597, 32, 516, 185, 670, 234, 869, 226, 466, 189, 546, 301, 743, 959, 498, 86, 619, 677, 663, 767, 587, 917, 102, 210, 805, 857, 57, 832, 213, 739, 447, 774, 503, 732, 896, 141, 123, 972, 189, 175, 990, 414, 198, 210, 583, 300, 836, 132, 742, 797, 202, 282, 292, 456, 592, 65, 783, 282, 345, 245, 209, 901, 847, 314, 706, 496, 207, 812, 382, 379, 852, 804, 113, 693, 580, 227, 845, 886, 144, 816, 462, 324, 500, 810, 944, 807, 131, 897, 912, 950, 152, 400, 118],
[376, 793, 39, 438, 848, 412, 186, 70, 474, 908, 735, 278, 684, 249, 529, 167, 971, 20, 483, 173, 566, 955, 752, 996, 154, 767, 189, 668, 350, 521, 0, 433, 985, 913, 992, 737, 26, 742, 947, 273, 943, 942, 378, 656, 118, 972, 907, 571, 216, 110, 703, 728, 748, 339, 477, 930, 698, 180, 646, 287, 731, 934, 52, 721, 366, 548, 478, 197, 107, 580, 587, 15, 794, 202, 310, 875, 494, 758, 938, 969, 479, 688, 425, 834, 287, 160, 75, 638, 250, 337, 199, 97, 417, 657, 564, 296, 951, 516, 183, 768, 957, 583, 272, 427, 667, 83, 305, 248, 708, 83, 679, 704, 824, 965, 249, 751, 645, 568, 991, 183, 217, 928, 682, 149, 558, 392, 333, 64, 104, 192],
[425, 479, 18, 295, 286, 18, 410, 131, 241, 265, 752, 239, 412, 644, 708, 360, 536, 158, 195, 897, 152, 448, 892, 253, 138, 866, 670, 484, 575, 390, 433, 0, 667, 374, 673, 839, 740, 651, 851, 572, 423, 89, 588, 133, 421, 27, 387, 684, 837, 323, 698, 932, 254, 276, 725, 277, 628, 141, 405, 279, 239, 42, 100, 853, 411, 379, 825, 992, 312, 30, 82, 734, 404, 690, 521, 336, 840, 517, 454, 754, 118, 245, 563, 773, 393, 306, 849, 1000, 591, 47, 820, 757, 659, 444, 767, 131, 681, 789, 520, 20, 663, 155, 454, 393, 979, 19, 366, 181, 733, 476, 404, 482, 222, 610, 486, 246, 577, 552, 162, 71, 495, 800, 986, 244, 719, 557, 80, 143, 686, 92],
[61, 61, 261, 996, 96, 344, 524, 580, 478, 35, 458, 567, 161, 24, 139, 83, 197, 83, 510, 588, 146, 278, 440, 283, 401, 722, 838, 765, 230, 754, 985, 667, 0, 874, 203, 696, 779, 630, 785, 899, 459, 640, 937, 871, 722, 247, 253, 306, 656, 859, 244, 185, 427, 130, 222, 789, 58, 52, 611, 771, 553, 627, 827, 970, 452, 638, 431, 818, 437, 422, 401, 682, 152, 201, 947, 307, 450, 84, 264, 722, 780, 945, 493, 616, 60, 705, 157, 434, 505, 231, 110, 349, 714, 363, 896, 763, 994, 386, 964, 170, 814, 225, 919, 786, 572, 504, 945, 277, 838, 877, 20, 638, 886, 955, 747, 171, 226, 709, 316, 889, 193, 357, 858, 209, 204, 592, 971, 581, 20, 617],
[401, 941, 873, 704, 79, 839, 905, 352, 555, 399, 439, 310, 42, 515, 467, 245, 18, 682, 751, 605, 265, 527, 546, 919, 550, 894, 360, 734, 207, 658, 913, 374, 874, 0, 879, 285, 21, 530, 622, 348, 254, 171, 272, 48, 990, 853, 484, 125, 534, 877, 275, 769, 650, 329, 626, 471, 257, 790, 83, 253, 843, 617, 560, 981, 26, 869, 762, 584, 127, 693, 921, 90, 267, 656, 900, 201, 238, 399, 228, 193, 222, 610, 123, 12, 303, 786, 144, 47, 210, 840, 541, 188, 926, 458, 658, 631, 151, 32, 954, 556, 628, 356, 701, 694, 558, 441, 191, 389, 402, 526, 686, 221, 93, 574, 915, 444, 832, 911, 806, 236, 995, 817, 895, 791, 47, 266, 717, 81, 106, 21],
[81, 157, 1000, 874, 937, 932, 543, 672, 734, 595, 525, 529, 809, 752, 617, 494, 964, 59, 208, 892, 444, 431, 642, 621, 271, 815, 715, 477, 673, 780, 992, 673, 203, 879, 0, 231, 392, 868, 989, 616, 589, 73, 926, 725, 462, 435, 352, 713, 233, 644, 809, 967, 768, 414, 485, 822, 826, 988, 670, 612, 747, 471, 788, 346, 777, 719, 260, 142, 423, 833, 629, 189, 244, 228, 435, 346, 265, 178, 68, 380, 644, 371, 267, 342, 632, 164, 783, 313, 385, 447, 562, 272, 400, 647, 519, 311, 965, 968, 961, 141, 46, 873, 572, 383, 377, 529, 476, 453, 206, 950, 535, 370, 943, 751, 473, 656, 421, 398, 268, 775, 84, 694, 897, 379, 393, 519, 543, 273, 470, 872],
[910, 94, 380, 906, 384, 289, 350, 343, 557, 543, 217, 315, 966, 951, 768, 619, 367, 275, 791, 123, 209, 497, 940, 674, 941, 733, 405, 190, 896, 374, 737, 839, 696, 285, 231, 0, 443, 219, 523, 290, 740, 539, 630, 30, 144, 228, 546, 39, 653, 703, 834, 852, 79, 784, 815, 542, 69, 529, 232, 821, 208, 88, 793, 163, 277, 78, 691, 352, 557, 969, 316, 302, 956, 622, 986, 924, 932, 380, 987, 655, 351, 554, 957, 108, 548, 49, 842, 78, 548, 817, 300, 246, 58, 985, 739, 365, 896, 268, 220, 447, 125, 388, 814, 919, 969, 987, 536, 63, 928, 263, 106, 657, 665, 786, 342, 179, 898, 311, 467, 550, 37, 562, 417, 96, 980, 21, 587, 563, 696, 692],
[725, 866, 109, 600, 462, 259, 115, 202, 623, 445, 540, 323, 148, 729, 998, 771, 158, 579, 32, 710, 85, 693, 550, 673, 949, 672, 315, 477, 141, 392, 26, 740, 779, 21, 392, 443, 0, 282, 501, 965, 684, 211, 399, 122, 85, 515, 978, 856, 691, 330, 329, 355, 319, 466, 610, 483, 852, 316, 620, 768, 975, 56, 828, 665, 642, 70, 877, 372, 940, 563, 838, 932, 824, 422, 433, 675, 128, 713, 887, 598, 156, 980, 208, 905, 784, 51, 861, 617, 848, 859, 291, 280, 108, 591, 558, 827, 35, 457, 776, 987, 722, 551, 705, 378, 646, 770, 634, 808, 864, 691, 456, 932, 666, 745, 396, 155, 523, 203, 132, 595, 964, 338, 708, 605, 764, 204, 575, 374, 382, 102],
[513, 683, 498, 370, 243, 116, 11, 989, 800, 621, 250, 963, 12, 93, 935, 795, 403, 337, 274, 990, 712, 242, 576, 834, 963, 96, 544, 780, 970, 597, 742, 651, 630, 530, 868, 219, 282, 0, 738, 528, 733, 285, 459, 509, 227, 861, 765, 569, 354, 77, 501, 124, 583, 593, 972, 196, 445, 175, 589, 106, 55, 787, 709, 688, 991, 277, 300, 667, 579, 77, 926, 989, 789, 374, 139, 637, 219, 451, 644, 530, 766, 146, 316, 93, 521, 165, 492, 796, 789, 423, 252, 734, 954, 774, 761, 897, 576, 462, 601, 153, 164, 749, 613, 213, 881, 256, 869, 727, 376, 116, 946, 435, 896, 725, 799, 420, 855, 389, 364, 388, 328, 731, 543, 555, 986, 802, 998, 676, 622, 960],
[47, 105, 60, 190, 642, 248, 504, 382, 219, 518, 475, 465, 574, 172, 876, 749, 218, 116, 124, 294, 529, 323, 320, 897, 581, 924, 487, 361, 156, 32, 947, 851, 785, 622, 989, 523, 501, 738, 0, 700, 702, 845, 485, 948, 747, 795, 399, 997, 629, 831, 947, 528, 587, 567, 791, 765, 971, 206, 244, 241, 516, 580, 112, 667, 87, 46, 348, 635, 364, 73, 855, 411, 421, 276, 515, 21, 945, 535, 803, 943, 530, 422, 283, 464, 296, 882, 265, 937, 304, 519, 400, 708, 92, 734, 370, 867, 456, 302, 972, 645, 815, 539, 892, 219, 956, 505, 340, 232, 375, 897, 268, 238, 779, 706, 1000, 201, 546, 12, 657, 308, 153, 18, 598, 686, 440, 730, 788, 335, 299, 355],
[451, 734, 324, 264, 348, 306, 422, 871, 183, 939, 143, 990, 11, 929, 603, 256, 503, 814, 292, 739, 905, 857, 804, 765, 987, 803, 53, 296, 309, 516, 273, 572, 899, 348, 616, 290, 965, 528, 700, 0, 642, 858, 808, 959, 636, 992, 492, 787, 433, 266, 274, 856, 566, 511, 843, 580, 944, 501, 730, 566, 22, 129, 465, 847, 369, 510, 499, 720, 974, 731, 830, 243, 33, 965, 847, 751, 694, 908, 946, 614, 29, 974, 736, 516, 20, 969, 177, 361, 841, 647, 312, 39, 757, 941, 823, 233, 232, 305, 644, 166, 104, 486, 642, 820, 137, 44, 730, 437, 483, 258, 89, 750, 224, 350, 416, 328, 998, 123, 904, 280, 354, 122, 547, 623, 355, 165, 246, 72, 103, 522],
[342, 122, 92, 884, 660, 803, 86, 984, 804, 265, 575, 796, 299, 691, 234, 296, 355, 678, 354, 368, 228, 197, 562, 390, 361, 204, 131, 448, 823, 185, 943, 423, 459, 254, 589, 740, 684, 733, 702, 642, 0, 148, 369, 722, 114, 41, 32, 94, 21, 75, 721, 431, 542, 989, 343, 902, 1000, 48, 766, 599, 783, 639, 885, 496, 55, 632, 667, 204, 622, 974, 433, 571, 23, 52, 534, 220, 816, 960, 273, 274, 433, 511, 838, 953, 736, 376, 406, 230, 364, 269, 598, 277, 59, 507, 582, 124, 360, 517, 45, 43, 973, 362, 859, 71, 633, 621, 455, 387, 373, 980, 380, 543, 883, 72, 111, 903, 973, 753, 808, 738, 229, 378, 428, 947, 132, 817, 170, 850, 15, 569],
[250, 416, 116, 227, 847, 537, 548, 21, 274, 202, 599, 126, 388, 935, 443, 412, 575, 215, 706, 761, 194, 261, 730, 67, 11, 447, 815, 876, 68, 670, 942, 89, 640, 171, 73, 539, 211, 285, 845, 858, 148, 0, 909, 252, 456, 519, 490, 307, 131, 502, 803, 991, 546, 713, 62, 201, 691, 487, 99, 67, 823, 416, 706, 492, 828, 812, 317, 101, 875, 546, 378, 525, 865, 420, 171, 363, 483, 238, 696, 269, 190, 830, 895, 244, 537, 482, 638, 943, 90, 690, 76, 315, 513, 838, 266, 713, 414, 195, 298, 388, 650, 302, 967, 425, 118, 167, 63, 539, 398, 538, 655, 46, 235, 194, 647, 863, 921, 777, 723, 361, 751, 338, 708, 313, 164, 381, 468, 801, 301, 935],
[629, 302, 352, 431, 234, 730, 893, 641, 524, 396, 712, 696, 373, 652, 836, 693, 190, 741, 912, 351, 66, 761, 271, 129, 754, 763, 160, 444, 393, 234, 378, 588, 937, 272, 926, 630, 399, 459, 485, 808, 369, 909, 0, 635, 995, 378, 853, 680, 978, 808, 374, 879, 843, 955, 575, 189, 748, 610, 829, 498, 700, 74, 228, 59, 953, 358, 982, 841, 437, 469, 172, 456, 246, 736, 333, 582, 343, 217, 408, 981, 30, 408, 417, 173, 262, 964, 430, 771, 470, 715, 139, 104, 374, 913, 260, 517, 123, 974, 547, 884, 53, 347, 52, 311, 876, 597, 226, 612, 772, 338, 451, 753, 419, 241, 768, 98, 910, 450, 624, 964, 431, 675, 225, 440, 290, 282, 975, 531, 97, 569],
[935, 269, 16, 644, 385, 440, 393, 74, 552, 396, 671, 306, 330, 259, 444, 769, 385, 748, 639, 163, 137, 185, 645, 88, 794, 359, 233, 878, 121, 869, 656, 133, 871, 48, 725, 30, 122, 509, 948, 959, 722, 252, 635, 0, 12, 915, 215, 814, 297, 300, 440, 985, 214, 563, 513, 818, 349, 901, 953, 488, 420, 449, 987, 15, 115, 719, 937, 501, 50, 336, 459, 616, 894, 101, 861, 16, 361, 336, 129, 171, 838, 239, 288, 505, 802, 689, 299, 581, 998, 232, 468, 157, 350, 385, 430, 521, 487, 779, 43, 224, 957, 306, 499, 924, 92, 454, 802, 143, 824, 651, 50, 964, 286, 342, 930, 509, 907, 912, 543, 103, 688, 912, 555, 110, 522, 770, 839, 677, 12, 783],
[502, 536, 588, 857, 516, 742, 879, 50, 230, 163, 101, 218, 857, 437, 793, 57, 608, 681, 823, 133, 526, 363, 105, 498, 589, 511, 66, 524, 327, 226, 118, 421, 722, 990, 462, 144, 85, 227, 747, 636, 114, 456, 995, 12, 0, 271, 281, 12, 972, 758, 121, 876, 398, 641, 625, 334, 888, 346, 144, 344, 900, 892, 156, 780, 377, 960, 368, 410, 292, 242, 379, 248, 149, 951, 994, 159, 235, 569, 587, 740, 169, 746, 345, 328, 896, 190, 954, 165, 180, 664, 591, 860, 699, 869, 166, 818, 654, 627, 94, 644, 151, 266, 607, 436, 398, 909, 624, 414, 601, 362, 251, 496, 368, 266, 11, 280, 201, 837, 825, 527, 520, 789, 379, 452, 585, 976, 725, 159, 664, 588],
[90, 913, 529, 881, 250, 966, 502, 970, 456, 14, 943, 608, 760, 566, 733, 920, 709, 808, 295, 706, 867, 134, 960, 629, 389, 379, 557, 382, 447, 466, 972, 27, 247, 853, 435, 228, 515, 861, 795, 992, 41, 519, 378, 915, 271, 0, 795, 853, 910, 764, 135, 361, 709, 683, 17, 440, 614, 742, 346, 419, 788, 966, 375, 897, 995, 920, 356, 843, 936, 678, 609, 114, 666, 979, 10, 488, 691, 888, 802, 670, 413, 935, 392, 872, 994, 329, 194, 127, 551, 664, 948, 520, 609, 824, 995, 770, 268, 831, 829, 820, 292, 229, 215, 999, 277, 616, 525, 911, 244, 380, 692, 996, 796, 679, 267, 143, 467, 470, 978, 592, 726, 269, 536, 390, 646, 128, 763, 212, 162, 108],
[610, 856, 150, 754, 1000, 510, 546, 529, 191, 863, 678, 614, 66, 991, 226, 232, 666, 820, 109, 801, 320, 621, 229, 271, 216, 555, 573, 781, 198, 189, 907, 387, 253, 484, 352, 546, 978, 765, 399, 492, 32, 490, 853, 215, 281, 795, 0, 156, 936, 505, 104, 111, 594, 871, 882, 321, 281, 867, 593, 667, 827, 810, 494, 485, 670, 38, 528, 372, 840, 706, 329, 259, 332, 106, 186, 196, 72, 910, 601, 12, 673, 483, 781, 610, 515, 659, 345, 755, 179, 526, 273, 82, 682, 255, 518, 959, 32, 968, 366, 597, 699, 645, 979, 978, 523, 837, 67, 454, 657, 951, 316, 530, 575, 502, 140, 370, 445, 841, 538, 772, 794, 232, 131, 567, 658, 84, 856, 681, 556, 60],
[600, 256, 25, 131, 42, 156, 440, 716, 196, 293, 144, 578, 590, 945, 152, 670, 955, 768, 292, 722, 836, 319, 743, 925, 734, 314, 449, 810, 981, 546, 571, 684, 306, 125, 713, 39, 856, 569, 997, 787, 94, 307, 680, 814, 12, 853, 156, 0, 946, 455, 582, 966, 163, 834, 505, 903, 516, 370, 155, 307, 484, 339, 87, 598, 779, 265, 513, 183, 891, 969, 703, 661, 936, 258, 96, 609, 667, 816, 814, 13, 341, 848, 378, 175, 426, 535, 464, 655, 474, 888, 471, 896, 251, 586, 355, 207, 151, 273, 523, 346, 656, 235, 757, 218, 255, 85, 839, 940, 850, 933, 417, 566, 344, 997, 411, 842, 250, 314, 60, 586, 356, 265, 945, 175, 728, 593, 565, 909, 535, 284],
[123, 214, 668, 983, 498, 755, 893, 77, 15, 634, 603, 279, 469, 493, 941, 806, 605, 460, 978, 337, 229, 919, 493, 280, 847, 580, 616, 568, 395, 301, 216, 837, 656, 534, 233, 653, 691, 354, 629, 433, 21, 131, 978, 297, 972, 910, 936, 946, 0, 550, 844, 958, 766, 14, 575, 889, 33, 421, 212, 235, 234, 667, 562, 583, 565, 792, 936, 594, 529, 266, 16, 378, 296, 481, 421, 857, 155, 739, 919, 244, 205, 680, 630, 579, 999, 644, 898, 178, 460, 612, 686, 571, 866, 732, 276, 223, 260, 231, 523, 996, 927, 56, 58, 394, 998, 357, 945, 270, 130, 11, 745, 332, 885, 167, 971, 625, 125, 63, 993, 605, 815, 111, 861, 486, 136, 832, 443, 555, 258, 869],
[112, 397, 364, 799, 839, 48, 654, 955, 327, 263, 973, 766, 622, 686, 264, 466, 535, 251, 513, 764, 512, 517, 593, 879, 845, 314, 608, 267, 521, 743, 110, 323, 859, 877, 644, 703, 330, 77, 831, 266, 75, 502, 808, 300, 758, 764, 505, 455, 550, 0, 179, 643, 184, 676, 141, 669, 945, 580, 208, 519, 897, 437, 978, 791, 832, 706, 518, 330, 676, 806, 346, 631, 882, 809, 57, 70, 959, 65, 900, 206, 322, 463, 358, 928, 137, 634, 952, 289, 529, 923, 766, 422, 445, 990, 218, 695, 940, 893, 454, 415, 245, 780, 900, 78, 492, 810, 651, 622, 553, 195, 562, 926, 164, 454, 470, 389, 649, 50, 638, 962, 277, 893, 358, 976, 533, 309, 615, 946, 936, 372],
[776, 914, 61, 746, 404, 373, 978, 174, 301, 915, 707, 545, 743, 216, 696, 84, 299, 612, 529, 445, 196, 407, 538, 15, 698, 463, 540, 966, 914, 959, 703, 698, 244, 275, 809, 834, 329, 501, 947, 274, 721, 803, 374, 440, 121, 135, 104, 582, 844, 179, 0, 119, 295, 299, 965, 26, 644, 416, 669, 358, 178, 274, 582, 150, 664, 593, 480, 804, 307, 566, 815, 913, 295, 231, 467, 846, 633, 160, 913, 151, 176, 798, 185, 693, 156, 250, 622, 856, 568, 392, 828, 808, 909, 933, 724, 63, 709, 527, 833, 779, 407, 647, 638, 128, 532, 472, 166, 287, 434, 802, 365, 666, 532, 841, 899, 727, 120, 316, 473, 304, 971, 560, 969, 750, 563, 643, 933, 864, 451, 84],
[1000, 536, 891, 378, 688, 459, 876, 45, 616, 89, 407, 236, 686, 759, 972, 898, 160, 586, 326, 518, 104, 143, 959, 49, 165, 564, 724, 380, 241, 498, 728, 932, 185, 769, 967, 852, 355, 124, 528, 856, 431, 991, 879, 985, 876, 361, 111, 966, 958, 643, 119, 0, 245, 885, 798, 836, 365, 449, 432, 807, 231, 981, 863, 426, 529, 366, 839, 227, 66, 340, 162, 436, 968, 289, 190, 923, 717, 331, 274, 124, 472, 492, 736, 126, 558, 323, 242, 601, 770, 220, 728, 83, 950, 489, 898, 213, 513, 485, 303, 209, 148, 352, 25, 866, 776, 111, 532, 539, 788, 692, 550, 511, 198, 904, 158, 703, 856, 976, 591, 132, 653, 606, 874, 610, 702, 664, 982, 870, 786, 414],
[758, 47, 580, 120, 221, 983, 828, 16, 468, 987, 196, 192, 615, 924, 68, 676, 47, 734, 547, 709, 580, 737, 337, 76, 163, 639, 333, 162, 224, 86, 748, 254, 427, 650, 768, 79, 319, 583, 587, 566, 542, 546, 843, 214, 398, 709, 594, 163, 766, 184, 295, 245, 0, 684, 664, 888, 212, 424, 148, 109, 32, 167, 105, 238, 918, 312, 908, 130, 578, 562, 452, 428, 79, 217, 953, 677, 897, 969, 909, 432, 77, 779, 160, 739, 361, 193, 113, 532, 635, 266, 525, 667, 857, 877, 768, 218, 82, 307, 40, 796, 752, 595, 913, 936, 422, 130, 277, 149, 128, 798, 824, 890, 328, 593, 161, 276, 35, 872, 580, 127, 35, 298, 293, 988, 414, 431, 684, 358, 914, 327],
[307, 198, 373, 435, 678, 946, 610, 893, 918, 497, 363, 706, 945, 399, 249, 173, 443, 579, 470, 298, 406, 520, 843, 362, 386, 599, 52, 815, 702, 619, 339, 276, 130, 329, 414, 784, 466, 593, 567, 511, 989, 713, 955, 563, 641, 683, 871, 834, 14, 676, 299, 885, 684, 0, 626, 282, 577, 931, 965, 287, 645, 87, 392, 173, 354, 719, 396, 677, 637, 157, 630, 984, 174, 551, 431, 366, 480, 32, 604, 225, 42, 589, 912, 149, 886, 453, 532, 727, 379, 547, 782, 151, 659, 777, 873, 421, 89, 713, 362, 667, 495, 370, 601, 138, 219, 766, 465, 878, 189, 894, 177, 238, 977, 490, 403, 891, 634, 521, 527, 738, 338, 527, 804, 26, 136, 134, 890, 75, 260, 144],
[726, 257, 796, 932, 713, 420, 620, 463, 87, 27, 172, 477, 791, 300, 898, 774, 991, 786, 417, 746, 919, 719, 494, 104, 435, 204, 944, 781, 533, 677, 477, 725, 222, 626, 485, 815, 610, 972, 791, 843, 343, 62, 575, 513, 625, 17, 882, 505, 575, 141, 965, 798, 664, 626, 0, 950, 21, 118, 793, 746, 716, 723, 260, 605, 205, 296, 895, 361, 980, 349, 495, 798, 305, 689, 90, 54, 463, 576, 534, 577, 959, 419, 822, 474, 350, 581, 961, 974, 691, 138, 702, 312, 547, 658, 579, 559, 327, 850, 608, 975, 598, 360, 551, 472, 657, 675, 931, 75, 940, 426, 769, 927, 896, 784, 704, 794, 368, 710, 835, 798, 771, 507, 390, 62, 99, 707, 80, 948, 57, 531],
[663, 313, 977, 983, 739, 795, 670, 584, 96, 548, 365, 476, 105, 786, 258, 934, 461, 345, 116, 650, 139, 762, 932, 960, 716, 608, 336, 933, 976, 663, 930, 277, 789, 471, 822, 542, 483, 196, 765, 580, 902, 201, 189, 818, 334, 440, 321, 903, 889, 669, 26, 836, 888, 282, 950, 0, 892, 386, 697, 22, 409, 118, 846, 191, 486, 469, 535, 984, 873, 191, 88, 484, 975, 374, 609, 550, 324, 704, 774, 419, 990, 753, 62, 152, 104, 838, 646, 284, 505, 205, 967, 670, 868, 677, 396, 125, 461, 519, 716, 674, 71, 717, 766, 220, 545, 612, 722, 957, 933, 907, 58, 970, 917, 314, 577, 787, 782, 500, 493, 592, 747, 183, 224, 562, 292, 912, 402, 31, 691, 519],
[292, 405, 720, 728, 823, 177, 891, 360, 123, 643, 886, 390, 610, 94, 546, 431, 794, 725, 356, 632, 773, 147, 893, 195, 857, 564, 367, 898, 247, 767, 698, 628, 58, 257, 826, 69, 852, 445, 971, 944, 1000, 691, 748, 349, 888, 614, 281, 516, 33, 945, 644, 365, 212, 577, 21, 892, 0, 197, 442, 637, 651, 993, 287, 144, 559, 662, 565, 136, 37, 854, 297, 873, 182, 394, 495, 733, 631, 524, 681, 221, 941, 671, 800, 915, 754, 560, 792, 503, 132, 980, 818, 445, 530, 829, 933, 793, 282, 817, 802, 747, 270, 126, 953, 927, 265, 381, 969, 709, 35, 72, 822, 255, 357, 578, 249, 827, 986, 369, 651, 184, 504, 94, 398, 879, 404, 141, 880, 860, 263, 467],
[20, 852, 570, 594, 122, 108, 551, 921, 96, 113, 518, 997, 116, 777, 104, 886, 228, 232, 824, 715, 562, 867, 129, 726, 774, 183, 48, 673, 666, 587, 180, 141, 52, 790, 988, 529, 316, 175, 206, 501, 48, 487, 610, 901, 346, 742, 867, 370, 421, 580, 416, 449, 424, 931, 118, 386, 197, 0, 439, 98, 862, 824, 117, 341, 601, 967, 477, 850, 128, 503, 276, 742, 546, 410, 112, 127, 587, 763, 678, 461, 766, 214, 529, 477, 64, 519, 295, 754, 816, 389, 923, 45, 400, 209, 886, 390, 923, 814, 870, 484, 598, 227, 18, 976, 166, 67, 312, 382, 909, 905, 802, 535, 248, 870, 266, 731, 559, 441, 222, 136, 938, 890, 642, 413, 691, 116, 748, 575, 322, 386],
[44, 674, 630, 502, 767, 637, 539, 36, 280, 951, 391, 257, 887, 468, 325, 807, 304, 945, 221, 511, 788, 296, 348, 119, 122, 209, 10, 977, 975, 917, 646, 405, 611, 83, 670, 232, 620, 589, 244, 730, 766, 99, 829, 953, 144, 346, 593, 155, 212, 208, 669, 432, 148, 965, 793, 697, 442, 439, 0, 467, 861, 657, 97, 172, 760, 372, 369, 402, 808, 530, 294, 412, 983, 249, 123, 781, 867, 496, 643, 446, 987, 615, 23, 295, 727, 641, 374, 577, 75, 115, 750, 819, 931, 280, 273, 233, 639, 249, 577, 718, 366, 711, 591, 21, 848, 688, 741, 510, 210, 745, 628, 185, 256, 484, 936, 431, 38, 283, 255, 969, 869, 32, 713, 154, 432, 575, 517, 946, 534, 564],
[975, 872, 673, 577, 13, 28, 324, 427, 462, 146, 396, 552, 283, 702, 794, 473, 38, 983, 687, 838, 969, 491, 977, 554, 99, 755, 52, 712, 420, 102, 287, 279, 771, 253, 612, 821, 768, 106, 241, 566, 599, 67, 498, 488, 344, 419, 667, 307, 235, 519, 358, 807, 109, 287, 746, 22, 637, 98, 467, 0, 923, 134, 734, 716, 155, 137, 637, 29, 547, 438, 823, 491, 429, 386, 662, 89, 837, 842, 114, 385, 849, 900, 226, 298, 511, 440, 306, 127, 56, 881, 446, 407, 680, 128, 508, 321, 949, 107, 661, 21, 383, 781, 451, 680, 228, 389, 654, 251, 863, 109, 845, 983, 984, 741, 727, 854, 189, 360, 586, 592, 342, 17, 42, 101, 362, 68, 247, 733, 639, 384],
[54, 199, 643, 76, 910, 625, 126, 429, 771, 563, 388, 448, 158, 558, 529, 978, 976, 59, 87, 390, 198, 970, 937, 280, 76, 395, 312, 874, 270, 210, 731, 239, 553, 843, 747, 208, 975, 55, 516, 22, 783, 823, 700, 420, 900, 788, 827, 484, 234, 897, 178, 231, 32, 645, 716, 409, 651, 862, 861, 923, 0, 361, 232, 593, 604, 244, 812, 35, 444, 315, 534, 825, 525, 134, 164, 624, 583, 212, 61, 552, 660, 478, 361, 896, 251, 718, 621, 596, 986, 643, 699, 562, 550, 513, 73, 849, 847, 355, 402, 345, 729, 352, 32, 92, 691, 339, 119, 425, 331, 651, 1000, 693, 399, 988, 199, 347, 806, 162, 547, 219, 207, 409, 976, 248, 92, 153, 396, 12, 650, 127],
[443, 323, 841, 22, 168, 271, 320, 453, 969, 856, 437, 41, 802, 470, 338, 982, 180, 495, 865, 386, 280, 711, 49, 459, 561, 442, 662, 498, 586, 805, 934, 42, 627, 617, 471, 88, 56, 787, 580, 129, 639, 416, 74, 449, 892, 966, 810, 339, 667, 437, 274, 981, 167, 87, 723, 118, 993, 824, 657, 134, 361, 0, 792, 230, 984, 191, 563, 347, 100, 214, 70, 614, 197, 511, 431, 694, 823, 753, 427, 572, 35, 417, 953, 593, 589, 71, 535, 93, 205, 45, 946, 903, 859, 245, 912, 843, 697, 403, 115, 524, 399, 419, 485, 188, 254, 390, 425, 857, 43, 135, 492, 115, 721, 431, 542, 631, 244, 304, 758, 668, 448, 546, 825, 743, 963, 626, 840, 898, 399, 19],
