[0, 65, 329, 581, 796, 839, 954, 58, 512, 547, 740, 541, 81, 456, 973, 509, 216, 536, 987, 195, 989, 799, 32, 70, 195, 964, 506, 89, 255, 193, 236, 548, 40, 196, 810, 376, 789, 966, 991, 79]
[65, 0, 184, 490, 806, 509, 269, 934, 252, 450, 521, 460, 901, 884, 989, 701, 387, 92, 732, 583, 650, 754, 599, 676, 621, 892, 210, 455, 981, 58, 17, 658, 918, 602, 582, 919, 501, 847, 254, 824]
[329, 184, 0, 951, 440, 81, 868, 499, 137, 594, 967, 627, 907, 602, 55, 423, 556, 12, 169, 171, 146, 936, 612, 514, 602, 580, 136, 662, 397, 475, 817, 173, 307, 487, 945, 193, 322, 831, 330, 912]
[581, 490, 951, 0, 860, 857, 81, 109, 25, 486, 572, 699, 940, 859, 905, 892, 501, 89, 484, 953, 898, 452, 918, 394, 974, 556, 234, 151, 351, 997, 805, 229, 204, 942, 429, 57, 801, 676, 68, 854]
[796, 806, 440, 860, 0, 891, 444, 161, 355, 682, 462, 158, 596, 606, 397, 987, 730, 864, 23, 985, 375, 635, 790, 183, 874, 812, 998, 47, 990, 60, 903, 82, 223, 748, 917, 717, 447, 586, 81, 481]
[839, 509, 81, 857, 891, 0, 94, 870, 171, 396, 506, 199, 460, 552, 840, 743, 106, 905, 965, 788, 396, 181, 586, 565, 212, 578, 127, 205, 842, 390, 499, 336, 372, 107, 552, 70, 31, 59, 773, 883]
[954, 269, 868, 81, 444, 94, 0, 578, 927, 858, 438, 198, 387, 970, 903, 81, 302, 128, 563, 183, 886, 664, 26, 353, 965, 385, 456, 607, 950, 230, 820, 625, 42, 602, 496, 418, 634, 589, 516, 278]
[58, 934, 499, 109, 161, 870, 578, 0, 568, 249, 351, 592, 204, 913, 824, 149, 62, 801, 104, 545, 533, 630, 313, 342, 657, 790, 881, 432, 620, 415, 391, 211, 498, 324, 527, 904, 805, 197, 36, 892]
[512, 252, 137, 25, 355, 171, 927, 568, 0, 659, 106, 490, 347, 346, 214, 764, 357, 888, 525, 473, 785, 945, 954, 999, 918, 655, 764, 752, 211, 50, 47, 778, 465, 667, 404, 142, 398, 880, 658, 132]
[547, 450, 594, 486, 682, 396, 858, 249, 659, 0, 158, 774, 889, 68, 932, 75, 453, 719, 540, 372, 534, 417, 272, 855, 212, 713, 595, 439, 239, 341, 507, 617, 796, 922, 337, 453, 47, 22, 300, 230]
[740, 521, 967, 572, 462, 506, 438, 351, 106, 158, 0, 757, 823, 220, 554, 415, 673, 972, 587, 61, 64, 552, 492, 347, 557, 94, 416, 844, 225, 27, 563, 785, 232, 972, 517, 616, 667, 431, 984, 734]
[541, 460, 627, 699, 158, 199, 198, 592, 490, 774, 757, 0, 997, 759, 758, 400, 848, 589, 133, 329, 939, 721, 248, 404, 396, 914, 886, 228, 720, 146, 789, 22, 364, 111, 718, 691, 766, 44, 526, 990]
[81, 901, 907, 940, 596, 460, 387, 204, 347, 889, 823, 997, 0, 945, 302, 490, 354, 707, 227, 443, 304, 191, 83, 715, 566, 647, 227, 17, 390, 62, 541, 66, 789, 446, 118, 265, 174, 54, 335, 676]
[456, 884, 602, 859, 606, 552, 970, 913, 346, 68, 220, 759, 945, 0, 500, 201, 870, 228, 437, 629, 232, 146, 320, 292, 357, 469, 935, 929, 348, 394, 266, 317, 543, 299, 786, 921, 498, 336, 754, 666]
[973, 989, 55, 905, 397, 840, 903, 824, 214, 932, 554, 758, 302, 500, 0, 254, 875, 984, 245, 146, 302, 315, 176, 636, 385, 243, 159, 897, 32, 901, 407, 751, 322, 926, 267, 397, 462, 202, 567, 685]
[509, 701, 423, 892, 987, 743, 81, 149, 764, 75, 415, 400, 490, 201, 254, 0, 125, 276, 425, 261, 735, 240, 256, 233, 805, 498, 340, 161, 351, 72, 375, 873, 697, 620, 173, 962, 808, 163, 736, 876]
[216, 387, 556, 501, 730, 106, 302, 62, 357, 453, 673, 848, 354, 870, 875, 125, 0, 337, 35, 728, 940, 337, 78, 872, 18, 847, 304, 629, 295, 144, 126, 663, 462, 920, 138, 471, 610, 246, 271, 775]
[536, 92, 12, 89, 864, 905, 128, 801, 888, 719, 972, 589, 707, 228, 984, 276, 337, 0, 534, 209, 77, 332, 66, 793, 295, 441, 794, 185, 312, 643, 853, 86, 406, 379, 980, 281, 671, 119, 987, 677]
[987, 732, 169, 484, 23, 965, 563, 104, 525, 540, 587, 133, 227, 437, 245, 425, 35, 534, 0, 143, 518, 763, 903, 342, 365, 715, 830, 674, 856, 708, 521, 173, 150, 633, 324, 93, 957, 625, 288, 174]
[195, 583, 171, 953, 985, 788, 183, 545, 473, 372, 61, 329, 443, 629, 146, 261, 728, 209, 143, 0, 352, 488, 730, 557, 412, 405, 809, 180, 10, 837, 716, 783, 104, 52, 229, 710, 680, 955, 901, 712]
[989, 650, 146, 898, 375, 396, 886, 533, 785, 534, 64, 939, 304, 232, 302, 735, 940, 77, 518, 352, 0, 821, 478, 669, 620, 115, 162, 669, 131, 917, 317, 735, 118, 564, 725, 476, 399, 564, 682, 318]
[799, 754, 936, 452, 635, 181, 664, 630, 945, 417, 552, 721, 191, 146, 315, 240, 337, 332, 763, 488, 821, 0, 328, 264, 797, 330, 294, 456, 653, 285, 459, 774, 263, 695, 445, 635, 79, 267, 284, 652]
[32, 599, 612, 918, 790, 586, 26, 313, 954, 272, 492, 248, 83, 320, 176, 256, 78, 66, 903, 730, 478, 328, 0, 129, 280, 946, 976, 788, 387, 363, 482, 638, 680, 813, 373, 233, 275, 845, 612, 786]
[70, 676, 514, 394, 183, 565, 353, 342, 999, 855, 347, 404, 715, 292, 636, 233, 872, 793, 342, 557, 669, 264, 129, 0, 494, 39, 15, 952, 526, 835, 124, 559, 902, 461, 763, 333, 988, 147, 777, 442]
[195, 621, 602, 974, 874, 212, 965, 657, 918, 212, 557, 396, 566, 357, 385, 805, 18, 295, 365, 412, 620, 797, 280, 494, 0, 911, 28, 749, 434, 170, 579, 550, 938, 959, 800, 501, 610, 244, 781, 178]
[964, 892, 580, 556, 812, 578, 385, 790, 655, 713, 94, 914, 647, 469, 243, 498, 847, 441, 715, 405, 115, 330, 946, 39, 911, 0, 75, 777, 186, 582, 929, 529, 401, 565, 323, 901, 847, 926, 351, 128]
[506, 210, 136, 234, 998, 127, 456, 881, 764, 595, 416, 886, 227, 935, 159, 340, 304, 794, 830, 809, 162, 294, 976, 15, 28, 75, 0, 284, 520, 499, 565, 758, 584, 774, 244, 689, 722, 667, 349, 45]
[89, 455, 662, 151, 47, 205, 607, 432, 752, 439, 844, 228, 17, 929, 897, 161, 629, 185, 674, 180, 669, 456, 788, 952, 749, 777, 284, 0, 434, 636, 848, 584, 297, 157, 188, 16, 808, 262, 242, 285]
[255, 981, 397, 351, 990, 842, 950, 620, 211, 239, 225, 720, 390, 348, 32, 351, 295, 312, 856, 10, 131, 653, 387, 526, 434, 186, 520, 434, 0, 998, 492, 624, 594, 807, 831, 156, 348, 211, 870, 684]
[193, 58, 475, 997, 60, 390, 230, 415, 50, 341, 27, 146, 62, 394, 901, 72, 144, 643, 708, 837, 917, 285, 363, 835, 170, 582, 499, 636, 998, 0, 573, 716, 641, 831, 139, 916, 136, 176, 16, 286]
[236, 17, 817, 805, 903, 499, 820, 391, 47, 507, 563, 789, 541, 266, 407, 375, 126, 853, 521, 716, 317, 459, 482, 124, 579, 929, 565, 848, 492, 573, 0, 46, 618, 83, 674, 43, 758, 825, 834, 640]
[548, 658, 173, 229, 82, 336, 625, 211, 778, 617, 785, 22, 66, 317, 751, 873, 663, 86, 173, 783, 735, 774, 638, 559, 550, 529, 758, 584, 624, 716, 46, 0, 154, 605, 602, 842, 718, 523, 126, 659]
[40, 918, 307, 204, 223, 372, 42, 498, 465, 796, 232, 364, 789, 543, 322, 697, 462, 406, 150, 104, 118, 263, 680, 902, 938, 401, 584, 297, 594, 641, 618, 154, 0, 953, 488, 922, 767, 384, 295, 732]
[196, 602, 487, 942, 748, 107, 602, 324, 667, 922, 972, 111, 446, 299, 926, 620, 920, 379, 633, 52, 564, 695, 813, 461, 959, 565, 774, 157, 807, 831, 83, 605, 953, 0, 537, 556, 875, 821, 995, 492]
[810, 582, 945, 429, 917, 552, 496, 527, 404, 337, 517, 718, 118, 786, 267, 173, 138, 980, 324, 229, 725, 445, 373, 763, 800, 323, 244, 188, 831, 139, 674, 602, 488, 537, 0, 102, 153, 259, 917, 411]
[376, 919, 193, 57, 717, 70, 418, 904, 142, 453, 616, 691, 265, 921, 397, 962, 471, 281, 93, 710, 476, 635, 233, 333, 501, 901, 689, 16, 156, 916, 43, 842, 922, 556, 102, 0, 400, 530, 23, 449]
[789, 501, 322, 801, 447, 31, 634, 805, 398, 47, 667, 766, 174, 498, 462, 808, 610, 671, 957, 680, 399, 79, 275, 988, 610, 847, 722, 808, 348, 136, 758, 718, 767, 875, 153, 400, 0, 777, 682, 838]
[966, 847, 831, 676, 586, 59, 589, 197, 880, 22, 431, 44, 54, 336, 202, 163, 246, 119, 625, 955, 564, 267, 845, 147, 244, 926, 667, 262, 211, 176, 825, 523, 384, 821, 259, 530, 777, 0, 394, 963]
[991, 254, 330, 68, 81, 773, 516, 36, 658, 300, 984, 526, 335, 754, 567, 736, 271, 987, 288, 901, 682, 284, 612, 777, 781, 351, 349, 242, 870, 16, 834, 126, 295, 995, 917, 23, 682, 394, 0, 602]
[79, 824, 912, 854, 481, 883, 278, 892, 132, 230, 734, 990, 676, 666, 685, 876, 775, 677, 174, 712, 318, 652, 786, 442, 178, 128, 45, 285, 684, 286, 640, 659, 732, 492, 411, 449, 838, 963, 602, 0]
