[0, 768, 879, 62, 736, 397, 615, 711, 653, 642, 20, 197, 334, 934, 167, 999, 581, 522, 363, 689, 489, 405, 661, 691, 264, 36, 647, 226, 781, 399],
[768, 0, 610, 557, 504, 531, 564, 609, 998, 741, 298, 562, 821, 629, 543, 291, 62, 561, 853, 100, 65, 817, 617, 988, 462, 457, 864, 59, 189, 212],
[879, 610, 0, 974, 61, 346, 441, 83, 288, 914, 915, 660, 14, 455, 969, 262, 633, 246, 215, 617, 792, 287, 50, 482, 315, 461, 967, 313, 656, 643],
[62, 557, 974, 0, 647, 402, 151, 329, 878, 707, 823, 572, 810, 832, 364, 302, 443, 266, 749, 377, 566, 235, 792, 595, 881, 618, 548, 620, 98, 864],
[736, 504, 61, 647, 0, 861, 109, 540, 997, 470, 124, 362, 398, 213, 178, 131, 253, 360, 146, 485, 550, 707, 991, 190, 329, 625, 238, 612, 36, 953],
[397, 531, 346, 402, 861, 0, 672, 500, 508, 107, 474, 441, 951, 474, 153, 654, 724, 54, 917, 364, 840, 518, 575, 870, 815, 776, 428, 904, 234, 721],
[615, 564, 441, 151, 109, 672, 0, 57, 30, 769, 950, 498, 477, 962, 171, 70, 403, 486, 210, 913, 255, 21, 906, 845, 773, 65, 418, 212, 633, 828],
[711, 609, 83, 329, 540, 500, 57, 0, 740, 267, 398, 733, 116, 755, 187, 344, 935, 41, 964, 518, 42, 295, 301, 520, 462, 997, 657, 308, 822, 336],
[653, 998, 288, 878, 997, 508, 30, 740, 0, 53, 921, 884, 603, 760, 772, 212, 389, 119, 977, 743, 618, 890, 785, 769, 830, 417, 507, 954, 315, 646],
[642, 741, 914, 707, 470, 107, 769, 267, 53, 0, 813, 873, 953, 629, 130, 385, 189, 354, 674, 313, 886, 359, 556, 20, 945, 211, 870, 780, 365, 858],
[20, 298, 915, 823, 124, 474, 950, 398, 921, 813, 0, 521, 369, 686, 504, 700, 286, 30, 369, 825, 338, 547, 268, 990, 868, 423, 720, 782, 170, 734],
[197, 562, 660, 572, 362, 441, 498, 733, 884, 873, 521, 0, 465, 746, 151, 158, 622, 78, 840, 411, 708, 993, 913, 582, 38, 995, 258, 697, 21, 773],
[334, 821, 14, 810, 398, 951, 477, 116, 603, 953, 369, 465, 0, 837, 780, 504, 28, 793, 480, 310, 618, 61, 112, 347, 397, 788, 991, 364, 618, 409],
[934, 629, 455, 832, 213, 474, 962, 755, 760, 629, 686, 746, 837, 0, 275, 594, 581, 282, 977, 311, 543, 405, 335, 131, 93, 773, 205, 655, 972, 866],
[167, 543, 969, 364, 178, 153, 171, 187, 772, 130, 504, 151, 780, 275, 0, 116, 906, 778, 690, 74, 442, 768, 685, 205, 326, 285, 956, 308, 762, 594],
[999, 291, 262, 302, 131, 654, 70, 344, 212, 385, 700, 158, 504, 594, 116, 0, 529, 537, 114, 380, 917, 854, 93, 501, 914, 128, 675, 659, 26, 478],
[581, 62, 633, 443, 253, 724, 403, 935, 389, 189, 286, 622, 28, 581, 906, 529, 0, 243, 988, 175, 27, 727, 589, 822, 351, 810, 816, 43, 701, 859],
[522, 561, 246, 266, 360, 54, 486, 41, 119, 354, 30, 78, 793, 282, 778, 537, 243, 0, 693, 418, 269, 563, 145, 746, 57, 106, 466, 405, 344, 167],
[363, 853, 215, 749, 146, 917, 210, 964, 977, 674, 369, 840, 480, 977, 690, 114, 988, 693, 0, 515, 863, 18, 73, 660, 179, 368, 763, 82, 969, 872],
[689, 100, 617, 377, 485, 364, 913, 518, 743, 313, 825, 411, 310, 311, 74, 380, 175, 418, 515, 0, 416, 492, 127, 383, 752, 138, 18, 566, 101, 28],
[489, 65, 792, 566, 550, 840, 255, 42, 618, 886, 338, 708, 618, 543, 442, 917, 27, 269, 863, 416, 0, 765, 394, 788, 103, 608, 515, 834, 882, 498],
[405, 817, 287, 235, 707, 518, 21, 295, 890, 359, 547, 993, 61, 405, 768, 854, 727, 563, 18, 492, 765, 0, 913, 112, 953, 24, 243, 365, 332, 922],
[661, 617, 50, 792, 991, 575, 906, 301, 785, 556, 268, 913, 112, 335, 685, 93, 589, 145, 73, 127, 394, 913, 0, 591, 627, 682, 578, 386, 284, 135],
[691, 988, 482, 595, 190, 870, 845, 520, 769, 20, 990, 582, 347, 131, 205, 501, 822, 746, 660, 383, 788, 112, 591, 0, 692, 425, 752, 698, 204, 930],
[264, 462, 315, 881, 329, 815, 773, 462, 830, 945, 868, 38, 397, 93, 326, 914, 351, 57, 179, 752, 103, 953, 627, 692, 0, 378, 670, 680, 420, 804],
[36, 457, 461, 618, 625, 776, 65, 997, 417, 211, 423, 995, 788, 773, 285, 128, 810, 106, 368, 138, 608, 24, 682, 425, 378, 0, 137, 626, 512, 738],
[647, 864, 967, 548, 238, 428, 418, 657, 507, 870, 720, 258, 991, 205, 956, 675, 816, 466, 763, 18, 515, 243, 578, 752, 670, 137, 0, 90, 172, 631],
[226, 59, 313, 620, 612, 904, 212, 308, 954, 780, 782, 697, 364, 655, 308, 659, 43, 405, 82, 566, 834, 365, 386, 698, 680, 626, 90, 0, 697, 658],
[781, 189, 656, 98, 36, 234, 633, 822, 315, 365, 170, 21, 618, 972, 762, 26, 701, 344, 969, 101, 882, 332, 284, 204, 420, 512, 172, 697, 0, 445],
[399, 212, 643, 864, 953, 721, 828, 336, 646, 858, 734, 773, 409, 866, 594, 478, 859, 167, 872, 28, 498, 922, 135, 930, 804, 738, 631, 658, 445, 0]
