[0, 150, 247, 748, 247, 683, 771, 698, 152, 587, 827, 968, 324, 763, 16, 974, 447, 811, 340, 261, 642, 454, 586, 735, 882, 794, 796, 627, 113, 165, 777, 365, 852, 249, 200, 807, 518, 616, 641, 695, 847, 464, 34, 565, 862, 533, 823, 337, 281, 33, 340, 23, 916, 914, 602, 697, 509, 584, 239, 594, 606, 548, 840, 674, 875, 237, 737, 400, 562, 501, 222, 556, 855, 839, 472, 858, 707, 897, 313, 441, 689, 395, 458, 121, 747, 233, 63, 10, 495, 582, 881, 725, 840, 428, 748, 263, 272, 874, 350, 696, 218, 960, 365, 373, 781, 833, 639, 735, 213, 536, 781, 593, 721, 785, 984, 22, 299, 524, 150, 598, 127, 345, 375, 927, 425, 966, 128, 604, 54, 665, 315, 35, 758, 702, 884, 955, 200, 84, 515, 935, 449, 826, 366, 266, 151, 250, 804, 588, 624, 285, 753, 925, 522, 426, 552, 495, 620, 77, 754, 540, 994, 78, 379, 242, 496, 504, 823, 739, 223, 271, 296, 979, 718, 216, 761, 425, 539, 66, 667, 989, 976, 922, 638, 736, 315, 351, 99, 538, 14, 190, 742, 971, 199, 264, 299, 845, 83, 558, 267, 764],
[150, 0, 293, 716, 97, 879, 474, 330, 113, 634, 647, 615, 495, 821, 407, 789, 563, 224, 136, 81, 480, 927, 826, 60, 186, 268, 957, 272, 524, 247, 931, 712, 31, 481, 108, 718, 589, 459, 444, 894, 799, 915, 740, 289, 44, 990, 23, 517, 694, 713, 310, 758, 106, 653, 978, 145, 524, 901, 529, 962, 890, 25, 593, 882, 134, 183, 75, 271, 47, 775, 994, 421, 914, 317, 658, 854, 161, 673, 669, 541, 563, 964, 455, 463, 235, 61, 820, 526, 463, 758, 574, 923, 947, 489, 179, 33, 354, 150, 616, 780, 700, 993, 506, 52, 751, 203, 304, 702, 544, 376, 130, 80, 342, 188, 909, 813, 758, 650, 336, 756, 194, 660, 265, 852, 558, 675, 574, 594, 54, 648, 182, 887, 422, 182, 482, 940, 247, 526, 943, 775, 480, 713, 196, 1000, 215, 607, 901, 781, 781, 906, 370, 583, 95, 764, 790, 576, 511, 718, 362, 62, 686, 444, 602, 44, 283, 894, 198, 675, 38, 411, 1000, 482, 667, 162, 945, 798, 492, 901, 840, 257, 782, 401, 610, 243, 381, 956, 895, 238, 796, 375, 307, 932, 612, 887, 851, 819, 810, 198, 96, 940],
[247, 293, 0, 244, 436, 793, 532, 143, 423, 158, 33, 627, 263, 108, 698, 626, 554, 704, 646, 20, 264, 883, 979, 940, 401, 539, 574, 313, 466, 731, 624, 401, 391, 296, 15, 366, 649, 869, 941, 565, 501, 977, 591, 914, 437, 508, 434, 159, 236, 551, 336, 754, 850, 599, 614, 589, 685, 639, 667, 564, 372, 777, 747, 877, 417, 367, 754, 79, 874, 300, 495, 639, 950, 471, 297, 587, 877, 54, 28, 621, 685, 30, 102, 486, 87, 121, 776, 352, 278, 462, 561, 268, 687, 778, 986, 564, 581, 709, 82, 445, 263, 322, 986, 969, 134, 751, 577, 426, 762, 871, 778, 210, 688, 239, 661, 997, 414, 714, 966, 250, 496, 923, 628, 977, 32, 127, 220, 436, 661, 136, 329, 316, 609, 723, 121, 179, 497, 988, 136, 359, 870, 524, 97, 753, 751, 970, 753, 81, 981, 449, 603, 19, 485, 986, 975, 708, 325, 542, 812, 265, 586, 871, 657, 581, 497, 910, 548, 480, 646, 157, 614, 401, 919, 880, 898, 978, 806, 957, 533, 580, 414, 131, 612, 270, 796, 749, 509, 834, 23, 414, 461, 625, 216, 372, 30, 802, 872, 778, 981, 794],
[748, 716, 244, 0, 638, 89, 879, 690, 979, 719, 676, 868, 655, 312, 949, 48, 327, 604, 965, 136, 721, 312, 518, 370, 666, 78, 876, 180, 526, 930, 624, 906, 266, 544, 953, 664, 222, 806, 232, 584, 610, 835, 402, 833, 169, 854, 776, 772, 652, 467, 605, 910, 769, 827, 904, 503, 544, 484, 282, 462, 228, 538, 56, 32, 770, 149, 552, 910, 190, 863, 121, 398, 337, 941, 967, 670, 629, 777, 245, 592, 839, 889, 574, 267, 176, 844, 48, 993, 484, 200, 291, 72, 394, 414, 600, 188, 217, 932, 858, 326, 922, 296, 442, 988, 909, 620, 885, 514, 130, 476, 88, 118, 579, 952, 673, 874, 741, 385, 830, 364, 606, 972, 582, 498, 471, 885, 283, 993, 146, 549, 516, 191, 467, 437, 249, 55, 492, 153, 561, 214, 929, 552, 844, 844, 20, 863, 106, 435, 581, 740, 416, 965, 201, 20, 341, 425, 877, 840, 414, 889, 420, 214, 552, 11, 995, 359, 958, 778, 632, 656, 885, 215, 309, 685, 95, 714, 154, 649, 799, 161, 607, 662, 108, 673, 645, 71, 690, 924, 871, 739, 33, 414, 25, 185, 615, 252, 531, 236, 649, 145],
[247, 97, 436, 638, 0, 640, 249, 851, 274, 247, 742, 86, 700, 208, 415, 679, 706, 379, 270, 440, 781, 918, 760, 112, 36, 915, 718, 128, 823, 30, 291, 396, 731, 210, 691, 418, 956, 535, 865, 504, 40, 244, 544, 581, 957, 212, 914, 758, 307, 805, 838, 760, 969, 455, 331, 424, 631, 286, 637, 877, 635, 741, 349, 105, 828, 564, 131, 100, 789, 43, 488, 261, 749, 544, 438, 374, 70, 235, 157, 226, 333, 976, 665, 485, 667, 889, 77, 946, 274, 611, 561, 424, 945, 618, 421, 582, 469, 760, 92, 355, 933, 612, 387, 326, 257, 215, 823, 364, 741, 310, 53, 583, 578, 289, 775, 114, 388, 884, 723, 655, 363, 539, 288, 791, 51, 702, 233, 825, 145, 922, 572, 988, 144, 11, 933, 766, 531, 590, 553, 623, 335, 311, 297, 860, 639, 55, 182, 256, 936, 387, 827, 44, 872, 327, 57, 238, 948, 337, 908, 408, 841, 966, 949, 535, 840, 308, 427, 294, 579, 337, 396, 639, 46, 77, 341, 350, 352, 890, 646, 481, 200, 112, 681, 51, 353, 970, 930, 937, 351, 596, 226, 17, 142, 602, 976, 625, 627, 891, 57, 322],
[683, 879, 793, 89, 640, 0, 962, 831, 534, 672, 272, 526, 568, 109, 77, 372, 948, 343, 948, 199, 656, 910, 111, 498, 626, 184, 413, 981, 966, 213, 699, 859, 123, 41, 19, 191, 280, 217, 135, 821, 264, 421, 452, 749, 238, 552, 87, 656, 570, 31, 226, 811, 847, 791, 939, 170, 363, 896, 532, 154, 278, 582, 381, 481, 585, 368, 31, 964, 308, 707, 78, 208, 283, 31, 97, 841, 762, 943, 693, 454, 163, 425, 139, 228, 82, 91, 932, 365, 912, 353, 373, 674, 514, 998, 252, 632, 233, 763, 838, 597, 430, 449, 104, 91, 111, 147, 505, 909, 30, 291, 627, 440, 794, 886, 608, 791, 670, 557, 273, 68, 394, 835, 956, 474, 978, 217, 481, 266, 158, 498, 753, 287, 702, 594, 803, 32, 608, 699, 541, 731, 851, 719, 143, 797, 486, 189, 169, 763, 929, 997, 391, 563, 345, 489, 717, 494, 896, 905, 276, 524, 770, 222, 35, 310, 437, 665, 581, 243, 775, 367, 482, 984, 349, 602, 167, 303, 103, 506, 297, 283, 69, 582, 102, 899, 369, 740, 116, 134, 359, 611, 749, 839, 279, 169, 990, 35, 777, 317, 109, 630],
[771, 474, 532, 879, 249, 962, 0, 529, 540, 823, 805, 986, 273, 908, 976, 397, 948, 516, 739, 667, 19, 410, 923, 600, 91, 861, 400, 247, 794, 617, 635, 97, 196, 188, 322, 360, 904, 117, 515, 741, 891, 499, 283, 454, 421, 191, 503, 921, 638, 55, 221, 631, 72, 390, 229, 164, 569, 52, 980, 36, 935, 111, 798, 688, 817, 77, 199, 477, 634, 426, 635, 480, 779, 515, 540, 395, 960, 187, 610, 655, 972, 882, 556, 852, 967, 35, 721, 20, 543, 232, 323, 530, 874, 935, 865, 60, 44, 986, 90, 856, 137, 512, 157, 424, 738, 908, 430, 358, 703, 937, 490, 54, 733, 726, 613, 863, 813, 358, 77, 357, 123, 862, 199, 106, 666, 993, 620, 353, 751, 606, 860, 614, 736, 455, 971, 487, 582, 76, 755, 222, 186, 249, 155, 623, 273, 373, 871, 154, 245, 624, 93, 565, 883, 57, 90, 276, 818, 348, 953, 419, 355, 753, 346, 514, 654, 548, 871, 349, 322, 826, 442, 959, 50, 925, 178, 984, 503, 242, 685, 484, 316, 47, 821, 329, 509, 962, 218, 659, 42, 63, 544, 167, 162, 857, 532, 251, 602, 302, 300, 221],
[698, 330, 143, 690, 851, 831, 529, 0, 445, 654, 382, 524, 341, 521, 193, 106, 759, 196, 193, 924, 239, 799, 843, 106, 455, 513, 383, 320, 588, 184, 783, 27, 147, 911, 968, 756, 156, 158, 820, 773, 445, 394, 751, 229, 889, 622, 325, 501, 806, 131, 333, 171, 209, 392, 938, 942, 858, 536, 162, 478, 464, 302, 362, 746, 195, 809, 485, 491, 253, 447, 559, 646, 429, 174, 898, 611, 554, 447, 346, 737, 779, 930, 962, 397, 550, 146, 733, 480, 946, 452, 207, 30, 779, 474, 361, 508, 322, 371, 586, 676, 551, 975, 233, 735, 97, 763, 480, 409, 528, 611, 840, 336, 194, 846, 218, 446, 964, 593, 58, 783, 897, 91, 576, 599, 739, 920, 410, 877, 601, 225, 224, 568, 944, 60, 445, 742, 729, 117, 866, 656, 577, 448, 461, 215, 568, 519, 188, 740, 689, 941, 497, 205, 641, 542, 480, 92, 209, 203, 909, 96, 913, 485, 464, 362, 75, 583, 419, 19, 614, 929, 639, 740, 766, 409, 457, 812, 756, 767, 222, 56, 627, 896, 725, 941, 158, 351, 730, 693, 866, 765, 602, 848, 558, 723, 930, 587, 844, 924, 503, 257],
[152, 113, 423, 979, 274, 534, 540, 445, 0, 82, 647, 787, 34, 215, 451, 802, 567, 156, 67, 778, 946, 34, 478, 901, 187, 682, 459, 517, 602, 323, 71, 443, 771, 390, 648, 892, 384, 908, 939, 660, 817, 177, 678, 208, 974, 235, 696, 568, 220, 493, 350, 590, 296, 90, 450, 506, 57, 756, 555, 25, 345, 328, 953, 974, 659, 573, 943, 570, 660, 43, 624, 765, 10, 996, 234, 106, 98, 444, 957, 606, 888, 427, 33, 752, 285, 582, 949, 836, 664, 985, 433, 710, 298, 771, 557, 289, 497, 654, 723, 188, 839, 94, 12, 310, 494, 659, 870, 400, 374, 540, 850, 354, 356, 409, 505, 918, 773, 295, 621, 525, 893, 374, 691, 242, 642, 920, 692, 297, 759, 914, 761, 142, 577, 324, 161, 421, 354, 336, 892, 393, 617, 164, 876, 126, 825, 285, 55, 893, 696, 936, 572, 197, 895, 942, 983, 803, 779, 193, 295, 245, 879, 527, 869, 315, 672, 863, 580, 696, 899, 507, 73, 518, 919, 978, 644, 580, 666, 607, 173, 330, 12, 486, 858, 141, 257, 272, 587, 699, 573, 79, 124, 1000, 629, 184, 870, 371, 66, 954, 59, 869],
[587, 634, 158, 719, 247, 672, 823, 654, 82, 0, 442, 241, 147, 191, 620, 399, 69, 77, 722, 307, 813, 75, 590, 323, 367, 754, 929, 362, 697, 529, 642, 864, 121, 546, 559, 616, 971, 709, 330, 675, 434, 453, 532, 984, 721, 911, 905, 830, 133, 640, 59, 732, 225, 657, 392, 533, 954, 290, 481, 842, 959, 121, 680, 84, 96, 301, 418, 635, 972, 983, 36, 890, 994, 586, 14, 102, 177, 455, 824, 92, 464, 917, 10, 511, 504, 694, 162, 834, 133, 747, 54, 621, 363, 728, 822, 644, 45, 180, 408, 129, 423, 838, 317, 527, 243, 430, 525, 22, 643, 284, 226, 764, 853, 189, 748, 894, 20, 431, 261, 777, 493, 675, 757, 726, 16, 591, 49, 869, 276, 528, 198, 248, 82, 683, 532, 745, 190, 623, 45, 744, 508, 598, 137, 804, 376, 462, 856, 965, 506, 731, 273, 960, 754, 263, 382, 267, 381, 946, 68, 332, 535, 610, 509, 497, 537, 738, 664, 886, 736, 620, 18, 534, 693, 935, 188, 818, 218, 124, 486, 687, 550, 960, 426, 829, 465, 300, 908, 83, 551, 674, 942, 175, 464, 758, 213, 267, 296, 231, 436, 440],
[827, 647, 33, 676, 742, 272, 805, 382, 647, 442, 0, 242, 848, 433, 868, 528, 263, 121, 407, 407, 808, 540, 240, 97, 311, 416, 830, 337, 372, 310, 909, 640, 111, 339, 604, 860, 90, 113, 756, 816, 212, 525, 612, 354, 662, 799, 124, 604, 758, 35, 911, 888, 827, 684, 716, 198, 144, 685, 192, 965, 98, 768, 415, 698, 230, 392, 740, 434, 33, 936, 251, 393, 784, 684, 556, 733, 363, 114, 580, 861, 582, 468, 101, 141, 196, 28, 716, 46, 88, 165, 976, 704, 548, 78, 718, 872, 261, 180, 248, 282, 275, 504, 834, 531, 192, 524, 585, 47, 909, 700, 112, 120, 159, 55, 898, 487, 869, 956, 652, 105, 477, 988, 69, 682, 598, 579, 217, 663, 748, 18, 861, 995, 393, 391, 589, 612, 930, 281, 510, 273, 54, 374, 345, 704, 481, 59, 131, 781, 835, 964, 905, 537, 614, 416, 239, 550, 639, 114, 975, 790, 792, 798, 159, 563, 891, 822, 704, 680, 481, 410, 548, 937, 92, 123, 639, 570, 569, 411, 467, 393, 756, 135, 141, 957, 266, 977, 19, 804, 541, 151, 840, 141, 167, 97, 811, 740, 205, 185, 474, 199],
[968, 615, 627, 868, 86, 526, 986, 524, 787, 241, 242, 0, 605, 716, 946, 211, 193, 824, 153, 98, 842, 40, 423, 18, 248, 612, 839, 17, 26, 22, 183, 856, 350, 443, 396, 974, 764, 898, 768, 827, 420, 624, 841, 895, 828, 527, 945, 393, 191, 409, 109, 38, 834, 638, 277, 277, 483, 509, 750, 263, 486, 991, 625, 931, 973, 30, 338, 977, 835, 622, 343, 612, 998, 918, 462, 566, 36, 155, 766, 722, 867, 441, 29, 950, 325, 235, 926, 774, 308, 264, 577, 574, 380, 152, 64, 168, 893, 348, 365, 246, 383, 291, 68, 64, 859, 451, 290, 88, 611, 925, 80, 528, 269, 227, 620, 911, 55, 375, 416, 424, 766, 316, 819, 533, 636, 156, 976, 618, 206, 528, 608, 617, 802, 64, 847, 853, 359, 779, 491, 211, 164, 205, 245, 634, 802, 151, 237, 651, 463, 649, 178, 38, 745, 810, 133, 919, 330, 455, 776, 256, 908, 19, 609, 533, 987, 149, 58, 752, 101, 375, 687, 351, 87, 658, 846, 539, 730, 453, 1000, 608, 424, 889, 91, 750, 388, 296, 472, 26, 886, 189, 377, 389, 944, 610, 584, 502, 274, 749, 417, 336],
[324, 495, 263, 655, 700, 568, 273, 341, 34, 147, 848, 605, 0, 900, 284, 198, 726, 737, 521, 531, 377, 906, 231, 894, 615, 480, 96, 753, 439, 730, 51, 73, 789, 511, 818, 32, 551, 956, 658, 553, 127, 41, 531, 110, 917, 973, 584, 961, 1000, 43, 986, 571, 138, 221, 783, 414, 714, 936, 639, 56, 577, 447, 674, 689, 978, 370, 88, 708, 310, 686, 980, 390, 613, 485, 897, 185, 87, 809, 935, 633, 820, 730, 490, 184, 370, 319, 641, 850, 694, 146, 562, 484, 120, 966, 82, 277, 827, 191, 105, 501, 281, 944, 596, 144, 861, 48, 833, 818, 573, 949, 404, 703, 325, 810, 36, 202, 272, 396, 822, 468, 728, 961, 638, 568, 11, 433, 364, 105, 616, 614, 470, 382, 777, 958, 137, 308, 100, 915, 279, 958, 974, 264, 176, 134, 649, 755, 431, 686, 718, 692, 954, 726, 706, 787, 714, 994, 144, 90, 393, 714, 943, 236, 391, 823, 26, 259, 472, 320, 369, 279, 666, 161, 780, 406, 859, 631, 785, 684, 636, 261, 661, 174, 439, 115, 134, 488, 98, 356, 532, 25, 15, 838, 77, 856, 522, 587, 510, 564, 545, 52],
[763, 821, 108, 312, 208, 109, 908, 521, 215, 191, 433, 716, 900, 0, 910, 169, 53, 98, 400, 441, 565, 600, 729, 511, 984, 419, 535, 395, 361, 531, 861, 307, 499, 542, 921, 252, 191, 700, 931, 333, 572, 833, 781, 735, 174, 37, 855, 245, 730, 985, 193, 389, 213, 494, 610, 916, 481, 858, 855, 659, 459, 349, 843, 863, 850, 917, 202, 158, 676, 630, 110, 799, 416, 272, 262, 504, 392, 231, 247, 972, 885, 934, 805, 758, 649, 77, 710, 371, 749, 74, 468, 102, 950, 32, 131, 995, 376, 547, 313, 524, 472, 306, 926, 964, 582, 488, 422, 438, 640, 783, 667, 532, 630, 431, 456, 645, 76, 478, 270, 773, 728, 587, 600, 100, 180, 168, 26, 77, 759, 266, 22, 840, 755, 197, 777, 335, 927, 73, 131, 391, 857, 856, 585, 475, 357, 914, 710, 990, 465, 282, 162, 869, 797, 561, 588, 34, 905, 195, 728, 857, 733, 575, 342, 538, 325, 308, 764, 654, 638, 643, 812, 729, 420, 163, 861, 637, 367, 263, 312, 320, 427, 565, 900, 732, 538, 100, 463, 795, 577, 162, 924, 453, 440, 78, 938, 319, 351, 740, 829, 306],
[16, 407, 698, 949, 415, 77, 976, 193, 451, 620, 868, 946, 284, 910, 0, 112, 365, 13, 458, 112, 58, 684, 815, 627, 80, 323, 369, 768, 941, 110, 957, 41, 699, 755, 173, 494, 523, 600, 962, 713, 395, 446, 102, 564, 674, 934, 532, 126, 323, 790, 327, 992, 350, 876, 608, 561, 531, 560, 215, 824, 301, 211, 853, 105, 512, 705, 172, 585, 271, 821, 894, 239, 108, 921, 781, 947, 916, 135, 309, 177, 841, 653, 695, 49, 701, 977, 576, 604, 254, 317, 16, 21, 616, 553, 749, 548, 922, 47, 575, 234, 54, 699, 103, 69, 406, 533, 934, 718, 92, 298, 369, 764, 713, 931, 963, 281, 295, 333, 177, 110, 327, 695, 641, 943, 423, 419, 860, 690, 96, 816, 668, 917, 47, 390, 319, 21, 799, 40, 622, 640, 15, 780, 696, 662, 105, 705, 70, 548, 65, 226, 500, 655, 695, 932, 164, 21, 732, 611, 988, 686, 754, 603, 279, 822, 524, 954, 169, 777, 729, 897, 778, 186, 834, 558, 194, 902, 51, 440, 699, 800, 847, 914, 330, 697, 761, 689, 156, 85, 616, 645, 437, 458, 444, 52, 866, 931, 222, 198, 618, 441],
[974, 789, 626, 48, 679, 372, 397, 106, 802, 399, 528, 211, 198, 169, 112, 0, 327, 931, 54, 652, 113, 610, 284, 103, 190, 994, 362, 812, 148, 361, 882, 223, 624, 179, 315, 230, 863, 298, 788, 982, 432, 888, 487, 852, 705, 216, 696, 762, 896, 742, 483, 446, 209, 299, 605, 247, 891, 132, 368, 802, 88, 335, 655, 45, 835, 534, 849, 828, 125, 498, 365, 375, 505, 595, 788, 353, 462, 305, 393, 150, 998, 206, 782, 407, 888, 390, 456, 241, 312, 79, 804, 475, 119, 252, 919, 287, 634, 231, 127, 409, 193, 885, 336, 938, 423, 652, 64, 497, 415, 19, 516, 910, 747, 551, 628, 388, 364, 578, 675, 242, 139, 683, 313, 68, 135, 172, 729, 697, 775, 171, 670, 82, 1000, 207, 448, 133, 548, 536, 885, 862, 841, 41, 180, 668, 601, 281, 462, 724, 391, 68, 811, 882, 106, 306, 448, 883, 708, 674, 991, 137, 214, 116, 439, 43, 154, 666, 596, 746, 354, 70, 352, 498, 248, 733, 689, 224, 273, 14, 463, 383, 869, 419, 452, 502, 693, 731, 14, 306, 990, 990, 843, 37, 339, 540, 431, 29, 348, 589, 116, 962],
[447, 563, 554, 327, 706, 948, 948, 759, 567, 69, 263, 193, 726, 53, 365, 327, 0, 401, 126, 37, 34, 296, 849, 207, 590, 531, 149, 324, 786, 302, 952, 177, 829, 562, 331, 470, 870, 705, 648, 855, 277, 13, 343, 400, 613, 636, 604, 991, 266, 745, 41, 770, 992, 318, 262, 99, 942, 11, 859, 942, 460, 971, 321, 487, 303, 351, 15, 482, 330, 178, 735, 748, 144, 550, 318, 935, 433, 821, 404, 597, 79, 287, 375, 269, 687, 196, 931, 433, 258, 98, 158, 345, 601, 709, 319, 251, 386, 60, 187, 30, 168, 175, 241, 45, 265, 811, 435, 544, 540, 411, 495, 386, 716, 236, 477, 139, 647, 314, 339, 144, 664, 143, 357, 611, 839, 623, 582, 17, 598, 296, 292, 634, 710, 968, 778, 452, 944, 407, 773, 538, 422, 335, 270, 402, 857, 442, 226, 494, 360, 334, 443, 193, 108, 269, 389, 139, 201, 263, 217, 975, 673, 914, 245, 841, 69, 701, 57, 98, 288, 16, 828, 608, 227, 835, 905, 995, 456, 318, 226, 777, 70, 834, 400, 786, 729, 792, 815, 862, 776, 380, 93, 581, 686, 278, 911, 921, 181, 120, 611, 768],
[811, 224, 704, 604, 379, 343, 516, 196, 156, 77, 121, 824, 737, 98, 13, 931, 401, 0, 446, 637, 764, 835, 629, 262, 731, 407, 766, 920, 13, 650, 157, 928, 579, 948, 219, 638, 356, 847, 410, 393, 25, 808, 281, 501, 975, 199, 659, 657, 267, 614, 617, 989, 77, 491, 129, 195, 632, 537, 47, 933, 776, 156, 194, 142, 267, 216, 682, 468, 96, 857, 595, 866, 686, 144, 188, 300, 723, 492, 307, 555, 489, 389, 308, 356, 199, 946, 335, 514, 928, 997, 536, 94, 524, 633, 370, 708, 790, 49, 100, 68, 85, 673, 763, 884, 938, 644, 99, 880, 623, 179, 993, 680, 235, 20, 261, 373, 839, 268, 434, 375, 807, 367, 683, 296, 306, 142, 798, 460, 688, 631, 759, 994, 205, 625, 320, 346, 234, 312, 66, 596, 860, 513, 48, 53, 198, 922, 913, 711, 161, 669, 714, 381, 490, 540, 535, 209, 470, 330, 675, 116, 491, 323, 373, 987, 836, 737, 461, 117, 805, 249, 175, 140, 630, 365, 466, 123, 968, 131, 539, 540, 622, 918, 764, 882, 116, 475, 901, 774, 596, 796, 903, 341, 386, 598, 811, 642, 945, 703, 487, 449],
[340, 136, 646, 965, 270, 948, 739, 193, 67, 722, 407, 153, 521, 400, 458, 54, 126, 446, 0, 314, 686, 60, 625, 782, 431, 617, 178, 760, 451, 711, 786, 563, 169, 355, 620, 44, 637, 540, 574, 354, 932, 64, 308, 458, 370, 895, 12, 595, 257, 132, 838, 171, 453, 162, 514, 881, 408, 782, 10, 972, 634, 914, 62, 127, 755, 727, 668, 371, 125, 783, 446, 168, 616, 825, 339, 300, 683, 760, 238, 748, 91, 789, 647, 410, 776, 598, 742, 74, 960, 827, 923, 904, 753, 632, 540, 337, 868, 169, 557, 946, 849, 61, 728, 289, 84, 256, 169, 249, 855, 215, 560, 810, 996, 267, 701, 352, 709, 317, 728, 539, 892, 928, 455, 483, 803, 403, 408, 329, 916, 407, 91, 790, 657, 950, 767, 942, 718, 435, 441, 799, 948, 177, 743, 688, 232, 129, 260, 891, 418, 822, 917, 436, 861, 567, 287, 71, 742, 548, 941, 704, 903, 353, 462, 60, 12, 325, 862, 898, 914, 375, 829, 920, 467, 681, 778, 818, 203, 219, 157, 756, 682, 623, 696, 274, 459, 584, 694, 355, 951, 362, 537, 108, 330, 381, 711, 399, 809, 567, 415, 29],
[261, 81, 20, 136, 440, 199, 667, 924, 778, 307, 407, 98, 531, 441, 112, 652, 37, 637, 314, 0, 81, 153, 822, 917, 759, 425, 499, 563, 933, 347, 60, 931, 81, 929, 772, 1000, 120, 29, 806, 484, 794, 261, 472, 935, 967, 400, 550, 201, 24, 596, 390, 531, 147, 910, 258, 506, 755, 196, 245, 356, 326, 667, 598, 746, 710, 952, 42, 492, 214, 721, 917, 932, 36, 802, 916, 761, 958, 578, 602, 82, 24, 811, 962, 15, 701, 782, 947, 477, 499, 65, 393, 548, 273, 306, 689, 741, 756, 205, 952, 558, 729, 210, 259, 187, 495, 279, 486, 959, 169, 869, 321, 127, 699, 955, 98, 674, 506, 483, 165, 993, 209, 901, 316, 428, 631, 735, 915, 461, 844, 279, 174, 778, 750, 49, 514, 276, 413, 418, 434, 851, 495, 980, 299, 652, 495, 954, 708, 718, 742, 455, 141, 773, 693, 906, 649, 342, 717, 70, 911, 302, 807, 971, 244, 439, 79, 916, 635, 585, 998, 913, 815, 950, 607, 83, 112, 681, 617, 701, 913, 892, 752, 29, 478, 155, 769, 660, 636, 953, 893, 903, 923, 752, 709, 702, 175, 379, 237, 820, 424, 485],
[642, 480, 264, 721, 781, 656, 19, 239, 946, 813, 808, 842, 377, 565, 58, 113, 34, 764, 686, 81, 0, 443, 31, 467, 539, 285, 931, 646, 281, 667, 457, 607, 158, 757, 708, 684, 19, 24, 872, 586, 844, 986, 835, 976, 634, 418, 773, 737, 772, 188, 435, 478, 814, 350, 694, 665, 157, 920, 890, 295, 754, 293, 761, 105, 546, 52, 294, 25, 17, 441, 76, 329, 544, 981, 800, 137, 56, 428, 887, 796, 568, 554, 932, 496, 458, 884, 164, 75, 882, 821, 508, 908, 601, 259, 525, 514, 657, 836, 394, 302, 455, 967, 841, 925, 13, 355, 823, 144, 305, 836, 133, 959, 689, 93, 65, 156, 806, 102, 205, 616, 71, 658, 326, 887, 642, 72, 888, 166, 539, 169, 844, 837, 485, 85, 815, 604, 909, 183, 85, 644, 149, 396, 476, 649, 165, 898, 635, 538, 333, 858, 667, 767, 752, 393, 540, 937, 584, 947, 847, 939, 577, 382, 435, 110, 376, 735, 199, 185, 750, 867, 400, 126, 708, 227, 217, 657, 835, 785, 308, 778, 402, 252, 674, 89, 782, 622, 91, 870, 1000, 492, 205, 535, 527, 185, 173, 74, 435, 120, 363, 28],
[454, 927, 883, 312, 918, 910, 410, 799, 34, 75, 540, 40, 906, 600, 684, 610, 296, 835, 60, 153, 443, 0, 581, 585, 443, 721, 401, 89, 703, 890, 355, 710, 461, 365, 410, 278, 273, 21, 914, 200, 108, 296, 163, 504, 55, 185, 966, 202, 88, 435, 776, 234, 270, 828, 649, 557, 433, 776, 290, 829, 699, 694, 272, 107, 588, 142, 742, 625, 977, 825, 836, 122, 688, 668, 688, 393, 785, 88, 781, 32, 994, 731, 721, 704, 250, 78, 456, 429, 244, 414, 264, 755, 503, 913, 76, 790, 519, 610, 611, 311, 395, 987, 165, 605, 776, 533, 949, 443, 172, 491, 265, 667, 766, 238, 211, 771, 909, 859, 780, 986, 443, 413, 955, 199, 932, 27, 957, 120, 776, 383, 440, 762, 277, 98, 604, 240, 134, 646, 416, 353, 885, 585, 493, 712, 725, 576, 741, 747, 979, 648, 976, 157, 172, 684, 113, 857, 768, 206, 578, 348, 608, 954, 324, 216, 100, 613, 74, 137, 139, 883, 857, 38, 689, 900, 454, 645, 297, 206, 731, 774, 479, 885, 61, 448, 145, 693, 359, 926, 399, 818, 468, 415, 96, 571, 58, 922, 668, 159, 399, 15],
[586, 826, 979, 518, 760, 111, 923, 843, 478, 590, 240, 423, 231, 729, 815, 284, 849, 629, 625, 822, 31, 581, 0, 995, 582, 17, 338, 579, 191, 109, 967, 548, 206, 298, 781, 778, 587, 721, 970, 839, 720, 590, 309, 995, 106, 695, 73, 794, 546, 157, 292, 711, 328, 784, 974, 79, 368, 626, 123, 593, 123, 399, 360, 618, 486, 700, 850, 894, 298, 819, 228, 46, 165, 87, 815, 568, 193, 601, 111, 114, 38, 994, 617, 734, 405, 488, 746, 251, 884, 69, 816, 357, 580, 742, 707, 140, 31, 856, 904, 128, 160, 497, 621, 755, 695, 750, 869, 326, 772, 301, 717, 364, 51, 738, 606, 741, 660, 317, 537, 694, 37, 448, 123, 320, 503, 637, 810, 49, 468, 683, 377, 236, 692, 229, 846, 303, 212, 941, 964, 320, 993, 677, 945, 486, 831, 67, 175, 16, 840, 854, 722, 82, 353, 696, 635, 771, 213, 33, 599, 412, 269, 976, 181, 988, 311, 60, 62, 557, 517, 679, 713, 292, 862, 851, 609, 83, 739, 693, 346, 302, 883, 368, 809, 235, 764, 893, 912, 236, 766, 896, 605, 755, 34, 496, 263, 462, 942, 135, 918, 652],
[735, 60, 940, 370, 112, 498, 600, 106, 901, 323, 97, 18, 894, 511, 627, 103, 207, 262, 782, 917, 467, 585, 995, 0, 552, 119, 146, 289, 46, 812, 633, 77, 579, 399, 152, 181, 247, 324, 967, 514, 493, 646, 536, 106, 664, 931, 226, 103, 870, 709, 893, 128, 719, 437, 680, 781, 95, 495, 444, 529, 722, 400, 517, 707, 563, 969, 240, 966, 11, 201, 650, 630, 208, 759, 122, 90, 440, 834, 811, 374, 952, 559, 773, 509, 867, 142, 652, 366, 628, 537, 44, 893, 716, 921, 954, 820, 138, 648, 563, 679, 38, 436, 783, 727, 594, 905, 672, 881, 973, 619, 676, 565, 982, 72, 696, 400, 423, 776, 354, 453, 601, 74, 894, 527, 277, 759, 585, 404, 182, 559, 856, 875, 655, 297, 497, 496, 175, 451, 150, 514, 222, 500, 686, 878, 113, 673, 460, 891, 154, 47, 781, 969, 956, 443, 404, 951, 907, 162, 284, 907, 986, 300, 231, 557, 414, 969, 745, 28, 655, 169, 878, 758, 572, 339, 425, 381, 460, 679, 842, 934, 557, 373, 23, 876, 713, 487, 58, 454, 253, 876, 897, 80, 689, 868, 581, 119, 706, 744, 362, 169],
[882, 186, 401, 666, 36, 626, 91, 455, 187, 367, 311, 248, 615, 984, 80, 190, 590, 731, 431, 759, 539, 443, 582, 552, 0, 112, 796, 958, 82, 761, 487, 410, 764, 887, 189, 466, 24, 926, 921, 778, 622, 894, 593, 967, 793, 858, 586, 218, 606, 321, 54, 836, 12, 91, 120, 589, 114, 942, 29, 972, 546, 485, 725, 973, 523, 221, 450, 888, 900, 604, 611, 221, 448, 411, 257, 937, 811, 691, 298, 35, 163, 748, 30, 209, 676, 189, 374, 17, 867, 619, 221, 39, 977, 636, 541, 683, 932, 309, 782, 793, 468, 260, 993, 248, 564, 708, 440, 130, 380, 741, 147, 249, 879, 926, 920, 579, 636, 286, 670, 664, 676, 224, 517, 450, 245, 632, 258, 318, 245, 786, 880, 943, 820, 638, 717, 785, 55, 957, 100, 740, 134, 872, 118, 961, 992, 197, 284, 800, 853, 182, 204, 787, 907, 756, 334, 430, 94, 821, 100, 947, 955, 504, 652, 106, 787, 624, 620, 914, 814, 850, 524, 709, 651, 504, 132, 40, 373, 751, 740, 507, 764, 872, 299, 624, 880, 349, 343, 17, 586, 488, 671, 841, 810, 798, 616, 577, 280, 306, 747, 493],
[794, 268, 539, 78, 915, 184, 861, 513, 682, 754, 416, 612, 480, 419, 323, 994, 531, 407, 617, 425, 285, 721, 17, 119, 112, 0, 733, 750, 400, 444, 463, 921, 733, 375, 450, 114, 936, 939, 637, 784, 848, 50, 363, 13, 164, 403, 357, 729, 704, 949, 691, 81, 622, 579, 807, 236, 408, 36, 703, 596, 997, 164, 803, 727, 102, 934, 244, 634, 465, 583, 611, 802, 986, 434, 739, 275, 49, 276, 588, 714, 680, 548, 112, 469, 376, 442, 187, 21, 717, 535, 650, 922, 760, 840, 924, 497, 921, 992, 686, 219, 274, 500, 579, 745, 401, 46, 69, 83, 913, 567, 219, 579, 617, 597, 72, 239, 161, 672, 638, 431, 899, 680, 372, 656, 698, 808, 385, 66, 355, 237, 334, 862, 915, 638, 363, 377, 613, 760, 598, 401, 960, 942, 966, 772, 463, 353, 675, 361, 952, 203, 188, 210, 139, 367, 643, 730, 485, 33, 379, 189, 112, 743, 622, 484, 620, 855, 549, 431, 671, 405, 182, 137, 288, 32, 924, 896, 470, 923, 794, 86, 732, 842, 533, 48, 497, 971, 895, 611, 996, 839, 161, 844, 315, 159, 949, 66, 392, 614, 303, 541],
[796, 957, 574, 876, 718, 413, 400, 383, 459, 929, 830, 839, 96, 535, 369, 362, 149, 766, 178, 499, 931, 401, 338, 146, 796, 733, 0, 178, 379, 922, 199, 891, 220, 277, 430, 318, 202, 509, 34, 176, 40, 250, 682, 932, 497, 165, 379, 985, 507, 622, 418, 653, 869, 474, 961, 846, 420, 565, 73, 905, 206, 550, 760, 601, 883, 717, 251, 308, 13, 807, 864, 624, 100, 318, 974, 571, 365, 222, 144, 908, 621, 956, 214, 300, 451, 746, 752, 104, 470, 299, 482, 956, 818, 230, 287, 233, 990, 76, 816, 522, 314, 930, 67, 375, 960, 360, 303, 669, 901, 21, 847, 206, 376, 404, 522, 149, 78, 457, 153, 969, 714, 625, 396, 902, 348, 22, 516, 221, 527, 425, 987, 87, 722, 75, 312, 152, 518, 506, 602, 446, 381, 1000, 626, 735, 780, 213, 171, 495, 22, 615, 971, 989, 710, 495, 177, 283, 335, 276, 36, 752, 114, 296, 780, 729, 940, 365, 74, 30, 336, 876, 556, 522, 380, 704, 60, 657, 166, 180, 459, 970, 369, 768, 321, 920, 642, 805, 347, 616, 20, 583, 242, 557, 896, 880, 410, 595, 723, 604, 138, 911],
[627, 272, 313, 180, 128, 981, 247, 320, 517, 362, 337, 17, 753, 395, 768, 812, 324, 920, 760, 563, 646, 89, 579, 289, 958, 750, 178, 0, 649, 325, 984, 953, 561, 444, 533, 738, 449, 332, 415, 824, 553, 607, 72, 347, 818, 32, 766, 442, 814, 928, 149, 126, 87, 74, 850, 337, 896, 285, 403, 343, 50, 759, 94, 752, 862, 978, 38, 192, 769, 792, 215, 773, 458, 586, 263, 489, 964, 810, 473, 998, 203, 691, 537, 480, 14, 409, 756, 630, 247, 102, 12, 321, 629, 655, 1000, 965, 409, 309, 711, 940, 309, 245, 781, 399, 449, 607, 913, 672, 581, 800, 365, 725, 101, 154, 569, 240, 480, 202, 308, 494, 982, 652, 565, 943, 880, 85, 609, 598, 584, 671, 684, 983, 461, 435, 39, 840, 915, 89, 490, 664, 363, 989, 636, 440, 573, 251, 389, 399, 320, 48, 54, 695, 408, 821, 805, 504, 540, 125, 474, 106, 121, 376, 815, 411, 676, 139, 299, 978, 188, 801, 393, 626, 925, 426, 980, 419, 398, 598, 532, 685, 456, 849, 469, 526, 417, 737, 737, 715, 823, 224, 814, 803, 544, 131, 720, 838, 236, 618, 641, 735],
[113, 524, 466, 526, 823, 966, 794, 588, 602, 697, 372, 26, 439, 361, 941, 148, 786, 13, 451, 933, 281, 703, 191, 46, 82, 400, 379, 649, 0, 705, 730, 409, 158, 252, 915, 819, 854, 635, 318, 110, 848, 379, 133, 466, 861, 988, 50, 897, 394, 725, 714, 557, 561, 563, 865, 524, 799, 256, 61, 123, 521, 218, 149, 970, 852, 530, 358, 219, 582, 741, 722, 830, 714, 940, 462, 345, 349, 662, 776, 639, 298, 814, 968, 124, 427, 508, 70, 804, 96, 381, 577, 163, 642, 142, 203, 708, 94, 590, 365, 911, 914, 128, 377, 753, 116, 905, 722, 760, 830, 735, 689, 316, 701, 448, 427, 886, 370, 709, 761, 705, 198, 272, 324, 233, 328, 352, 179, 878, 28, 945, 655, 843, 99, 924, 640, 29, 717, 627, 711, 349, 576, 850, 246, 301, 322, 74, 917, 233, 903, 63, 672, 853, 559, 142, 712, 426, 918, 221, 789, 11, 596, 581, 703, 542, 686, 1000, 12, 897, 872, 27, 62, 459, 259, 554, 437, 589, 533, 68, 624, 932, 593, 208, 640, 296, 918, 775, 969, 616, 781, 259, 66, 591, 137, 291, 769, 527, 915, 982, 268, 655],
[165, 247, 731, 930, 30, 213, 617, 184, 323, 529, 310, 22, 730, 531, 110, 361, 302, 650, 711, 347, 667, 890, 109, 812, 761, 444, 922, 325, 705, 0, 607, 690, 543, 955, 915, 698, 146, 220, 757, 960, 219, 19, 571, 402, 741, 771, 151, 388, 833, 428, 484, 864, 857, 735, 914, 781, 247, 635, 661, 570, 877, 995, 971, 102, 164, 593, 118, 89, 986, 448, 272, 932, 383, 936, 400, 156, 916, 902, 813, 419, 58, 979, 757, 66, 429, 627, 55, 400, 48, 631, 346, 180, 670, 229, 305, 996, 42, 855, 725, 397, 691, 538, 651, 811, 295, 189, 954, 72, 91, 286, 547, 395, 930, 476, 299, 446, 748, 395, 705, 147, 809, 797, 896, 483, 463, 950, 18, 801, 568, 211, 715, 131, 987, 163, 390, 326, 103, 657, 414, 311, 521, 142, 509, 357, 847, 396, 668, 418, 499, 847, 88, 482, 529, 262, 45, 222, 911, 179, 364, 455, 818, 936, 810, 431, 796, 365, 363, 652, 431, 858, 623, 513, 247, 52, 572, 871, 970, 839, 634, 213, 480, 825, 312, 550, 975, 441, 181, 285, 771, 541, 262, 244, 436, 666, 451, 938, 931, 575, 511, 530],
[777, 931, 624, 624, 291, 699, 635, 783, 71, 642, 909, 183, 51, 861, 957, 882, 952, 157, 786, 60, 457, 355, 967, 633, 487, 463, 199, 984, 730, 607, 0, 571, 228, 545, 11, 194, 536, 50, 164, 105, 584, 67, 466, 945, 426, 919, 360, 131, 786, 361, 71, 639, 896, 604, 305, 189, 997, 719, 812, 744, 841, 891, 399, 506, 201, 740, 575, 794, 631, 186, 694, 335, 141, 925, 687, 379, 112, 541, 197, 232, 324, 119, 581, 406, 702, 958, 406, 871, 347, 427, 383, 260, 920, 306, 603, 536, 472, 536, 355, 376, 565, 217, 114, 987, 340, 347, 926, 165, 913, 1000, 618, 928, 834, 934, 272, 907, 213, 623, 413, 756, 277, 901, 978, 358, 820, 805, 775, 908, 233, 349, 169, 928, 373, 31, 477, 83, 394, 527, 375, 264, 82, 139, 955, 690, 943, 683, 572, 844, 759, 964, 683, 593, 405, 485, 427, 380, 705, 306, 819, 902, 834, 434, 100, 542, 934, 582, 346, 690, 546, 829, 784, 517, 904, 761, 498, 846, 350, 445, 690, 392, 627, 722, 759, 66, 398, 535, 413, 516, 981, 498, 799, 880, 311, 989, 740, 568, 557, 602, 82, 194],
[365, 712, 401, 906, 396, 859, 97, 27, 443, 864, 640, 856, 73, 307, 41, 223, 177, 928, 563, 931, 607, 710, 548, 77, 410, 921, 891, 953, 409, 690, 571, 0, 545, 473, 487, 394, 125, 751, 140, 521, 579, 208, 598, 534, 79, 962, 628, 435, 541, 532, 806, 132, 962, 212, 955, 150, 677, 802, 396, 974, 834, 760, 282, 652, 78, 929, 667, 10, 932, 566, 799, 120, 915, 200, 441, 663, 28, 977, 845, 349, 658, 170, 351, 71, 521, 620, 488, 857, 666, 461, 695, 942, 611, 153, 244, 826, 292, 683, 482, 645, 918, 854, 286, 654, 316, 329, 864, 75, 869, 332, 554, 374, 180, 185, 143, 446, 430, 588, 213, 681, 17, 795, 235, 226, 411, 530, 70, 185, 401, 23, 200, 629, 699, 165, 74, 170, 525, 353, 262, 871, 885, 294, 68, 882, 140, 932, 975, 388, 664, 609, 895, 41, 816, 684, 837, 618, 807, 308, 322, 604, 34, 752, 748, 691, 633, 449, 392, 603, 296, 818, 570, 345, 915, 617, 297, 894, 849, 693, 233, 177, 228, 994, 771, 722, 789, 562, 780, 841, 639, 280, 383, 843, 508, 707, 904, 357, 482, 964, 722, 702],
[852, 31, 391, 266, 731, 123, 196, 147, 771, 121, 111, 350, 789, 499, 699, 624, 829, 579, 169, 81, 158, 461, 206, 579, 764, 733, 220, 561, 158, 543, 228, 545, 0, 264, 815, 670, 567, 175, 962, 913, 207, 30, 516, 668, 897, 552, 588, 594, 417, 958, 620, 13, 579, 957, 973, 770, 248, 837, 975, 884, 364, 622, 170, 266, 283, 486, 615, 583, 502, 994, 827, 69, 732, 142, 959, 425, 913, 57, 227, 994, 317, 832, 327, 208, 763, 734, 736, 894, 325, 990, 655, 459, 308, 424, 573, 933, 12, 298, 660, 979, 62, 576, 571, 671, 794, 386, 759, 584, 308, 324, 885, 590, 622, 309, 61, 725, 397, 555, 945, 966, 356, 51, 413, 425, 637, 62, 225, 274, 333, 656, 498, 591, 288, 583, 836, 946, 411, 457, 689, 506, 103, 733, 42, 705, 255, 554, 604, 203, 799, 757, 782, 97, 872, 279, 683, 287, 423, 598, 842, 247, 80, 932, 567, 439, 968, 986, 701, 237, 64, 271, 557, 668, 697, 120, 932, 876, 997, 403, 440, 181, 190, 651, 798, 637, 563, 818, 648, 611, 752, 11, 695, 395, 971, 777, 573, 470, 732, 275, 525, 636],
[249, 481, 296, 544, 210, 41, 188, 911, 390, 546, 339, 443, 511, 542, 755, 179, 562, 948, 355, 929, 757, 365, 298, 399, 887, 375, 277, 444, 252, 955, 545, 473, 264, 0, 979, 497, 961, 330, 728, 37, 746, 818, 951, 113, 194, 388, 884, 604, 116, 47, 884, 820, 971, 409, 870, 638, 336, 624, 171, 386, 501, 17, 221, 79, 767, 174, 127, 855, 131, 292, 85, 324, 643, 712, 414, 630, 118, 283, 208, 155, 734, 559, 330, 690, 85, 508, 941, 133, 405, 684, 587, 215, 966, 609, 955, 724, 851, 636, 736, 688, 932, 799, 624, 961, 687, 244, 166, 890, 129, 585, 639, 517, 645, 718, 303, 937, 642, 482, 529, 217, 580, 382, 627, 579, 203, 293, 826, 997, 44, 883, 405, 791, 785, 206, 713, 402, 966, 389, 196, 722, 463, 242, 574, 140, 978, 577, 823, 931, 659, 859, 797, 870, 785, 908, 444, 75, 941, 415, 196, 608, 989, 464, 191, 332, 125, 600, 179, 672, 610, 357, 829, 358, 879, 198, 884, 68, 11, 492, 370, 184, 287, 679, 456, 740, 934, 593, 263, 848, 511, 577, 465, 458, 421, 282, 151, 642, 155, 239, 914, 881],
[200, 108, 15, 953, 691, 19, 322, 968, 648, 559, 604, 396, 818, 921, 173, 315, 331, 219, 620, 772, 708, 410, 781, 152, 189, 450, 430, 533, 915, 915, 11, 487, 815, 979, 0, 638, 353, 225, 260, 403, 712, 225, 569, 589, 12, 746, 437, 193, 32, 856, 95, 989, 146, 934, 222, 962, 990, 354, 498, 163, 421, 158, 761, 261, 690, 898, 532, 948, 593, 655, 266, 852, 459, 271, 921, 183, 11, 543, 683, 375, 100, 880, 236, 193, 240, 895, 128, 887, 434, 584, 643, 628, 853, 368, 906, 138, 124, 722, 467, 352, 941, 493, 149, 729, 316, 517, 900, 87, 574, 997, 355, 402, 618, 277, 402, 393, 395, 560, 768, 274, 633, 540, 599, 184, 910, 290, 313, 748, 636, 438, 936, 433, 185, 521, 161, 599, 19, 991, 549, 979, 767, 991, 552, 184, 52, 269, 442, 12, 410, 786, 356, 642, 351, 69, 551, 727, 54, 680, 769, 882, 565, 622, 616, 558, 10, 103, 874, 449, 881, 958, 805, 586, 922, 584, 711, 458, 723, 70, 350, 535, 568, 307, 697, 10, 717, 554, 948, 575, 486, 659, 621, 763, 908, 397, 364, 489, 764, 187, 264, 939],
[807, 718, 366, 664, 418, 191, 360, 756, 892, 616, 860, 974, 32, 252, 494, 230, 470, 638, 44, 1000, 684, 278, 778, 181, 466, 114, 318, 738, 819, 698, 194, 394, 670, 497, 638, 0, 280, 802, 305, 875, 785, 171, 946, 806, 241, 49, 1000, 40, 735, 443, 120, 576, 976, 177, 854, 905, 968, 135, 693, 859, 45, 703, 94, 676, 320, 16, 784, 184, 473, 660, 95, 832, 284, 528, 846, 537, 169, 916, 613, 629, 890, 849, 855, 662, 553, 143, 330, 832, 338, 581, 308, 659, 236, 138, 479, 468, 657, 290, 611, 607, 565, 826, 649, 282, 541, 74, 341, 494, 191, 76, 604, 160, 419, 206, 909, 547, 43, 911, 552, 714, 735, 125, 743, 124, 576, 687, 372, 480, 856, 635, 288, 657, 533, 356, 399, 562, 754, 165, 300, 647, 914, 378, 390, 493, 59, 648, 219, 189, 434, 613, 533, 501, 550, 719, 261, 348, 899, 645, 984, 877, 931, 714, 454, 779, 749, 202, 433, 453, 339, 232, 564, 714, 578, 480, 981, 681, 574, 286, 145, 460, 255, 233, 635, 580, 239, 396, 545, 304, 506, 881, 426, 448, 131, 438, 848, 752, 427, 265, 974, 461],
[518, 589, 649, 222, 956, 280, 904, 156, 384, 971, 90, 764, 551, 191, 523, 863, 870, 356, 637, 120, 19, 273, 587, 247, 24, 936, 202, 449, 854, 146, 536, 125, 567, 961, 353, 280, 0, 298, 97, 20, 487, 986, 467, 820, 806, 913, 307, 716, 523, 955, 513, 599, 231, 696, 856, 998, 277, 606, 451, 608, 286, 262, 901, 469, 68, 756, 423, 835, 87, 65, 554, 251, 949, 463, 915, 596, 176, 49, 108, 917, 846, 55, 106, 307, 938, 165, 750, 397, 755, 565, 34, 248, 466, 804, 452, 816, 824, 693, 829, 605, 791, 629, 409, 423, 796, 459, 227, 112, 429, 516, 29, 313, 415, 343, 223, 640, 145, 16, 238, 203, 852, 538, 506, 284, 546, 524, 15, 525, 392, 498, 588, 341, 996, 838, 906, 993, 187, 930, 119, 821, 487, 824, 567, 333, 202, 468, 630, 532, 360, 133, 664, 468, 145, 180, 995, 940, 982, 308, 928, 560, 329, 815, 893, 62, 944, 429, 21, 510, 86, 533, 721, 893, 839, 814, 636, 401, 365, 541, 599, 173, 727, 45, 584, 139, 930, 515, 58, 898, 551, 824, 788, 822, 295, 800, 250, 862, 42, 967, 574, 40],
[616, 459, 869, 806, 535, 217, 117, 158, 908, 709, 113, 898, 956, 700, 600, 298, 705, 847, 540, 29, 24, 21, 721, 324, 926, 939, 509, 332, 635, 220, 50, 751, 175, 330, 225, 802, 298, 0, 91, 644, 886, 328, 158, 510, 377, 842, 52, 155, 707, 110, 107, 747, 624, 38, 428, 451, 677, 429, 882, 259, 653, 547, 925, 393, 572, 118, 686, 852, 263, 264, 882, 910, 654, 824, 197, 109, 232, 299, 798, 796, 682, 885, 437, 535, 90, 725, 990, 301, 877, 317, 509, 143, 969, 821, 870, 397, 922, 356, 386, 224, 735, 538, 842, 81, 687, 381, 584, 790, 991, 39, 792, 171, 191, 238, 352, 424, 332, 157, 175, 948, 993, 202, 646, 113, 394, 614, 191, 438, 263, 986, 753, 912, 981, 103, 763, 832, 412, 868, 831, 223, 607, 175, 169, 370, 422, 404, 160, 485, 98, 315, 760, 849, 923, 810, 203, 243, 921, 758, 61, 461, 847, 992, 323, 481, 825, 205, 578, 585, 403, 622, 899, 566, 745, 459, 388, 829, 757, 323, 958, 380, 473, 702, 974, 539, 519, 955, 490, 100, 498, 859, 940, 306, 60, 357, 849, 781, 773, 749, 641, 386],
[641, 444, 941, 232, 865, 135, 515, 820, 939, 330, 756, 768, 658, 931, 962, 788, 648, 410, 574, 806, 872, 914, 970, 967, 921, 637, 34, 415, 318, 757, 164, 140, 962, 728, 260, 305, 97, 91, 0, 108, 504, 112, 173, 934, 177, 189, 72, 361, 63, 222, 675, 680, 355, 992, 345, 517, 75, 127, 731, 547, 926, 892, 745, 205, 699, 820, 740, 89, 970, 333, 674, 667, 996, 227, 657, 121, 906, 288, 189, 70, 886, 326, 414, 231, 746, 100, 940, 465, 585, 924, 30, 544, 729, 213, 542, 412, 420, 936, 675, 122, 641, 183, 499, 779, 909, 788, 356, 676, 813, 305, 156, 841, 82, 487, 478, 534, 886, 428, 731, 981, 851, 42, 882, 548, 10, 809, 429, 273, 584, 885, 510, 303, 695, 490, 895, 616, 835, 933, 323, 137, 598, 956, 139, 203, 793, 862, 540, 751, 472, 720, 966, 628, 44, 796, 150, 296, 56, 524, 154, 612, 27, 889, 849, 106, 320, 178, 684, 449, 760, 167, 193, 860, 651, 650, 798, 369, 938, 261, 765, 888, 807, 474, 325, 508, 563, 252, 268, 100, 107, 438, 909, 810, 958, 426, 363, 715, 968, 952, 138, 606],
[695, 894, 565, 584, 504, 821, 741, 773, 660, 675, 816, 827, 553, 333, 713, 982, 855, 393, 354, 484, 586, 200, 839, 514, 778, 784, 176, 824, 110, 960, 105, 521, 913, 37, 403, 875, 20, 644, 108, 0, 980, 314, 29, 45, 302, 234, 214, 473, 403, 968, 447, 199, 196, 173, 731, 70, 766, 456, 48, 484, 118, 889, 31, 892, 202, 293, 560, 986, 359, 859, 694, 377, 643, 777, 72, 889, 404, 951, 92, 336, 825, 521, 398, 675, 938, 948, 688, 400, 556, 637, 131, 96, 952, 921, 603, 686, 978, 238, 226, 811, 634, 695, 70, 561, 767, 134, 365, 766, 661, 728, 521, 671, 546, 61, 845, 637, 119, 707, 414, 295, 25, 683, 43, 545, 923, 12, 180, 606, 924, 421, 228, 178, 459, 803, 194, 453, 713, 586, 66, 202, 261, 632, 685, 478, 532, 857, 391, 952, 152, 623, 478, 437, 338, 716, 371, 724, 371, 591, 35, 917, 776, 83, 384, 819, 693, 731, 108, 393, 179, 310, 465, 626, 786, 166, 684, 297, 259, 909, 467, 989, 81, 802, 681, 699, 990, 241, 68, 29, 964, 190, 416, 558, 67, 289, 92, 124, 183, 643, 295, 404],
