[0, 195, 647, 582, 327, 984, 423, 573, 465, 251, 123, 379, 568, 847, 581, 405, 100, 637, 997, 791, 761, 326, 422, 771, 682, 903, 363, 697, 346, 202, 672, 946, 930, 584, 450, 459, 686, 378, 554, 583, 958, 611, 959, 945, 947, 838, 985, 848, 156, 764, 281, 343, 384, 440, 826, 384, 158, 215, 887, 744, 284, 134, 945, 934, 89, 962, 984, 118, 972, 736, 820, 811, 892, 429, 505, 736, 462, 542, 890, 734, 407, 659, 498, 716, 980, 454, 290, 942, 534, 933, 295, 223, 316, 625, 757, 43, 661, 747, 935, 780, 777, 520, 341, 419, 830, 743, 887, 470, 304, 754, 201, 40, 864, 44, 486, 957, 828, 289, 198, 655, 141, 655, 643, 279, 247, 245, 766, 869, 406, 903, 956, 483, 487, 541, 141, 661, 887, 370, 879, 232, 275, 788, 917, 984, 293, 47, 795, 575, 186, 720, 562, 514, 92, 953, 664, 485, 529, 873, 171, 460],
[195, 0, 917, 118, 901, 971, 360, 156, 696, 278, 285, 730, 607, 357, 731, 831, 154, 413, 771, 346, 531, 49, 389, 540, 283, 453, 170, 410, 967, 134, 683, 174, 521, 248, 50, 809, 539, 398, 550, 249, 772, 476, 313, 860, 746, 284, 661, 308, 443, 43, 757, 94, 593, 295, 811, 663, 635, 803, 717, 192, 76, 271, 524, 330, 328, 630, 458, 194, 382, 214, 785, 657, 832, 71, 285, 619, 212, 750, 935, 407, 70, 785, 966, 783, 379, 287, 176, 691, 474, 503, 422, 830, 939, 412, 580, 755, 628, 83, 15, 475, 680, 305, 386, 123, 541, 436, 680, 691, 342, 509, 973, 169, 41, 837, 406, 569, 912, 998, 794, 526, 142, 73, 539, 746, 71, 38, 621, 145, 776, 782, 70, 232, 420, 804, 500, 477, 709, 64, 547, 197, 626, 790, 31, 88, 471, 404, 978, 213, 560, 596, 520, 893, 38, 96, 442, 911, 564, 300, 295, 902],
[647, 917, 0, 798, 146, 624, 72, 918, 141, 301, 961, 834, 761, 525, 84, 901, 85, 798, 415, 425, 545, 950, 754, 632, 74, 639, 182, 605, 466, 498, 534, 446, 907, 691, 66, 716, 277, 40, 611, 836, 824, 56, 271, 270, 656, 536, 525, 535, 195, 432, 764, 588, 42, 849, 48, 50, 969, 276, 333, 413, 899, 42, 20, 45, 562, 626, 766, 487, 712, 866, 120, 612, 264, 566, 371, 438, 379, 783, 290, 722, 624, 230, 461, 435, 922, 449, 656, 581, 129, 341, 590, 140, 492, 591, 143, 617, 987, 639, 693, 439, 348, 234, 567, 761, 508, 300, 113, 859, 512, 217, 869, 739, 727, 871, 173, 536, 220, 890, 181, 77, 912, 830, 910, 716, 162, 51, 983, 905, 727, 652, 805, 70, 891, 244, 168, 668, 59, 350, 942, 453, 936, 381, 694, 282, 766, 962, 494, 396, 930, 114, 633, 238, 58, 404, 214, 514, 540, 733, 757, 307],
[582, 118, 798, 0, 636, 858, 358, 19, 643, 726, 835, 519, 893, 753, 779, 79, 833, 521, 50, 544, 678, 187, 64, 249, 176, 853, 510, 400, 193, 597, 179, 900, 765, 792, 442, 439, 412, 697, 831, 142, 648, 499, 150, 320, 568, 185, 191, 164, 945, 720, 464, 453, 847, 223, 787, 547, 881, 934, 792, 626, 309, 175, 23, 977, 767, 743, 995, 276, 110, 908, 600, 927, 86, 576, 330, 68, 57, 108, 701, 861, 940, 977, 21, 371, 277, 555, 441, 129, 114, 45, 233, 171, 459, 669, 510, 912, 638, 444, 884, 632, 310, 523, 565, 784, 471, 507, 833, 79, 611, 499, 78, 727, 820, 655, 779, 834, 924, 462, 372, 966, 778, 272, 191, 860, 828, 383, 498, 205, 179, 809, 323, 280, 390, 362, 662, 542, 801, 909, 280, 615, 538, 821, 915, 363, 40, 299, 601, 806, 810, 762, 504, 729, 845, 416, 762, 927, 12, 684, 832, 779],
[327, 901, 146, 636, 0, 205, 379, 53, 424, 31, 203, 378, 472, 681, 615, 528, 460, 898, 605, 581, 814, 716, 902, 289, 327, 835, 301, 246, 524, 110, 651, 442, 391, 762, 57, 456, 736, 74, 768, 499, 336, 940, 445, 274, 455, 761, 127, 281, 696, 506, 948, 100, 12, 622, 217, 94, 460, 807, 875, 495, 834, 743, 750, 718, 754, 678, 703, 1000, 472, 984, 581, 211, 419, 420, 903, 272, 795, 83, 965, 708, 197, 596, 797, 801, 202, 520, 286, 845, 436, 939, 93, 882, 299, 291, 591, 558, 143, 954, 485, 383, 718, 246, 712, 109, 819, 986, 61, 453, 851, 827, 73, 703, 449, 821, 205, 793, 222, 320, 91, 96, 568, 443, 615, 822, 885, 655, 777, 932, 936, 755, 805, 173, 641, 603, 728, 602, 624, 856, 309, 204, 311, 415, 326, 485, 168, 757, 68, 443, 754, 940, 442, 664, 136, 820, 197, 253, 619, 595, 298, 190],
[984, 971, 624, 858, 205, 0, 582, 845, 182, 349, 845, 299, 414, 344, 311, 477, 376, 526, 98, 383, 537, 844, 648, 921, 283, 484, 496, 634, 253, 28, 320, 294, 646, 522, 824, 784, 591, 187, 401, 34, 757, 539, 513, 708, 614, 759, 989, 757, 412, 201, 443, 37, 729, 549, 864, 877, 571, 653, 812, 722, 523, 816, 423, 381, 63, 464, 164, 707, 85, 163, 178, 135, 450, 608, 791, 501, 565, 413, 585, 771, 681, 145, 958, 786, 125, 360, 870, 544, 449, 877, 369, 283, 827, 681, 339, 778, 805, 437, 809, 80, 104, 728, 350, 495, 966, 750, 960, 804, 678, 597, 712, 523, 11, 39, 378, 168, 275, 88, 638, 432, 473, 862, 775, 633, 358, 53, 570, 778, 624, 42, 389, 789, 785, 281, 255, 499, 244, 708, 796, 536, 306, 147, 55, 199, 43, 955, 284, 423, 168, 193, 985, 178, 305, 485, 326, 59, 960, 191, 299, 93],
[423, 360, 72, 358, 379, 582, 0, 172, 663, 894, 200, 869, 724, 771, 483, 791, 714, 904, 713, 26, 937, 235, 921, 951, 17, 870, 233, 542, 816, 472, 968, 261, 477, 311, 858, 858, 889, 977, 758, 958, 728, 914, 276, 439, 81, 134, 715, 999, 599, 922, 446, 549, 123, 985, 190, 816, 111, 406, 50, 475, 671, 862, 729, 445, 907, 533, 846, 408, 329, 975, 923, 414, 925, 407, 686, 510, 491, 537, 318, 939, 979, 998, 887, 665, 69, 42, 100, 565, 512, 922, 817, 908, 139, 778, 234, 282, 112, 340, 84, 413, 377, 412, 137, 226, 308, 881, 947, 479, 274, 389, 806, 814, 507, 159, 546, 359, 303, 112, 813, 825, 459, 553, 695, 254, 877, 583, 691, 670, 987, 47, 895, 800, 388, 921, 489, 822, 342, 84, 320, 941, 843, 94, 659, 456, 235, 408, 182, 878, 780, 29, 223, 832, 738, 363, 323, 347, 122, 247, 745, 795],
[573, 156, 918, 19, 53, 845, 172, 0, 373, 776, 918, 605, 414, 642, 540, 772, 412, 524, 767, 98, 93, 836, 787, 11, 890, 282, 219, 925, 588, 836, 239, 879, 245, 577, 439, 795, 319, 58, 532, 435, 534, 516, 510, 64, 625, 998, 137, 978, 280, 31, 539, 904, 610, 506, 678, 788, 841, 677, 466, 103, 852, 616, 471, 117, 547, 557, 822, 122, 457, 75, 433, 117, 341, 914, 315, 149, 968, 330, 207, 129, 857, 389, 739, 691, 279, 572, 878, 128, 738, 728, 693, 967, 967, 842, 200, 847, 453, 696, 638, 277, 892, 285, 847, 201, 32, 919, 685, 46, 716, 988, 571, 582, 373, 343, 556, 660, 811, 305, 282, 267, 471, 528, 893, 809, 659, 282, 529, 565, 869, 716, 243, 483, 426, 739, 51, 488, 929, 130, 880, 814, 406, 987, 638, 105, 158, 126, 950, 906, 891, 882, 242, 489, 768, 764, 144, 729, 874, 544, 72, 17],
[465, 696, 141, 643, 424, 182, 663, 373, 0, 804, 257, 850, 869, 350, 831, 92, 518, 938, 226, 687, 820, 251, 684, 259, 538, 514, 423, 770, 237, 348, 567, 163, 593, 468, 201, 249, 624, 204, 878, 211, 891, 458, 477, 984, 420, 744, 976, 899, 63, 232, 779, 519, 550, 937, 928, 593, 186, 920, 228, 618, 630, 490, 295, 466, 299, 940, 157, 938, 30, 172, 324, 927, 269, 471, 222, 169, 820, 305, 682, 260, 751, 742, 668, 69, 791, 297, 314, 494, 510, 474, 164, 815, 440, 926, 922, 96, 890, 326, 673, 954, 480, 444, 843, 777, 758, 63, 97, 72, 269, 316, 492, 17, 149, 855, 602, 203, 87, 470, 858, 630, 677, 332, 448, 207, 991, 726, 434, 105, 969, 926, 657, 645, 167, 328, 675, 440, 999, 704, 59, 599, 160, 747, 874, 202, 626, 694, 341, 67, 737, 164, 280, 327, 176, 965, 670, 809, 61, 876, 907, 189],
[251, 278, 301, 726, 31, 349, 894, 776, 804, 0, 337, 312, 418, 549, 659, 77, 941, 656, 385, 325, 15, 322, 582, 468, 510, 362, 725, 631, 847, 477, 822, 887, 610, 619, 751, 891, 848, 139, 916, 103, 449, 469, 754, 247, 890, 147, 804, 419, 157, 856, 746, 586, 144, 32, 637, 288, 161, 719, 528, 681, 584, 266, 570, 375, 899, 618, 88, 296, 265, 919, 190, 68, 806, 256, 285, 397, 773, 718, 313, 543, 805, 862, 603, 34, 543, 559, 171, 809, 523, 503, 532, 583, 772, 78, 92, 16, 916, 436, 861, 338, 453, 362, 467, 569, 149, 995, 779, 72, 691, 743, 518, 870, 648, 201, 640, 628, 699, 352, 426, 875, 684, 953, 425, 474, 55, 913, 159, 58, 613, 140, 828, 79, 679, 613, 516, 960, 799, 828, 922, 422, 405, 920, 673, 328, 713, 706, 355, 340, 772, 375, 641, 430, 165, 154, 133, 99, 464, 45, 709, 127],
[123, 285, 961, 835, 203, 845, 200, 918, 257, 337, 0, 817, 892, 623, 251, 310, 227, 651, 102, 17, 73, 789, 128, 11, 81, 164, 136, 613, 917, 450, 700, 816, 606, 324, 847, 878, 69, 342, 929, 140, 122, 952, 290, 176, 455, 523, 296, 301, 80, 800, 75, 618, 964, 89, 340, 344, 879, 385, 606, 725, 640, 437, 965, 280, 579, 660, 802, 741, 678, 200, 797, 753, 443, 473, 783, 20, 757, 878, 22, 300, 424, 132, 269, 539, 570, 329, 655, 888, 151, 573, 102, 39, 919, 110, 794, 659, 591, 486, 500, 769, 827, 378, 788, 606, 421, 517, 95, 858, 361, 79, 391, 744, 595, 688, 125, 79, 331, 422, 782, 26, 480, 650, 421, 25, 344, 317, 136, 958, 818, 278, 108, 110, 490, 843, 604, 114, 727, 737, 536, 791, 995, 375, 470, 973, 288, 131, 146, 18, 472, 779, 166, 506, 17, 28, 130, 911, 997, 284, 317, 101],
[379, 730, 834, 519, 378, 299, 869, 605, 850, 312, 817, 0, 589, 383, 624, 159, 999, 322, 483, 130, 570, 693, 371, 471, 761, 16, 697, 133, 282, 500, 45, 869, 464, 984, 475, 22, 503, 564, 740, 379, 554, 630, 397, 486, 127, 552, 159, 799, 529, 161, 797, 250, 748, 677, 860, 633, 706, 306, 475, 611, 603, 612, 203, 393, 742, 871, 927, 688, 379, 879, 910, 44, 621, 409, 1000, 940, 274, 531, 166, 290, 903, 286, 426, 680, 943, 730, 889, 552, 185, 158, 877, 447, 574, 917, 915, 167, 800, 721, 75, 336, 748, 238, 831, 532, 411, 68, 806, 777, 159, 524, 187, 228, 283, 638, 440, 759, 413, 412, 501, 236, 328, 508, 808, 323, 824, 80, 468, 491, 293, 98, 932, 273, 324, 193, 812, 190, 44, 785, 918, 642, 784, 206, 383, 719, 389, 512, 267, 678, 358, 862, 381, 349, 724, 162, 573, 355, 469, 444, 183, 609],
[568, 607, 761, 893, 472, 414, 724, 414, 869, 418, 892, 589, 0, 707, 912, 810, 307, 679, 479, 212, 111, 629, 254, 604, 170, 755, 637, 129, 835, 918, 967, 28, 498, 417, 33, 674, 744, 698, 712, 45, 589, 311, 983, 705, 375, 695, 985, 301, 795, 283, 813, 927, 318, 327, 679, 882, 247, 851, 629, 781, 314, 754, 178, 151, 382, 77, 831, 494, 472, 548, 875, 75, 910, 169, 860, 257, 833, 909, 359, 295, 690, 548, 961, 285, 747, 939, 210, 720, 359, 905, 981, 247, 473, 937, 707, 798, 701, 558, 918, 300, 205, 716, 301, 529, 474, 352, 87, 222, 70, 769, 44, 397, 486, 25, 985, 274, 568, 422, 72, 442, 533, 660, 660, 988, 403, 925, 592, 384, 405, 782, 405, 864, 46, 710, 756, 827, 154, 814, 170, 650, 110, 77, 370, 928, 201, 511, 573, 486, 832, 99, 861, 634, 342, 984, 124, 645, 363, 804, 226, 665],
[847, 357, 525, 753, 681, 344, 771, 642, 350, 549, 623, 383, 707, 0, 632, 102, 479, 633, 740, 13, 996, 777, 851, 58, 455, 947, 752, 477, 157, 97, 829, 377, 264, 43, 557, 563, 863, 724, 495, 831, 323, 917, 434, 48, 838, 765, 507, 120, 739, 614, 527, 471, 341, 163, 170, 114, 894, 945, 347, 364, 283, 646, 491, 974, 992, 251, 207, 134, 983, 987, 843, 130, 119, 632, 459, 869, 782, 812, 438, 477, 674, 134, 67, 921, 552, 580, 736, 112, 855, 760, 235, 355, 884, 131, 594, 485, 423, 288, 301, 742, 547, 924, 400, 897, 905, 215, 376, 711, 553, 853, 957, 804, 508, 880, 646, 389, 965, 281, 732, 546, 512, 699, 68, 733, 915, 776, 174, 711, 365, 68, 427, 421, 489, 71, 212, 83, 310, 932, 107, 103, 128, 111, 334, 423, 76, 655, 378, 657, 571, 611, 187, 699, 384, 967, 367, 325, 818, 646, 283, 395],
[581, 731, 84, 779, 615, 311, 483, 540, 831, 659, 251, 624, 912, 632, 0, 441, 98, 476, 262, 976, 184, 123, 412, 290, 894, 57, 534, 813, 37, 488, 431, 855, 733, 927, 636, 951, 439, 105, 516, 189, 454, 634, 229, 336, 277, 191, 646, 546, 200, 55, 87, 714, 164, 121, 443, 852, 229, 140, 324, 538, 247, 796, 892, 841, 16, 17, 963, 272, 76, 517, 122, 941, 659, 784, 614, 970, 422, 94, 773, 723, 419, 693, 641, 651, 212, 747, 89, 965, 876, 406, 759, 744, 936, 677, 402, 694, 754, 727, 63, 76, 845, 221, 253, 620, 424, 293, 643, 962, 986, 454, 643, 476, 254, 50, 403, 260, 871, 40, 405, 93, 805, 639, 27, 520, 450, 362, 570, 318, 18, 326, 54, 722, 429, 842, 537, 706, 459, 420, 814, 804, 128, 538, 880, 351, 645, 110, 31, 677, 149, 988, 178, 850, 914, 977, 156, 126, 24, 880, 677, 500],
[405, 831, 901, 79, 528, 477, 791, 772, 92, 77, 310, 159, 810, 102, 441, 0, 900, 103, 171, 330, 785, 947, 853, 303, 288, 857, 145, 61, 431, 987, 530, 752, 415, 845, 491, 747, 746, 207, 903, 570, 617, 446, 931, 361, 189, 762, 638, 905, 485, 947, 869, 564, 765, 702, 726, 147, 404, 349, 57, 666, 798, 636, 594, 505, 610, 529, 444, 881, 892, 83, 115, 649, 329, 936, 147, 972, 849, 261, 777, 796, 757, 236, 650, 326, 717, 874, 786, 778, 86, 365, 539, 821, 877, 469, 158, 289, 558, 748, 366, 870, 570, 601, 964, 546, 441, 484, 270, 830, 392, 225, 510, 131, 483, 981, 365, 665, 180, 725, 35, 192, 218, 545, 819, 754, 487, 204, 644, 545, 793, 744, 668, 553, 160, 385, 706, 834, 228, 862, 128, 940, 446, 650, 1000, 68, 161, 548, 423, 260, 420, 680, 315, 262, 262, 258, 785, 56, 357, 857, 957, 774],
[100, 154, 85, 833, 460, 376, 714, 412, 518, 941, 227, 999, 307, 479, 98, 900, 0, 118, 83, 488, 716, 800, 708, 638, 977, 352, 751, 353, 603, 139, 180, 235, 307, 429, 324, 581, 195, 647, 836, 531, 374, 117, 280, 572, 519, 902, 230, 727, 161, 753, 544, 124, 366, 742, 201, 177, 379, 41, 524, 556, 15, 937, 938, 774, 397, 907, 72, 759, 90, 808, 388, 553, 805, 914, 472, 511, 829, 165, 678, 617, 130, 682, 78, 492, 948, 704, 610, 527, 482, 744, 204, 433, 977, 488, 926, 98, 888, 778, 293, 334, 613, 431, 466, 361, 321, 670, 795, 597, 629, 698, 503, 845, 889, 924, 17, 310, 866, 813, 49, 738, 115, 551, 345, 758, 48, 464, 65, 823, 271, 781, 85, 87, 531, 546, 806, 646, 624, 148, 34, 571, 686, 113, 771, 209, 354, 460, 661, 100, 181, 101, 874, 525, 545, 821, 32, 380, 457, 183, 392, 334],
[637, 413, 798, 521, 898, 526, 904, 524, 938, 656, 651, 322, 679, 633, 476, 103, 118, 0, 377, 382, 897, 388, 720, 1000, 480, 475, 526, 528, 210, 98, 385, 178, 74, 949, 772, 377, 246, 171, 822, 748, 928, 24, 139, 986, 246, 243, 361, 351, 438, 252, 150, 485, 335, 181, 217, 948, 216, 623, 290, 806, 220, 971, 766, 180, 501, 997, 722, 427, 750, 480, 975, 765, 946, 941, 304, 144, 658, 946, 757, 747, 438, 639, 96, 679, 737, 510, 782, 907, 12, 460, 303, 590, 866, 118, 542, 353, 908, 62, 81, 913, 342, 61, 799, 648, 635, 859, 663, 718, 567, 930, 347, 192, 645, 733, 617, 972, 587, 446, 958, 80, 547, 660, 527, 266, 344, 583, 587, 409, 311, 861, 28, 996, 197, 690, 173, 312, 351, 133, 88, 814, 656, 565, 663, 588, 796, 414, 483, 483, 485, 523, 127, 16, 713, 889, 797, 478, 272, 627, 306, 130],
[997, 771, 415, 50, 605, 98, 713, 767, 226, 385, 102, 483, 479, 740, 262, 171, 83, 377, 0, 295, 932, 231, 163, 690, 535, 639, 685, 916, 641, 628, 706, 501, 731, 764, 565, 964, 866, 827, 81, 683, 648, 828, 999, 422, 364, 870, 42, 648, 556, 844, 566, 946, 598, 442, 521, 180, 849, 620, 137, 751, 848, 980, 749, 100, 47, 323, 169, 289, 811, 246, 275, 645, 604, 494, 349, 607, 419, 301, 746, 234, 575, 255, 957, 294, 115, 380, 549, 415, 780, 851, 941, 516, 672, 504, 580, 834, 908, 428, 60, 47, 887, 118, 774, 159, 632, 941, 758, 676, 989, 117, 496, 82, 680, 47, 40, 327, 420, 222, 489, 370, 365, 697, 307, 493, 379, 565, 876, 212, 336, 160, 808, 931, 499, 611, 410, 746, 376, 178, 179, 452, 966, 656, 988, 431, 459, 896, 896, 454, 978, 606, 603, 606, 348, 23, 717, 273, 631, 708, 495, 12],
[791, 346, 425, 544, 581, 383, 26, 98, 687, 325, 17, 130, 212, 13, 976, 330, 488, 382, 295, 0, 200, 792, 773, 993, 310, 166, 279, 513, 540, 778, 795, 245, 142, 457, 322, 301, 88, 88, 404, 848, 262, 535, 335, 281, 980, 630, 944, 756, 907, 278, 826, 729, 320, 777, 152, 348, 355, 52, 15, 124, 155, 853, 714, 217, 272, 865, 537, 417, 818, 674, 831, 26, 668, 922, 301, 227, 958, 341, 306, 203, 401, 604, 823, 278, 227, 316, 506, 512, 576, 91, 917, 989, 39, 172, 325, 270, 614, 575, 367, 549, 696, 896, 710, 895, 964, 656, 124, 245, 313, 420, 807, 68, 533, 896, 536, 338, 998, 543, 226, 423, 85, 708, 489, 512, 786, 280, 686, 876, 16, 304, 830, 161, 557, 591, 930, 838, 641, 920, 882, 552, 207, 715, 10, 847, 130, 846, 563, 451, 810, 555, 550, 270, 716, 26, 348, 992, 372, 506, 419, 563],
[761, 531, 545, 678, 814, 537, 937, 93, 820, 15, 73, 570, 111, 996, 184, 785, 716, 897, 932, 200, 0, 807, 81, 325, 452, 175, 933, 398, 391, 771, 447, 580, 134, 590, 112, 931, 89, 460, 105, 622, 237, 375, 597, 976, 977, 780, 341, 379, 494, 369, 604, 110, 991, 129, 241, 319, 415, 108, 527, 696, 381, 939, 768, 374, 610, 577, 956, 183, 323, 371, 42, 969, 610, 699, 948, 44, 462, 235, 307, 544, 329, 907, 701, 689, 11, 722, 109, 968, 58, 570, 814, 917, 487, 987, 85, 475, 681, 276, 475, 428, 613, 748, 992, 103, 482, 418, 54, 37, 766, 801, 715, 982, 483, 155, 759, 356, 491, 903, 49, 189, 972, 837, 515, 718, 675, 859, 890, 352, 279, 592, 453, 165, 797, 145, 38, 101, 676, 995, 857, 651, 615, 15, 732, 781, 315, 197, 635, 556, 492, 414, 866, 452, 168, 535, 16, 928, 321, 563, 241, 283],
[326, 49, 950, 187, 716, 844, 235, 836, 251, 322, 789, 693, 629, 777, 123, 947, 800, 388, 231, 792, 807, 0, 496, 685, 601, 911, 485, 809, 893, 848, 335, 359, 658, 119, 54, 69, 85, 596, 997, 724, 836, 951, 444, 558, 220, 972, 916, 232, 272, 616, 441, 218, 438, 572, 187, 683, 479, 209, 473, 696, 104, 938, 332, 210, 20, 688, 931, 714, 557, 892, 843, 651, 497, 35, 812, 468, 801, 606, 45, 968, 595, 661, 394, 176, 63, 469, 781, 141, 269, 543, 814, 211, 974, 962, 505, 904, 523, 31, 774, 832, 695, 365, 424, 511, 49, 357, 741, 835, 622, 297, 966, 214, 188, 185, 146, 346, 903, 726, 884, 813, 949, 938, 553, 78, 592, 283, 830, 266, 836, 359, 312, 742, 863, 950, 646, 565, 108, 856, 999, 807, 687, 586, 211, 34, 377, 241, 232, 576, 850, 594, 696, 200, 136, 322, 304, 324, 146, 423, 209, 854],
[422, 389, 754, 64, 902, 648, 921, 787, 684, 582, 128, 371, 254, 851, 412, 853, 708, 720, 163, 773, 81, 496, 0, 685, 796, 140, 267, 836, 759, 236, 574, 202, 345, 290, 15, 700, 544, 646, 95, 273, 438, 71, 143, 265, 324, 806, 816, 75, 592, 257, 747, 818, 806, 383, 202, 218, 712, 159, 728, 455, 299, 437, 376, 34, 968, 272, 981, 977, 610, 974, 715, 157, 943, 591, 675, 897, 350, 30, 45, 363, 360, 661, 724, 327, 915, 675, 637, 770, 143, 576, 79, 593, 962, 201, 628, 10, 71, 529, 914, 784, 881, 909, 19, 569, 800, 409, 476, 173, 196, 506, 902, 114, 81, 341, 38, 259, 170, 745, 310, 960, 444, 381, 545, 735, 855, 288, 799, 751, 54, 488, 504, 313, 619, 832, 245, 284, 241, 373, 660, 535, 555, 598, 94, 374, 743, 85, 988, 329, 354, 709, 482, 319, 51, 302, 881, 263, 701, 215, 755, 945],
[771, 540, 632, 249, 289, 921, 951, 11, 259, 468, 11, 471, 604, 58, 290, 303, 638, 1000, 690, 993, 325, 685, 685, 0, 331, 953, 873, 35, 670, 440, 669, 745, 174, 207, 752, 819, 18, 759, 64, 598, 900, 852, 129, 216, 828, 538, 364, 919, 552, 675, 809, 443, 908, 216, 762, 118, 944, 35, 862, 101, 503, 55, 882, 838, 180, 810, 645, 416, 475, 78, 106, 956, 743, 729, 548, 781, 758, 184, 117, 705, 85, 344, 901, 361, 948, 573, 241, 700, 602, 546, 900, 838, 227, 588, 379, 275, 920, 530, 191, 656, 816, 777, 256, 707, 847, 436, 599, 482, 31, 897, 853, 497, 81, 703, 760, 696, 73, 36, 485, 717, 927, 633, 528, 516, 429, 131, 360, 437, 656, 223, 807, 730, 644, 745, 354, 737, 88, 295, 900, 590, 284, 474, 431, 970, 803, 570, 589, 644, 40, 647, 609, 659, 306, 380, 156, 93, 133, 357, 304, 990],
[682, 283, 74, 176, 327, 283, 17, 890, 538, 510, 81, 761, 170, 455, 894, 288, 977, 480, 535, 310, 452, 601, 796, 331, 0, 339, 503, 244, 217, 608, 500, 644, 215, 922, 696, 995, 239, 817, 796, 75, 807, 921, 397, 154, 65, 327, 520, 422, 687, 67, 645, 624, 362, 157, 611, 688, 63, 685, 855, 914, 807, 356, 386, 298, 134, 925, 33, 295, 973, 992, 197, 20, 92, 735, 935, 286, 935, 532, 605, 541, 970, 948, 616, 22, 161, 887, 282, 494, 201, 363, 957, 647, 613, 647, 632, 977, 620, 432, 300, 27, 804, 698, 847, 706, 15, 220, 888, 923, 32, 59, 888, 536, 591, 867, 84, 156, 324, 702, 152, 179, 697, 178, 816, 248, 370, 761, 576, 865, 228, 319, 627, 183, 874, 637, 284, 784, 375, 49, 363, 187, 222, 684, 704, 921, 300, 780, 684, 217, 362, 865, 24, 881, 539, 23, 959, 933, 82, 400, 306, 641],
[903, 453, 639, 853, 835, 484, 870, 282, 514, 362, 164, 16, 755, 947, 57, 857, 352, 475, 639, 166, 175, 911, 140, 953, 339, 0, 502, 134, 839, 558, 32, 990, 164, 991, 370, 954, 339, 667, 937, 26, 611, 88, 79, 150, 561, 832, 355, 352, 344, 688, 900, 401, 597, 323, 429, 462, 410, 679, 428, 739, 804, 708, 866, 947, 520, 142, 460, 448, 325, 384, 899, 84, 519, 975, 630, 687, 569, 357, 792, 371, 692, 159, 338, 989, 847, 240, 592, 929, 496, 892, 578, 228, 234, 763, 807, 412, 201, 924, 464, 202, 625, 147, 593, 558, 981, 627, 799, 213, 470, 798, 437, 246, 355, 941, 301, 129, 728, 659, 577, 98, 404, 871, 659, 494, 610, 70, 287, 115, 428, 337, 343, 817, 849, 792, 654, 46, 675, 696, 667, 253, 478, 966, 766, 965, 519, 479, 802, 355, 60, 683, 750, 235, 52, 166, 960, 404, 413, 935, 747, 555],
[363, 170, 182, 510, 301, 496, 233, 219, 423, 725, 136, 697, 637, 752, 534, 145, 751, 526, 685, 279, 933, 485, 267, 873, 503, 502, 0, 379, 363, 736, 89, 297, 611, 869, 336, 77, 668, 171, 488, 94, 622, 38, 172, 399, 602, 16, 550, 525, 821, 176, 499, 881, 829, 553, 286, 378, 43, 129, 173, 920, 925, 170, 218, 713, 242, 105, 58, 848, 719, 970, 340, 786, 989, 885, 209, 486, 167, 800, 408, 440, 793, 48, 636, 555, 113, 826, 107, 242, 941, 911, 194, 604, 515, 359, 30, 885, 60, 137, 864, 513, 417, 411, 551, 40, 997, 517, 834, 670, 603, 803, 337, 639, 926, 685, 670, 692, 470, 236, 186, 820, 277, 542, 545, 913, 338, 413, 415, 823, 30, 880, 365, 422, 836, 775, 805, 499, 106, 876, 254, 441, 281, 708, 880, 334, 944, 273, 553, 366, 931, 672, 961, 776, 246, 66, 614, 11, 977, 151, 523, 230],
[697, 410, 605, 400, 246, 634, 542, 925, 770, 631, 613, 133, 129, 477, 813, 61, 353, 528, 916, 513, 398, 809, 836, 35, 244, 134, 379, 0, 464, 428, 673, 657, 996, 987, 768, 341, 61, 127, 591, 235, 995, 638, 288, 158, 73, 113, 62, 834, 819, 863, 259, 394, 961, 314, 712, 937, 131, 619, 234, 542, 816, 189, 54, 540, 272, 606, 146, 501, 426, 555, 735, 42, 260, 285, 479, 735, 158, 895, 625, 734, 926, 390, 990, 196, 792, 445, 675, 944, 135, 835, 636, 555, 644, 192, 312, 455, 797, 475, 69, 900, 469, 516, 251, 699, 803, 116, 639, 71, 499, 279, 710, 342, 928, 442, 531, 613, 651, 953, 869, 387, 897, 857, 560, 944, 153, 325, 626, 760, 46, 221, 437, 839, 886, 498, 968, 801, 157, 512, 154, 679, 311, 995, 334, 935, 758, 465, 812, 927, 654, 43, 75, 864, 918, 873, 291, 943, 453, 397, 453, 600],
[346, 967, 466, 193, 524, 253, 816, 588, 237, 847, 917, 282, 835, 157, 37, 431, 603, 210, 641, 540, 391, 893, 759, 670, 217, 839, 363, 464, 0, 850, 264, 924, 531, 294, 221, 880, 395, 927, 466, 548, 130, 484, 577, 502, 789, 711, 313, 598, 652, 913, 521, 323, 401, 253, 762, 883, 625, 263, 607, 13, 746, 205, 447, 280, 52, 184, 696, 652, 600, 537, 321, 24, 507, 821, 516, 950, 162, 288, 750, 708, 982, 566, 75, 591, 186, 360, 541, 632, 784, 87, 385, 515, 423, 104, 275, 971, 880, 619, 73, 418, 871, 351, 98, 911, 465, 973, 194, 30, 366, 926, 874, 724, 773, 274, 796, 50, 85, 672, 601, 326, 273, 432, 845, 133, 901, 346, 113, 346, 151, 973, 846, 544, 632, 10, 194, 720, 317, 19, 153, 203, 269, 278, 300, 433, 906, 32, 811, 100, 947, 129, 467, 641, 34, 205, 723, 155, 580, 867, 672, 257],
[202, 134, 498, 597, 110, 28, 472, 836, 348, 477, 450, 500, 918, 97, 488, 987, 139, 98, 628, 778, 771, 848, 236, 440, 608, 558, 736, 428, 850, 0, 776, 86, 911, 103, 524, 312, 666, 752, 424, 744, 978, 237, 60, 140, 430, 733, 935, 348, 904, 449, 720, 742, 496, 291, 229, 327, 486, 724, 613, 797, 687, 345, 62, 589, 579, 407, 280, 638, 660, 479, 776, 500, 819, 499, 294, 955, 94, 375, 468, 369, 138, 99, 983, 700, 834, 533, 439, 557, 597, 528, 190, 610, 939, 691, 667, 103, 87, 795, 329, 241, 45, 456, 45, 160, 253, 425, 871, 32, 84, 940, 734, 916, 470, 380, 248, 789, 487, 452, 356, 260, 483, 296, 580, 935, 720, 893, 34, 270, 542, 664, 21, 901, 492, 439, 968, 171, 928, 688, 981, 881, 306, 770, 842, 510, 531, 274, 364, 832, 903, 35, 805, 113, 881, 213, 163, 757, 277, 579, 321, 823],
[672, 683, 534, 179, 651, 320, 968, 239, 567, 822, 700, 45, 967, 829, 431, 530, 180, 385, 706, 795, 447, 335, 574, 669, 500, 32, 89, 673, 264, 776, 0, 831, 458, 966, 971, 299, 201, 249, 201, 281, 888, 267, 392, 576, 185, 492, 171, 553, 112, 516, 30, 732, 920, 666, 166, 380, 864, 203, 733, 853, 299, 456, 501, 1000, 612, 900, 161, 444, 958, 580, 106, 827, 346, 105, 323, 135, 972, 446, 35, 906, 819, 168, 75, 957, 574, 980, 616, 535, 577, 917, 231, 864, 184, 656, 628, 889, 604, 616, 449, 697, 479, 811, 598, 928, 92, 785, 235, 43, 842, 330, 237, 711, 830, 882, 966, 172, 31, 703, 136, 235, 389, 644, 24, 460, 709, 481, 168, 849, 626, 809, 258, 417, 140, 72, 298, 668, 717, 738, 693, 764, 51, 812, 717, 288, 867, 946, 528, 345, 717, 538, 907, 82, 129, 43, 290, 693, 509, 449, 474, 309],
[946, 174, 446, 900, 442, 294, 261, 879, 163, 887, 816, 869, 28, 377, 855, 752, 235, 178, 501, 245, 580, 359, 202, 745, 644, 990, 297, 657, 924, 86, 831, 0, 70, 473, 494, 34, 538, 263, 247, 728, 546, 524, 256, 565, 705, 699, 385, 477, 386, 789, 926, 696, 703, 438, 456, 539, 577, 62, 488, 678, 440, 382, 292, 333, 672, 20, 252, 701, 376, 600, 199, 812, 31, 667, 367, 913, 63, 799, 72, 263, 840, 794, 106, 550, 215, 655, 307, 259, 615, 12, 596, 213, 323, 342, 846, 592, 975, 311, 790, 419, 670, 924, 674, 273, 882, 333, 671, 668, 200, 778, 273, 188, 966, 642, 742, 106, 654, 558, 184, 675, 943, 902, 847, 984, 243, 89, 217, 728, 683, 692, 650, 687, 109, 588, 711, 257, 895, 435, 732, 380, 110, 292, 805, 733, 420, 262, 324, 533, 858, 841, 612, 267, 200, 493, 514, 606, 219, 42, 176, 441],
[930, 521, 907, 765, 391, 646, 477, 245, 593, 610, 606, 464, 498, 264, 733, 415, 307, 74, 731, 142, 134, 658, 345, 174, 215, 164, 611, 996, 531, 911, 458, 70, 0, 235, 132, 746, 662, 392, 976, 472, 748, 21, 546, 631, 807, 141, 356, 991, 915, 581, 853, 564, 659, 321, 104, 384, 62, 603, 107, 723, 724, 209, 148, 920, 317, 742, 300, 686, 600, 527, 586, 419, 567, 583, 837, 925, 191, 958, 882, 901, 294, 700, 275, 564, 451, 584, 689, 577, 30, 428, 355, 417, 217, 255, 498, 691, 83, 602, 502, 783, 693, 193, 836, 16, 416, 460, 350, 470, 90, 678, 899, 595, 111, 412, 901, 40, 415, 648, 252, 66, 998, 944, 145, 744, 693, 46, 406, 896, 264, 333, 262, 945, 699, 189, 371, 37, 646, 129, 278, 196, 685, 797, 502, 890, 667, 823, 531, 312, 34, 827, 555, 509, 15, 993, 864, 65, 675, 430, 651, 678],
[584, 248, 691, 792, 762, 522, 311, 577, 468, 619, 324, 984, 417, 43, 927, 845, 429, 949, 764, 457, 590, 119, 290, 207, 922, 991, 869, 987, 294, 103, 966, 473, 235, 0, 369, 823, 770, 93, 714, 375, 278, 598, 252, 110, 418, 22, 922, 901, 531, 647, 887, 484, 99, 89, 178, 587, 546, 891, 204, 579, 803, 155, 178, 534, 320, 293, 958, 538, 387, 680, 358, 10, 193, 710, 176, 85, 639, 355, 561, 833, 983, 978, 169, 745, 231, 618, 262, 872, 652, 250, 71, 936, 57, 81, 266, 55, 378, 920, 995, 352, 245, 427, 601, 522, 328, 648, 362, 191, 442, 623, 495, 913, 152, 371, 579, 787, 721, 236, 936, 351, 881, 623, 246, 39, 894, 540, 654, 483, 26, 687, 391, 325, 413, 241, 754, 166, 60, 327, 740, 145, 983, 557, 202, 530, 247, 30, 353, 147, 683, 294, 40, 351, 155, 213, 514, 677, 927, 590, 67, 31],
[450, 50, 66, 442, 57, 824, 858, 439, 201, 751, 847, 475, 33, 557, 636, 491, 324, 772, 565, 322, 112, 54, 15, 752, 696, 370, 336, 768, 221, 524, 971, 494, 132, 369, 0, 597, 849, 317, 871, 360, 492, 434, 481, 226, 631, 202, 174, 233, 170, 157, 256, 598, 430, 126, 119, 80, 790, 669, 988, 509, 959, 661, 74, 510, 206, 850, 34, 746, 598, 406, 454, 452, 833, 673, 823, 955, 818, 370, 446, 589, 202, 142, 458, 603, 911, 543, 159, 585, 914, 184, 450, 654, 498, 418, 327, 112, 575, 249, 397, 136, 557, 722, 156, 572, 937, 990, 174, 943, 483, 713, 833, 500, 670, 80, 587, 786, 930, 40, 929, 344, 919, 345, 919, 129, 659, 490, 520, 278, 222, 891, 830, 501, 963, 398, 720, 834, 79, 314, 756, 969, 183, 666, 117, 839, 165, 846, 199, 25, 861, 320, 767, 841, 566, 796, 986, 75, 208, 664, 419, 45],
[459, 809, 716, 439, 456, 784, 858, 795, 249, 891, 878, 22, 674, 563, 951, 747, 581, 377, 964, 301, 931, 69, 700, 819, 995, 954, 77, 341, 880, 312, 299, 34, 746, 823, 597, 0, 442, 976, 280, 994, 210, 35, 896, 861, 927, 536, 688, 520, 875, 738, 467, 813, 112, 205, 545, 812, 341, 699, 483, 503, 127, 273, 928, 129, 433, 385, 916, 589, 508, 902, 681, 439, 982, 387, 80, 86, 203, 974, 321, 259, 120, 936, 938, 578, 599, 315, 854, 135, 369, 824, 711, 344, 837, 641, 124, 586, 951, 663, 28, 832, 207, 710, 682, 824, 30, 609, 328, 903, 726, 721, 235, 766, 994, 378, 157, 269, 854, 762, 25, 666, 443, 133, 140, 614, 171, 998, 474, 81, 614, 374, 709, 228, 681, 567, 358, 612, 104, 586, 519, 278, 761, 329, 820, 235, 404, 588, 678, 98, 88, 421, 316, 324, 497, 159, 121, 77, 14, 778, 91, 916],
[686, 539, 277, 412, 736, 591, 889, 319, 624, 848, 69, 503, 744, 863, 439, 746, 195, 246, 866, 88, 89, 85, 544, 18, 239, 339, 668, 61, 395, 666, 201, 538, 662, 770, 849, 442, 0, 13, 634, 183, 894, 351, 989, 728, 63, 91, 340, 784, 766, 161, 278, 551, 177, 601, 917, 744, 175, 266, 287, 152, 158, 190, 178, 537, 208, 600, 978, 459, 106, 79, 443, 133, 110, 938, 383, 150, 403, 445, 524, 96, 499, 629, 989, 808, 578, 344, 934, 941, 940, 455, 984, 932, 603, 700, 851, 332, 958, 495, 476, 614, 903, 379, 816, 733, 495, 963, 733, 677, 57, 105, 589, 929, 516, 768, 385, 582, 35, 214, 515, 771, 659, 990, 699, 203, 42, 20, 891, 532, 218, 282, 333, 393, 755, 384, 352, 887, 265, 331, 632, 329, 71, 984, 939, 122, 757, 473, 806, 831, 415, 374, 462, 302, 299, 759, 755, 836, 900, 799, 353, 713],
[378, 398, 40, 697, 74, 187, 977, 58, 204, 139, 342, 564, 698, 724, 105, 207, 647, 171, 827, 88, 460, 596, 646, 759, 817, 667, 171, 127, 927, 752, 249, 263, 392, 93, 317, 976, 13, 0, 678, 16, 907, 276, 159, 593, 498, 485, 739, 577, 770, 645, 184, 819, 187, 960, 460, 935, 409, 35, 332, 95, 181, 548, 707, 960, 52, 572, 744, 852, 193, 72, 230, 570, 138, 177, 68, 842, 100, 162, 967, 916, 916, 404, 135, 794, 754, 954, 758, 291, 739, 973, 169, 181, 673, 212, 890, 201, 772, 771, 390, 668, 960, 959, 451, 896, 835, 562, 165, 954, 843, 811, 238, 290, 504, 41, 545, 740, 366, 364, 876, 720, 760, 526, 249, 134, 368, 450, 698, 455, 799, 329, 982, 542, 919, 623, 198, 67, 832, 468, 157, 90, 464, 924, 370, 304, 822, 715, 932, 974, 908, 154, 14, 861, 432, 302, 413, 608, 751, 142, 411, 654],
[554, 550, 611, 831, 768, 401, 758, 532, 878, 916, 929, 740, 712, 495, 516, 903, 836, 822, 81, 404, 105, 997, 95, 64, 796, 937, 488, 591, 466, 424, 201, 247, 976, 714, 871, 280, 634, 678, 0, 241, 748, 647, 235, 526, 160, 941, 620, 239, 515, 523, 49, 970, 56, 485, 217, 644, 648, 69, 843, 199, 149, 111, 579, 869, 496, 688, 649, 346, 54, 466, 34, 170, 840, 187, 257, 465, 304, 114, 950, 667, 116, 64, 730, 357, 568, 276, 19, 686, 96, 329, 451, 584, 121, 42, 914, 703, 606, 504, 208, 884, 139, 781, 968, 980, 633, 550, 785, 374, 345, 237, 526, 220, 875, 677, 891, 111, 450, 237, 232, 302, 157, 379, 736, 519, 369, 909, 532, 592, 615, 968, 395, 936, 184, 387, 835, 642, 805, 343, 716, 631, 388, 867, 183, 586, 810, 824, 251, 223, 411, 83, 21, 956, 49, 578, 790, 66, 246, 250, 27, 295],
[583, 249, 836, 142, 499, 34, 958, 435, 211, 103, 140, 379, 45, 831, 189, 570, 531, 748, 683, 848, 622, 724, 273, 598, 75, 26, 94, 235, 548, 744, 281, 728, 472, 375, 360, 994, 183, 16, 241, 0, 403, 959, 633, 725, 44, 562, 483, 282, 175, 107, 525, 128, 776, 812, 672, 185, 663, 585, 632, 17, 228, 350, 476, 974, 230, 450, 143, 156, 485, 199, 738, 425, 141, 885, 380, 62, 171, 912, 455, 426, 582, 628, 843, 82, 426, 87, 434, 760, 224, 444, 16, 90, 833, 711, 713, 445, 120, 484, 801, 323, 509, 444, 751, 316, 92, 297, 401, 418, 379, 721, 427, 801, 235, 148, 882, 920, 442, 143, 506, 365, 645, 104, 693, 935, 944, 932, 75, 711, 437, 175, 733, 636, 257, 302, 568, 592, 753, 814, 554, 984, 903, 987, 686, 546, 321, 348, 254, 81, 814, 547, 325, 533, 347, 761, 141, 166, 107, 697, 726, 116],
[958, 772, 824, 648, 336, 757, 728, 534, 891, 449, 122, 554, 589, 323, 454, 617, 374, 928, 648, 262, 237, 836, 438, 900, 807, 611, 622, 995, 130, 978, 888, 546, 748, 278, 492, 210, 894, 907, 748, 403, 0, 824, 850, 459, 89, 221, 195, 608, 210, 729, 515, 200, 406, 324, 332, 583, 168, 313, 238, 807, 733, 297, 539, 282, 45, 312, 741, 650, 51, 217, 330, 157, 977, 229, 455, 875, 785, 564, 865, 317, 993, 724, 830, 918, 839, 513, 140, 790, 43, 775, 221, 429, 520, 873, 752, 254, 277, 361, 745, 213, 43, 431, 164, 331, 852, 133, 921, 901, 214, 440, 314, 783, 42, 501, 308, 328, 286, 159, 551, 232, 372, 672, 427, 720, 171, 520, 609, 168, 189, 147, 452, 912, 369, 484, 908, 281, 116, 918, 735, 552, 273, 651, 447, 625, 683, 118, 581, 95, 105, 690, 139, 124, 877, 507, 578, 386, 990, 32, 325, 845],
[611, 476, 56, 499, 940, 539, 914, 516, 458, 469, 952, 630, 311, 917, 634, 446, 117, 24, 828, 535, 375, 951, 71, 852, 921, 88, 38, 638, 484, 237, 267, 524, 21, 598, 434, 35, 351, 276, 647, 959, 824, 0, 227, 985, 406, 35, 516, 230, 339, 919, 940, 436, 518, 190, 360, 279, 536, 208, 141, 624, 537, 86, 317, 546, 875, 886, 588, 878, 609, 940, 258, 741, 270, 980, 779, 963, 469, 439, 107, 603, 761, 683, 128, 417, 482, 945, 862, 806, 404, 205, 839, 246, 870, 636, 591, 639, 590, 963, 601, 253, 915, 913, 58, 53, 616, 132, 867, 202, 914, 927, 612, 459, 310, 152, 911, 770, 641, 948, 986, 404, 999, 361, 997, 605, 924, 750, 950, 675, 236, 925, 385, 295, 687, 433, 710, 772, 642, 143, 940, 922, 336, 836, 632, 640, 686, 250, 68, 845, 430, 664, 301, 996, 423, 114, 839, 374, 247, 114, 302, 370],
[959, 313, 271, 150, 445, 513, 276, 510, 477, 754, 290, 397, 983, 434, 229, 931, 280, 139, 999, 335, 597, 444, 143, 129, 397, 79, 172, 288, 577, 60, 392, 256, 546, 252, 481, 896, 989, 159, 235, 633, 850, 227, 0, 148, 519, 318, 326, 249, 793, 464, 327, 383, 641, 379, 395, 40, 767, 915, 200, 427, 475, 483, 467, 153, 426, 73, 941, 781, 649, 781, 105, 856, 628, 386, 914, 484, 142, 925, 880, 299, 178, 626, 275, 720, 416, 296, 966, 986, 55, 759, 341, 936, 605, 350, 180, 987, 167, 726, 577, 534, 854, 573, 577, 806, 507, 547, 823, 398, 490, 621, 26, 1000, 562, 81, 629, 181, 333, 821, 740, 754, 260, 550, 440, 586, 159, 873, 59, 298, 644, 299, 699, 435, 64, 995, 528, 42, 695, 386, 144, 48, 829, 752, 756, 640, 206, 243, 113, 509, 885, 959, 440, 150, 20, 781, 917, 320, 413, 564, 498, 468],
[945, 860, 270, 320, 274, 708, 439, 64, 984, 247, 176, 486, 705, 48, 336, 361, 572, 986, 422, 281, 976, 558, 265, 216, 154, 150, 399, 158, 502, 140, 576, 565, 631, 110, 226, 861, 728, 593, 526, 725, 459, 985, 148, 0, 600, 371, 860, 229, 314, 21, 255, 79, 513, 392, 264, 575, 558, 952, 14, 276, 818, 971, 90, 693, 799, 685, 448, 589, 461, 224, 895, 105, 457, 168, 589, 692, 527, 110, 1000, 972, 976, 400, 595, 773, 696, 51, 163, 90, 80, 277, 492, 29, 266, 313, 750, 322, 20, 997, 363, 136, 680, 863, 579, 123, 802, 341, 14, 723, 198, 429, 36, 647, 884, 770, 930, 666, 352, 230, 709, 464, 760, 324, 468, 300, 134, 668, 186, 394, 688, 59, 137, 445, 795, 581, 373, 698, 383, 797, 128, 491, 782, 959, 942, 913, 13, 602, 28, 319, 703, 60, 858, 459, 74, 937, 254, 345, 992, 240, 965, 242],
[947, 746, 656, 568, 455, 614, 81, 625, 420, 890, 455, 127, 375, 838, 277, 189, 519, 246, 364, 980, 977, 220, 324, 828, 65, 561, 602, 73, 789, 430, 185, 705, 807, 418, 631, 927, 63, 498, 160, 44, 89, 406, 519, 600, 0, 838, 755, 118, 35, 353, 830, 384, 929, 550, 915, 453, 493, 945, 25, 321, 198, 110, 669, 807, 835, 295, 486, 565, 28, 627, 869, 677, 373, 911, 769, 642, 456, 966, 646, 681, 535, 140, 316, 792, 331, 511, 539, 427, 17, 319, 316, 205, 497, 105, 69, 719, 452, 330, 142, 668, 852, 884, 624, 41, 681, 816, 336, 612, 732, 826, 941, 635, 312, 739, 597, 648, 662, 382, 776, 321, 897, 358, 700, 852, 949, 170, 248, 840, 654, 337, 916, 700, 224, 121, 837, 63, 884, 445, 879, 883, 294, 515, 558, 317, 14, 927, 950, 172, 374, 832, 217, 187, 616, 494, 164, 857, 923, 824, 591, 886],
[838, 284, 536, 185, 761, 759, 134, 998, 744, 147, 523, 552, 695, 765, 191, 762, 902, 243, 870, 630, 780, 972, 806, 538, 327, 832, 16, 113, 711, 733, 492, 699, 141, 22, 202, 536, 91, 485, 941, 562, 221, 35, 318, 371, 838, 0, 913, 339, 201, 555, 237, 358, 270, 939, 312, 837, 885, 215, 463, 396, 114, 435, 279, 187, 485, 430, 54, 130, 345, 243, 829, 919, 29, 371, 383, 330, 449, 659, 764, 365, 983, 156, 79, 368, 171, 254, 90, 703, 382, 324, 665, 848, 903, 662, 883, 946, 60, 708, 878, 979, 219, 757, 759, 423, 473, 319, 971, 40, 239, 905, 606, 563, 796, 902, 539, 362, 749, 600, 187, 958, 611, 30, 371, 606, 285, 664, 639, 799, 132, 253, 319, 907, 543, 736, 751, 822, 828, 96, 648, 59, 686, 811, 498, 187, 919, 437, 767, 369, 766, 313, 34, 662, 195, 105, 75, 320, 915, 305, 147, 179],
[985, 661, 525, 191, 127, 989, 715, 137, 976, 804, 296, 159, 985, 507, 646, 638, 230, 361, 42, 944, 341, 916, 816, 364, 520, 355, 550, 62, 313, 935, 171, 385, 356, 922, 174, 688, 340, 739, 620, 483, 195, 516, 326, 860, 755, 913, 0, 913, 524, 752, 94, 194, 313, 311, 265, 260, 728, 312, 170, 315, 622, 229, 591, 862, 347, 287, 122, 885, 598, 238, 687, 111, 356, 519, 725, 112, 784, 751, 729, 377, 534, 48, 945, 369, 212, 78, 701, 213, 15, 742, 745, 472, 275, 936, 526, 197, 265, 74, 351, 830, 984, 435, 495, 563, 729, 161, 568, 357, 224, 536, 136, 108, 918, 343, 355, 216, 632, 483, 544, 458, 832, 561, 517, 691, 93, 372, 278, 101, 265, 941, 349, 978, 423, 828, 280, 294, 855, 147, 594, 913, 904, 560, 276, 507, 353, 312, 405, 584, 278, 372, 369, 804, 474, 103, 627, 936, 312, 906, 56, 393],
[848, 308, 535, 164, 281, 757, 999, 978, 899, 419, 301, 799, 301, 120, 546, 905, 727, 351, 648, 756, 379, 232, 75, 919, 422, 352, 525, 834, 598, 348, 553, 477, 991, 901, 233, 520, 784, 577, 239, 282, 608, 230, 249, 229, 118, 339, 913, 0, 839, 537, 800, 739, 503, 533, 540, 130, 793, 481, 234, 595, 869, 190, 728, 461, 231, 470, 788, 145, 761, 871, 26, 182, 970, 432, 143, 661, 500, 447, 793, 216, 345, 492, 526, 783, 386, 679, 503, 10, 325, 26, 170, 37, 732, 945, 418, 628, 279, 631, 744, 668, 215, 74, 663, 274, 256, 909, 985, 789, 149, 68, 81, 891, 601, 358, 701, 452, 621, 351, 776, 568, 417, 281, 339, 116, 763, 454, 908, 835, 147, 156, 429, 294, 442, 641, 310, 411, 677, 414, 137, 429, 271, 877, 839, 641, 18, 593, 928, 257, 986, 428, 900, 370, 171, 737, 10, 290, 684, 920, 908, 356],
[156, 443, 195, 945, 696, 412, 599, 280, 63, 157, 80, 529, 795, 739, 200, 485, 161, 438, 556, 907, 494, 272, 592, 552, 687, 344, 821, 819, 652, 904, 112, 386, 915, 531, 170, 875, 766, 770, 515, 175, 210, 339, 793, 314, 35, 201, 524, 839, 0, 638, 962, 819, 576, 371, 169, 430, 569, 228, 741, 663, 558, 297, 140, 590, 801, 702, 295, 203, 536, 205, 961, 535, 412, 462, 148, 919, 190, 705, 106, 555, 68, 324, 421, 644, 231, 401, 260, 876, 745, 71, 742, 509, 625, 968, 315, 112, 190, 215, 197, 354, 834, 60, 519, 122, 512, 900, 869, 268, 876, 920, 258, 45, 513, 664, 913, 569, 269, 25, 97, 303, 169, 531, 376, 138, 828, 465, 579, 656, 643, 467, 945, 506, 414, 285, 649, 879, 38, 487, 245, 748, 769, 763, 734, 745, 389, 350, 940, 937, 463, 187, 555, 577, 765, 869, 41, 401, 376, 137, 197, 814],
[764, 43, 432, 720, 506, 201, 922, 31, 232, 856, 800, 161, 283, 614, 55, 947, 753, 252, 844, 278, 369, 616, 257, 675, 67, 688, 176, 863, 913, 449, 516, 789, 581, 647, 157, 738, 161, 645, 523, 107, 729, 919, 464, 21, 353, 555, 752, 537, 638, 0, 807, 418, 929, 573, 974, 546, 606, 190, 105, 93, 30, 91, 734, 282, 90, 986, 200, 493, 781, 234, 374, 719, 434, 978, 134, 535, 718, 729, 562, 354, 766, 147, 329, 927, 554, 517, 422, 574, 997, 901, 402, 112, 92, 579, 654, 512, 291, 391, 132, 967, 535, 641, 630, 47, 297, 827, 968, 44, 410, 500, 365, 715, 750, 306, 810, 654, 40, 956, 853, 542, 206, 914, 624, 662, 811, 222, 364, 469, 417, 487, 842, 372, 584, 375, 751, 726, 679, 351, 182, 403, 42, 871, 520, 387, 219, 690, 581, 268, 891, 429, 834, 105, 442, 658, 694, 290, 484, 182, 825, 155],
