[0, 203, 487, 56, 354, 443, 596, 696, 512, 837, 555, 705, 379, 54, 210, 194, 662, 161, 483, 557, 703, 807, 80, 82, 592, 443, 766, 807, 635, 374, 685, 154, 476, 390, 256, 80, 177, 541, 950, 982, 275, 251, 988, 951, 72, 806, 287, 994, 698, 340, 567, 765, 188, 428, 283, 117, 991, 851, 849, 783, 76, 607, 27, 498, 340, 346, 291, 536, 115, 675, 597, 717, 532, 419, 801, 77, 789, 913, 276, 403, 938, 124, 114, 84, 553, 435, 272, 927, 966, 516, 973, 705, 622, 50, 431, 696, 794, 816, 115, 278, 786, 44, 366, 608, 444, 456, 780, 61, 407, 148, 874, 500, 337, 919, 78, 57, 822, 549, 665, 926],
[203, 0, 876, 275, 307, 954, 433, 853, 569, 869, 266, 794, 858, 188, 932, 311, 416, 537, 789, 64, 300, 339, 525, 167, 271, 578, 351, 878, 445, 50, 596, 116, 495, 34, 879, 193, 202, 894, 473, 221, 691, 363, 155, 84, 52, 303, 859, 281, 787, 971, 24, 375, 343, 54, 946, 138, 838, 931, 762, 836, 400, 959, 811, 514, 170, 68, 24, 447, 690, 66, 725, 806, 253, 329, 312, 257, 289, 691, 556, 608, 39, 847, 608, 821, 101, 900, 321, 680, 666, 306, 672, 506, 662, 74, 435, 946, 253, 616, 44, 947, 225, 941, 697, 176, 134, 205, 976, 204, 22, 457, 524, 468, 414, 196, 575, 204, 292, 14, 931, 25],
[487, 876, 0, 90, 503, 977, 658, 859, 342, 746, 587, 568, 189, 975, 941, 917, 47, 403, 358, 420, 956, 695, 16, 974, 360, 925, 940, 991, 992, 326, 690, 587, 33, 937, 172, 898, 130, 18, 166, 504, 870, 422, 745, 929, 106, 305, 541, 17, 292, 984, 32, 249, 549, 115, 768, 370, 867, 483, 655, 225, 856, 800, 227, 310, 395, 60, 709, 836, 271, 563, 385, 125, 565, 700, 376, 221, 88, 386, 164, 795, 838, 916, 806, 14, 475, 568, 541, 41, 373, 928, 556, 802, 377, 713, 987, 454, 902, 505, 702, 240, 91, 588, 440, 954, 547, 521, 462, 894, 124, 378, 538, 481, 862, 990, 778, 326, 122, 366, 729, 211],
[56, 275, 90, 0, 886, 495, 721, 25, 397, 826, 509, 178, 992, 458, 439, 672, 887, 519, 400, 972, 542, 281, 330, 522, 813, 460, 614, 580, 456, 167, 932, 373, 920, 842, 55, 311, 680, 320, 732, 283, 442, 484, 213, 928, 80, 174, 704, 328, 693, 777, 538, 420, 417, 77, 355, 777, 514, 142, 839, 67, 515, 185, 287, 504, 667, 354, 884, 99, 972, 186, 389, 14, 198, 511, 506, 995, 444, 798, 777, 870, 62, 756, 791, 910, 171, 711, 98, 597, 351, 296, 918, 207, 598, 626, 208, 802, 330, 773, 807, 567, 700, 49, 249, 371, 732, 105, 466, 169, 35, 76, 39, 35, 165, 76, 296, 608, 783, 995, 970, 179],
[354, 307, 503, 886, 0, 304, 741, 98, 238, 855, 923, 567, 328, 175, 52, 807, 42, 535, 209, 731, 758, 936, 776, 870, 34, 304, 662, 564, 186, 389, 80, 906, 906, 710, 882, 241, 491, 500, 826, 296, 544, 952, 534, 102, 587, 68, 809, 789, 297, 504, 891, 715, 609, 843, 403, 324, 395, 230, 444, 232, 828, 333, 428, 40, 916, 523, 459, 244, 311, 533, 278, 687, 975, 102, 735, 389, 834, 85, 997, 157, 422, 903, 339, 81, 274, 12, 739, 351, 535, 980, 358, 191, 741, 841, 452, 160, 470, 832, 727, 974, 439, 809, 463, 420, 428, 852, 328, 547, 402, 708, 289, 435, 274, 597, 835, 321, 818, 331, 861, 713],
[443, 954, 977, 495, 304, 0, 651, 123, 698, 557, 60, 476, 454, 265, 554, 698, 578, 459, 79, 59, 573, 23, 14, 819, 90, 51, 687, 67, 287, 872, 724, 387, 154, 368, 981, 727, 944, 509, 622, 164, 149, 806, 669, 256, 324, 100, 522, 510, 773, 678, 468, 883, 855, 826, 964, 377, 907, 34, 783, 310, 275, 666, 952, 134, 546, 207, 603, 840, 685, 374, 150, 401, 819, 264, 743, 738, 103, 878, 418, 853, 215, 575, 731, 254, 428, 320, 626, 922, 392, 811, 688, 770, 54, 80, 300, 98, 210, 28, 184, 901, 907, 789, 629, 850, 614, 478, 650, 31, 826, 167, 653, 735, 932, 889, 467, 934, 848, 161, 167, 987],
[596, 433, 658, 721, 741, 651, 0, 240, 283, 754, 748, 617, 322, 649, 590, 469, 319, 251, 386, 469, 472, 631, 886, 53, 204, 838, 477, 124, 178, 941, 556, 474, 259, 52, 196, 385, 499, 827, 898, 676, 314, 359, 614, 932, 337, 554, 862, 487, 343, 571, 904, 581, 332, 818, 510, 841, 621, 549, 876, 601, 609, 983, 146, 764, 493, 878, 782, 71, 247, 267, 809, 343, 679, 481, 44, 659, 992, 336, 847, 307, 852, 734, 384, 242, 467, 491, 775, 594, 333, 82, 620, 480, 506, 184, 498, 786, 561, 924, 572, 241, 464, 290, 760, 967, 838, 450, 859, 847, 977, 14, 236, 568, 821, 1000, 537, 817, 540, 979, 464, 603],
[696, 853, 859, 25, 98, 123, 240, 0, 966, 938, 444, 810, 452, 227, 319, 77, 664, 909, 910, 381, 986, 974, 941, 731, 121, 783, 458, 540, 139, 477, 361, 635, 350, 563, 948, 554, 113, 143, 605, 568, 486, 528, 636, 494, 752, 481, 616, 290, 63, 703, 834, 577, 1000, 608, 913, 60, 185, 737, 174, 977, 88, 275, 758, 566, 956, 463, 154, 412, 893, 868, 911, 146, 604, 684, 345, 65, 474, 42, 398, 877, 191, 835, 758, 528, 515, 78, 118, 227, 974, 669, 299, 416, 80, 147, 710, 290, 673, 577, 169, 541, 168, 655, 448, 225, 809, 964, 750, 486, 905, 580, 77, 87, 177, 557, 282, 30, 890, 772, 361, 135],
[512, 569, 342, 397, 238, 698, 283, 966, 0, 512, 710, 855, 589, 383, 351, 56, 678, 126, 951, 257, 510, 855, 806, 318, 943, 177, 908, 820, 161, 938, 870, 224, 547, 808, 265, 953, 790, 199, 963, 641, 231, 426, 482, 714, 894, 261, 743, 483, 516, 868, 879, 209, 368, 687, 359, 108, 472, 993, 876, 31, 649, 996, 749, 178, 437, 22, 166, 806, 190, 788, 131, 115, 130, 866, 170, 291, 222, 329, 500, 133, 886, 78, 78, 427, 227, 201, 303, 138, 958, 649, 753, 40, 348, 86, 263, 502, 384, 124, 769, 932, 842, 640, 490, 517, 991, 137, 944, 365, 869, 990, 145, 942, 399, 438, 87, 87, 117, 108, 941, 79],
[837, 869, 746, 826, 855, 557, 754, 938, 512, 0, 889, 498, 785, 707, 933, 260, 415, 115, 746, 593, 431, 512, 380, 545, 136, 577, 971, 934, 254, 983, 779, 201, 850, 426, 229, 42, 385, 29, 452, 998, 654, 400, 252, 790, 803, 590, 853, 266, 637, 626, 663, 865, 945, 782, 15, 42, 814, 520, 597, 785, 620, 289, 82, 728, 51, 586, 84, 581, 345, 315, 367, 889, 672, 487, 382, 641, 774, 764, 298, 873, 54, 896, 813, 778, 706, 568, 587, 661, 787, 846, 349, 827, 809, 750, 548, 611, 922, 499, 34, 358, 442, 615, 830, 769, 900, 273, 806, 666, 775, 60, 896, 762, 617, 436, 285, 697, 447, 227, 619, 322],
[555, 266, 587, 509, 923, 60, 748, 444, 710, 889, 0, 924, 862, 329, 335, 435, 923, 396, 346, 97, 648, 690, 979, 632, 761, 651, 652, 836, 188, 89, 185, 720, 151, 11, 512, 278, 830, 243, 126, 964, 956, 745, 954, 575, 429, 989, 486, 504, 421, 713, 359, 252, 187, 167, 31, 880, 524, 142, 867, 13, 370, 813, 149, 867, 742, 812, 502, 317, 882, 218, 279, 835, 665, 873, 46, 615, 87, 776, 780, 512, 134, 209, 770, 736, 365, 741, 237, 970, 972, 362, 455, 980, 712, 871, 481, 958, 984, 234, 496, 336, 398, 29, 661, 576, 145, 631, 158, 947, 356, 173, 304, 558, 132, 672, 601, 87, 154, 906, 274, 83],
[705, 794, 568, 178, 567, 476, 617, 810, 855, 498, 924, 0, 375, 553, 713, 160, 317, 21, 200, 324, 698, 201, 807, 156, 295, 275, 560, 138, 307, 338, 984, 328, 37, 63, 738, 825, 524, 421, 354, 312, 267, 707, 936, 325, 866, 504, 141, 548, 27, 309, 331, 876, 986, 801, 226, 747, 560, 449, 364, 560, 884, 11, 191, 204, 910, 13, 532, 480, 133, 579, 879, 133, 309, 966, 236, 422, 442, 285, 679, 152, 563, 304, 951, 430, 472, 295, 900, 435, 435, 446, 301, 546, 165, 793, 148, 304, 359, 707, 811, 203, 478, 89, 581, 571, 709, 351, 279, 993, 527, 253, 580, 580, 531, 882, 361, 736, 277, 568, 975, 108],
[379, 858, 189, 992, 328, 454, 322, 452, 589, 785, 862, 375, 0, 457, 15, 534, 137, 234, 232, 644, 783, 819, 941, 216, 364, 679, 742, 915, 896, 938, 714, 887, 905, 577, 275, 562, 145, 258, 201, 538, 112, 533, 56, 338, 516, 939, 176, 58, 359, 314, 950, 987, 372, 286, 141, 882, 957, 787, 595, 18, 719, 415, 80, 576, 35, 788, 663, 751, 639, 434, 569, 280, 809, 387, 115, 435, 446, 643, 555, 250, 440, 251, 564, 209, 633, 346, 828, 852, 635, 14, 948, 503, 720, 825, 902, 922, 379, 180, 537, 795, 981, 265, 139, 119, 973, 325, 987, 324, 162, 802, 165, 440, 260, 575, 62, 616, 867, 787, 421, 889],
[54, 188, 975, 458, 175, 265, 649, 227, 383, 707, 329, 553, 457, 0, 128, 383, 721, 399, 260, 981, 567, 538, 833, 149, 895, 417, 689, 76, 763, 944, 214, 907, 253, 43, 162, 905, 178, 721, 957, 397, 410, 207, 340, 374, 266, 732, 742, 161, 426, 838, 145, 183, 214, 353, 158, 904, 289, 538, 193, 268, 960, 738, 68, 926, 421, 477, 397, 838, 71, 678, 326, 494, 498, 948, 944, 498, 917, 271, 685, 198, 359, 182, 568, 11, 105, 256, 521, 832, 766, 135, 686, 604, 963, 951, 685, 156, 259, 618, 222, 458, 903, 161, 889, 277, 652, 637, 563, 805, 863, 944, 857, 246, 520, 754, 122, 773, 973, 65, 861, 743],
[210, 932, 941, 439, 52, 554, 590, 319, 351, 933, 335, 713, 15, 128, 0, 147, 314, 967, 569, 994, 652, 617, 630, 733, 836, 954, 360, 885, 652, 485, 785, 689, 545, 668, 642, 323, 445, 905, 919, 657, 517, 545, 630, 152, 806, 752, 930, 579, 451, 716, 763, 770, 553, 305, 853, 280, 922, 501, 963, 659, 186, 502, 553, 750, 108, 430, 138, 215, 778, 565, 430, 235, 571, 436, 216, 993, 397, 510, 472, 666, 239, 303, 699, 917, 552, 425, 721, 908, 842, 339, 437, 537, 669, 201, 424, 474, 768, 733, 659, 134, 395, 471, 769, 226, 95, 690, 944, 865, 471, 400, 324, 726, 500, 749, 399, 321, 602, 983, 522, 880],
[194, 311, 917, 672, 807, 698, 469, 77, 56, 260, 435, 160, 534, 383, 147, 0, 308, 703, 745, 719, 333, 701, 459, 300, 227, 804, 340, 243, 854, 333, 946, 936, 836, 549, 187, 104, 844, 412, 749, 167, 637, 83, 244, 187, 212, 817, 515, 306, 95, 123, 503, 963, 963, 686, 545, 419, 742, 862, 70, 990, 25, 834, 385, 571, 379, 888, 455, 320, 995, 484, 441, 315, 834, 17, 370, 888, 883, 754, 50, 283, 912, 637, 451, 473, 816, 690, 313, 246, 248, 531, 621, 494, 76, 621, 863, 599, 93, 358, 265, 601, 128, 529, 61, 664, 740, 902, 581, 138, 397, 701, 556, 427, 450, 545, 604, 171, 819, 449, 272, 636],
[662, 416, 47, 887, 42, 578, 319, 664, 678, 415, 923, 317, 137, 721, 314, 308, 0, 391, 523, 104, 577, 114, 195, 76, 454, 213, 674, 900, 715, 157, 164, 690, 309, 419, 885, 399, 141, 465, 933, 660, 541, 527, 602, 967, 251, 599, 509, 525, 10, 580, 666, 541, 551, 164, 176, 26, 372, 385, 963, 290, 435, 750, 482, 124, 263, 958, 993, 837, 754, 275, 496, 396, 654, 36, 997, 615, 38, 464, 436, 562, 654, 494, 295, 824, 982, 179, 967, 982, 885, 467, 77, 118, 321, 572, 65, 136, 968, 589, 747, 413, 946, 609, 699, 412, 964, 379, 904, 306, 50, 771, 809, 207, 464, 167, 146, 985, 397, 343, 870, 611],
[161, 537, 403, 519, 535, 459, 251, 909, 126, 115, 396, 21, 234, 399, 967, 703, 391, 0, 263, 335, 320, 411, 866, 578, 221, 869, 652, 251, 538, 433, 513, 242, 707, 775, 1000, 538, 63, 542, 260, 832, 43, 486, 630, 176, 731, 682, 195, 806, 942, 710, 195, 123, 834, 713, 103, 402, 612, 822, 337, 125, 905, 859, 878, 906, 181, 41, 946, 722, 667, 479, 569, 156, 630, 665, 30, 946, 734, 248, 944, 377, 42, 599, 983, 766, 305, 358, 678, 831, 988, 183, 462, 859, 246, 179, 719, 55, 871, 291, 549, 740, 319, 102, 631, 412, 500, 91, 249, 974, 507, 504, 604, 83, 272, 747, 293, 422, 462, 558, 615, 994],
[483, 789, 358, 400, 209, 79, 386, 910, 951, 746, 346, 200, 232, 260, 569, 745, 523, 263, 0, 189, 503, 198, 733, 680, 218, 957, 625, 824, 229, 800, 678, 911, 874, 508, 806, 754, 386, 935, 24, 232, 710, 876, 174, 400, 149, 82, 898, 532, 442, 532, 768, 570, 748, 816, 925, 788, 86, 541, 849, 344, 539, 900, 969, 735, 631, 532, 94, 670, 222, 928, 106, 731, 878, 326, 23, 320, 227, 334, 344, 479, 304, 368, 540, 632, 25, 651, 633, 797, 576, 124, 90, 920, 918, 745, 892, 652, 711, 810, 745, 943, 781, 332, 443, 688, 473, 691, 824, 733, 115, 471, 495, 59, 923, 637, 67, 677, 515, 764, 955, 448],
[557, 64, 420, 972, 731, 59, 469, 381, 257, 593, 97, 324, 644, 981, 994, 719, 104, 335, 189, 0, 700, 951, 218, 828, 456, 797, 62, 371, 597, 1000, 548, 810, 105, 535, 577, 656, 911, 888, 30, 710, 956, 236, 532, 550, 184, 574, 761, 817, 922, 872, 136, 406, 104, 339, 19, 756, 175, 867, 461, 360, 97, 456, 582, 398, 33, 650, 71, 603, 286, 766, 825, 28, 165, 199, 782, 711, 639, 850, 185, 368, 904, 507, 905, 791, 10, 976, 821, 928, 852, 35, 864, 258, 923, 111, 724, 429, 308, 291, 929, 870, 968, 979, 983, 206, 628, 156, 751, 496, 142, 224, 934, 281, 292, 318, 844, 758, 195, 203, 96, 315],
[703, 300, 956, 542, 758, 573, 472, 986, 510, 431, 648, 698, 783, 567, 652, 333, 577, 320, 503, 700, 0, 606, 91, 988, 431, 973, 655, 975, 816, 24, 763, 207, 138, 860, 365, 507, 55, 26, 457, 691, 270, 146, 747, 580, 488, 500, 993, 444, 728, 886, 930, 865, 401, 542, 982, 530, 528, 148, 321, 867, 597, 751, 943, 897, 550, 969, 294, 419, 103, 321, 25, 696, 316, 971, 549, 60, 184, 461, 853, 356, 472, 714, 203, 812, 339, 921, 736, 342, 845, 993, 899, 702, 495, 61, 327, 371, 566, 165, 516, 707, 836, 277, 501, 346, 549, 773, 972, 738, 204, 900, 745, 661, 721, 975, 798, 713, 634, 938, 100, 348],
[807, 339, 695, 281, 936, 23, 631, 974, 855, 512, 690, 201, 819, 538, 617, 701, 114, 411, 198, 951, 606, 0, 910, 981, 656, 717, 648, 587, 48, 415, 965, 176, 242, 429, 506, 290, 186, 658, 332, 907, 959, 690, 596, 185, 257, 470, 676, 81, 409, 309, 833, 204, 204, 297, 194, 339, 492, 497, 617, 254, 327, 957, 17, 342, 47, 87, 271, 833, 136, 82, 142, 755, 883, 717, 33, 931, 648, 80, 543, 312, 377, 487, 332, 440, 938, 453, 456, 274, 814, 10, 664, 690, 21, 681, 426, 499, 407, 677, 860, 505, 152, 689, 484, 918, 804, 640, 513, 174, 19, 532, 218, 447, 272, 354, 318, 262, 74, 312, 274, 943],
[80, 525, 16, 330, 776, 14, 886, 941, 806, 380, 979, 807, 941, 833, 630, 459, 195, 866, 733, 218, 91, 910, 0, 534, 342, 126, 47, 536, 177, 111, 327, 786, 743, 451, 920, 421, 931, 989, 84, 839, 640, 875, 612, 620, 500, 856, 156, 526, 318, 477, 57, 895, 582, 210, 336, 546, 839, 38, 406, 252, 306, 376, 877, 715, 391, 712, 674, 23, 395, 991, 890, 527, 779, 332, 136, 988, 26, 293, 463, 299, 809, 394, 59, 532, 980, 245, 244, 955, 215, 889, 679, 655, 36, 43, 141, 338, 757, 79, 15, 282, 876, 448, 19, 620, 227, 807, 433, 719, 739, 11, 819, 392, 44, 640, 12, 983, 327, 164, 122, 456],
[82, 167, 974, 522, 870, 819, 53, 731, 318, 545, 632, 156, 216, 149, 733, 300, 76, 578, 680, 828, 988, 981, 534, 0, 954, 953, 727, 869, 136, 721, 986, 308, 79, 43, 941, 585, 443, 664, 229, 888, 567, 677, 336, 874, 728, 255, 593, 796, 915, 740, 153, 175, 760, 169, 150, 105, 750, 801, 76, 34, 64, 412, 370, 919, 885, 946, 282, 648, 902, 350, 223, 440, 465, 28, 305, 466, 655, 411, 949, 653, 672, 903, 758, 110, 468, 132, 656, 698, 841, 589, 187, 339, 986, 921, 890, 290, 847, 685, 451, 712, 888, 265, 600, 185, 828, 637, 718, 697, 858, 695, 725, 815, 162, 756, 753, 76, 765, 844, 737, 410],
[592, 271, 360, 813, 34, 90, 204, 121, 943, 136, 761, 295, 364, 895, 836, 227, 454, 221, 218, 456, 431, 656, 342, 954, 0, 954, 36, 391, 864, 527, 517, 828, 855, 591, 398, 57, 830, 270, 788, 229, 908, 278, 174, 789, 846, 186, 650, 630, 236, 41, 131, 370, 722, 665, 932, 329, 649, 835, 623, 298, 476, 431, 891, 537, 97, 398, 773, 369, 439, 549, 168, 565, 668, 425, 309, 683, 248, 546, 590, 51, 983, 46, 388, 186, 356, 196, 728, 64, 716, 322, 909, 270, 962, 603, 918, 228, 622, 764, 810, 314, 28, 38, 760, 269, 160, 604, 777, 512, 575, 118, 260, 100, 49, 498, 497, 373, 510, 315, 378, 91],
[443, 578, 925, 460, 304, 51, 838, 783, 177, 577, 651, 275, 679, 417, 954, 804, 213, 869, 957, 797, 973, 717, 126, 953, 954, 0, 80, 107, 196, 290, 980, 959, 824, 816, 945, 696, 949, 172, 974, 185, 173, 911, 828, 241, 165, 580, 70, 252, 660, 793, 493, 701, 927, 917, 13, 402, 513, 202, 793, 741, 56, 100, 713, 687, 210, 979, 23, 869, 441, 766, 713, 111, 631, 567, 520, 219, 651, 965, 416, 737, 768, 719, 687, 496, 836, 922, 306, 736, 745, 49, 278, 889, 256, 539, 325, 936, 519, 871, 745, 572, 652, 37, 319, 440, 844, 335, 603, 358, 271, 456, 848, 511, 662, 756, 494, 772, 319, 450, 606, 682],
[766, 351, 940, 614, 662, 687, 477, 458, 908, 971, 652, 560, 742, 689, 360, 340, 674, 652, 625, 62, 655, 648, 47, 727, 36, 80, 0, 583, 120, 399, 882, 49, 891, 274, 618, 944, 521, 110, 954, 275, 818, 17, 196, 726, 339, 487, 466, 622, 726, 114, 833, 437, 219, 282, 698, 782, 830, 437, 908, 275, 867, 34, 985, 194, 757, 853, 228, 996, 588, 692, 25, 793, 109, 451, 117, 256, 673, 860, 952, 364, 917, 695, 85, 336, 364, 132, 726, 703, 347, 534, 346, 827, 286, 610, 225, 696, 127, 693, 301, 22, 743, 969, 97, 543, 540, 947, 339, 172, 632, 94, 554, 294, 202, 557, 15, 373, 505, 538, 702, 963],
[807, 878, 991, 580, 564, 67, 124, 540, 820, 934, 836, 138, 915, 76, 885, 243, 900, 251, 824, 371, 975, 587, 536, 869, 391, 107, 583, 0, 736, 317, 268, 991, 624, 896, 243, 506, 923, 129, 94, 695, 284, 116, 443, 925, 805, 849, 191, 152, 220, 633, 217, 283, 766, 408, 171, 922, 879, 889, 56, 973, 930, 752, 552, 378, 382, 220, 17, 819, 145, 643, 230, 819, 44, 15, 895, 319, 446, 104, 348, 179, 804, 776, 19, 49, 816, 182, 809, 228, 449, 696, 696, 108, 240, 453, 81, 69, 526, 342, 231, 231, 853, 300, 457, 21, 96, 338, 840, 786, 284, 923, 740, 58, 780, 541, 434, 462, 474, 409, 889, 681],
[635, 445, 992, 456, 186, 287, 178, 139, 161, 254, 188, 307, 896, 763, 652, 854, 715, 538, 229, 597, 816, 48, 177, 136, 864, 196, 120, 736, 0, 519, 886, 449, 543, 115, 242, 178, 736, 767, 28, 406, 318, 621, 829, 302, 982, 793, 100, 443, 811, 415, 87, 92, 385, 378, 229, 220, 717, 657, 992, 244, 582, 820, 444, 204, 470, 374, 918, 600, 960, 614, 732, 360, 654, 775, 60, 245, 321, 22, 455, 631, 328, 950, 878, 915, 704, 361, 987, 46, 671, 135, 509, 971, 441, 332, 602, 644, 954, 740, 246, 972, 121, 179, 699, 93, 379, 765, 57, 242, 528, 688, 633, 760, 478, 511, 995, 426, 848, 237, 184, 673],
[374, 50, 326, 167, 389, 872, 941, 477, 938, 983, 89, 338, 938, 944, 485, 333, 157, 433, 800, 1000, 24, 415, 111, 721, 527, 290, 399, 317, 519, 0, 227, 913, 399, 746, 760, 634, 19, 801, 985, 428, 607, 528, 845, 622, 182, 165, 86, 195, 233, 87, 56, 537, 398, 928, 860, 256, 254, 497, 920, 933, 944, 479, 474, 647, 379, 830, 507, 894, 708, 878, 666, 536, 123, 625, 382, 467, 656, 734, 41, 821, 87, 306, 929, 109, 589, 835, 972, 568, 895, 544, 403, 777, 645, 833, 728, 653, 502, 180, 596, 282, 144, 506, 919, 484, 46, 932, 741, 898, 597, 920, 831, 595, 272, 390, 928, 233, 490, 589, 439, 952],
[685, 596, 690, 932, 80, 724, 556, 361, 870, 779, 185, 984, 714, 214, 785, 946, 164, 513, 678, 548, 763, 965, 327, 986, 517, 980, 882, 268, 886, 227, 0, 758, 835, 995, 933, 99, 78, 877, 588, 537, 914, 27, 915, 846, 631, 75, 518, 415, 101, 315, 151, 359, 685, 829, 902, 70, 144, 712, 365, 58, 247, 768, 643, 491, 557, 77, 56, 601, 434, 519, 458, 179, 740, 106, 906, 454, 334, 647, 361, 526, 420, 717, 997, 357, 100, 879, 744, 726, 329, 525, 782, 71, 972, 880, 971, 472, 828, 892, 153, 941, 243, 979, 72, 816, 796, 761, 593, 288, 986, 640, 518, 978, 742, 312, 46, 971, 271, 547, 606, 451],
[154, 116, 587, 373, 906, 387, 474, 635, 224, 201, 720, 328, 887, 907, 689, 936, 690, 242, 911, 810, 207, 176, 786, 308, 828, 959, 49, 991, 449, 913, 758, 0, 770, 363, 951, 346, 1000, 557, 709, 113, 327, 720, 848, 442, 318, 564, 118, 912, 252, 884, 408, 56, 293, 762, 654, 523, 991, 497, 151, 508, 689, 937, 308, 628, 288, 980, 528, 520, 222, 392, 727, 878, 817, 609, 319, 499, 376, 430, 267, 321, 782, 275, 246, 287, 970, 723, 346, 720, 774, 123, 934, 580, 249, 848, 43, 242, 23, 459, 893, 835, 407, 97, 796, 696, 823, 25, 734, 507, 102, 743, 798, 334, 761, 804, 553, 655, 253, 93, 1000, 149],
[476, 495, 33, 920, 906, 154, 259, 350, 547, 850, 151, 37, 905, 253, 545, 836, 309, 707, 874, 105, 138, 242, 743, 79, 855, 824, 891, 624, 543, 399, 835, 770, 0, 702, 23, 720, 104, 613, 405, 701, 929, 120, 91, 718, 241, 359, 45, 589, 953, 493, 473, 267, 229, 262, 27, 140, 254, 950, 693, 514, 702, 972, 784, 377, 474, 397, 744, 240, 285, 449, 421, 948, 627, 465, 395, 322, 453, 797, 764, 178, 295, 993, 239, 459, 19, 929, 791, 892, 992, 381, 819, 645, 919, 698, 166, 219, 169, 927, 72, 342, 973, 576, 958, 190, 449, 200, 283, 10, 583, 961, 181, 70, 751, 872, 794, 532, 544, 159, 903, 692],
[390, 34, 937, 842, 710, 368, 52, 563, 808, 426, 11, 63, 577, 43, 668, 549, 419, 775, 508, 535, 860, 429, 451, 43, 591, 816, 274, 896, 115, 746, 995, 363, 702, 0, 156, 730, 862, 113, 950, 195, 923, 646, 113, 731, 451, 826, 917, 234, 293, 230, 385, 474, 393, 17, 888, 610, 597, 28, 483, 754, 688, 506, 717, 864, 851, 496, 797, 908, 870, 328, 622, 81, 114, 88, 50, 825, 511, 301, 549, 637, 452, 579, 770, 158, 952, 192, 579, 138, 772, 876, 969, 418, 330, 655, 169, 509, 894, 294, 455, 358, 655, 841, 977, 193, 678, 272, 991, 147, 337, 800, 44, 722, 582, 728, 374, 75, 94, 485, 979, 418],
[256, 879, 172, 55, 882, 981, 196, 948, 265, 229, 512, 738, 275, 162, 642, 187, 885, 1000, 806, 577, 365, 506, 920, 941, 398, 945, 618, 243, 242, 760, 933, 951, 23, 156, 0, 49, 298, 650, 660, 119, 763, 497, 669, 863, 180, 168, 999, 152, 464, 251, 47, 102, 592, 159, 140, 778, 145, 936, 228, 563, 637, 291, 727, 667, 263, 854, 668, 886, 953, 521, 701, 167, 836, 338, 430, 107, 136, 445, 875, 824, 907, 355, 678, 494, 476, 926, 915, 455, 169, 690, 666, 501, 151, 344, 984, 114, 560, 995, 137, 109, 124, 560, 69, 923, 434, 345, 637, 635, 950, 250, 491, 435, 78, 45, 768, 627, 56, 481, 758, 842],
[80, 193, 898, 311, 241, 727, 385, 554, 953, 42, 278, 825, 562, 905, 323, 104, 399, 538, 754, 656, 507, 290, 421, 585, 57, 696, 944, 506, 178, 634, 99, 346, 720, 730, 49, 0, 717, 345, 868, 38, 912, 20, 238, 849, 289, 491, 201, 654, 648, 990, 609, 457, 983, 129, 895, 777, 530, 989, 811, 181, 237, 172, 472, 133, 64, 726, 872, 676, 216, 214, 197, 120, 152, 606, 979, 814, 846, 255, 73, 116, 959, 764, 690, 70, 659, 806, 118, 197, 168, 270, 486, 570, 850, 959, 70, 283, 27, 110, 802, 686, 97, 544, 365, 806, 473, 560, 224, 212, 972, 296, 380, 428, 278, 588, 294, 81, 25, 874, 624, 210],
[177, 202, 130, 680, 491, 944, 499, 113, 790, 385, 830, 524, 145, 178, 445, 844, 141, 63, 386, 911, 55, 186, 931, 443, 830, 949, 521, 923, 736, 19, 78, 1000, 104, 862, 298, 717, 0, 984, 573, 406, 244, 471, 209, 664, 251, 949, 582, 798, 678, 289, 540, 580, 403, 308, 642, 620, 631, 29, 346, 673, 254, 335, 206, 792, 260, 782, 162, 866, 359, 701, 585, 772, 219, 464, 106, 456, 900, 382, 361, 412, 157, 406, 297, 567, 815, 449, 669, 901, 488, 36, 160, 674, 998, 221, 679, 889, 932, 215, 522, 625, 241, 640, 535, 993, 170, 898, 890, 580, 290, 793, 724, 660, 416, 276, 214, 48, 424, 868, 990, 782],
[541, 894, 18, 320, 500, 509, 827, 143, 199, 29, 243, 421, 258, 721, 905, 412, 465, 542, 935, 888, 26, 658, 989, 664, 270, 172, 110, 129, 767, 801, 877, 557, 613, 113, 650, 345, 984, 0, 524, 832, 682, 47, 821, 639, 857, 502, 514, 416, 679, 705, 344, 383, 986, 954, 120, 814, 922, 194, 72, 768, 926, 283, 938, 995, 502, 125, 235, 547, 953, 853, 636, 745, 635, 54, 459, 578, 301, 94, 881, 985, 364, 415, 96, 212, 677, 822, 672, 939, 572, 427, 561, 714, 64, 219, 217, 761, 124, 130, 955, 918, 562, 67, 519, 778, 63, 961, 351, 347, 386, 924, 983, 649, 632, 448, 963, 390, 866, 278, 545, 591],
[950, 473, 166, 732, 826, 622, 898, 605, 963, 452, 126, 354, 201, 957, 919, 749, 933, 260, 24, 30, 457, 332, 84, 229, 788, 974, 954, 94, 28, 985, 588, 709, 405, 950, 660, 868, 573, 524, 0, 207, 502, 285, 975, 214, 806, 327, 969, 351, 828, 313, 646, 36, 498, 773, 814, 602, 922, 515, 675, 847, 129, 129, 345, 522, 164, 328, 560, 570, 218, 668, 883, 430, 628, 765, 602, 747, 90, 649, 507, 778, 668, 755, 905, 780, 407, 976, 456, 256, 716, 587, 544, 803, 395, 289, 484, 967, 90, 887, 760, 579, 950, 626, 59, 319, 274, 370, 635, 750, 751, 365, 858, 210, 29, 805, 783, 366, 264, 816, 573, 175],
[982, 221, 504, 283, 296, 164, 676, 568, 641, 998, 964, 312, 538, 397, 657, 167, 660, 832, 232, 710, 691, 907, 839, 888, 229, 185, 275, 695, 406, 428, 537, 113, 701, 195, 119, 38, 406, 832, 207, 0, 183, 281, 936, 179, 743, 902, 159, 124, 617, 980, 113, 575, 662, 562, 75, 924, 463, 273, 18, 146, 734, 379, 502, 806, 50, 181, 807, 702, 407, 14, 225, 452, 983, 877, 672, 817, 979, 172, 462, 335, 27, 97, 495, 348, 388, 633, 59, 274, 775, 486, 944, 251, 787, 588, 213, 279, 751, 342, 398, 254, 558, 654, 454, 465, 943, 637, 182, 571, 130, 119, 403, 959, 446, 157, 841, 665, 925, 866, 426, 259],
[275, 691, 870, 442, 544, 149, 314, 486, 231, 654, 956, 267, 112, 410, 517, 637, 541, 43, 710, 956, 270, 959, 640, 567, 908, 173, 818, 284, 318, 607, 914, 327, 929, 923, 763, 912, 244, 682, 502, 183, 0, 733, 1000, 739, 618, 287, 557, 371, 47, 775, 215, 675, 741, 109, 504, 552, 315, 938, 589, 32, 104, 165, 154, 457, 289, 953, 210, 61, 750, 912, 652, 35, 754, 171, 968, 314, 457, 163, 827, 359, 868, 212, 996, 540, 101, 599, 13, 949, 904, 189, 481, 547, 860, 894, 998, 297, 805, 157, 878, 890, 925, 280, 777, 978, 647, 700, 822, 246, 906, 438, 861, 74, 964, 827, 898, 121, 58, 642, 143, 609],
[251, 363, 422, 484, 952, 806, 359, 528, 426, 400, 745, 707, 533, 207, 545, 83, 527, 486, 876, 236, 146, 690, 875, 677, 278, 911, 17, 116, 621, 528, 27, 720, 120, 646, 497, 20, 471, 47, 285, 281, 733, 0, 937, 815, 977, 982, 337, 459, 454, 23, 415, 477, 835, 851, 255, 590, 397, 968, 540, 733, 610, 947, 223, 104, 420, 441, 448, 712, 271, 542, 405, 913, 637, 128, 209, 872, 767, 449, 933, 598, 664, 554, 458, 980, 513, 952, 906, 870, 396, 926, 366, 225, 824, 890, 946, 862, 409, 532, 356, 314, 706, 905, 518, 789, 720, 680, 871, 676, 669, 362, 139, 678, 176, 184, 422, 166, 628, 492, 343, 136],
[988, 155, 745, 213, 534, 669, 614, 636, 482, 252, 954, 936, 56, 340, 630, 244, 602, 630, 174, 532, 747, 596, 612, 336, 174, 828, 196, 443, 829, 845, 915, 848, 91, 113, 669, 238, 209, 821, 975, 936, 1000, 937, 0, 926, 402, 958, 957, 117, 808, 248, 943, 783, 268, 859, 344, 71, 104, 402, 454, 632, 402, 921, 157, 932, 166, 800, 420, 55, 815, 76, 833, 707, 250, 913, 163, 67, 248, 807, 847, 40, 387, 256, 613, 340, 743, 38, 339, 140, 175, 986, 158, 954, 394, 762, 575, 162, 688, 571, 475, 943, 281, 116, 50, 490, 874, 762, 205, 488, 89, 68, 224, 520, 101, 174, 185, 625, 434, 933, 430, 145],
[951, 84, 929, 928, 102, 256, 932, 494, 714, 790, 575, 325, 338, 374, 152, 187, 967, 176, 400, 550, 580, 185, 620, 874, 789, 241, 726, 925, 302, 622, 846, 442, 718, 731, 863, 849, 664, 639, 214, 179, 739, 815, 926, 0, 468, 782, 320, 305, 153, 889, 125, 988, 291, 425, 429, 255, 310, 372, 358, 765, 565, 600, 704, 348, 64, 292, 337, 767, 430, 622, 245, 203, 755, 463, 869, 925, 245, 981, 646, 178, 436, 173, 940, 517, 333, 641, 999, 759, 170, 477, 353, 204, 661, 581, 870, 884, 464, 822, 715, 205, 897, 293, 612, 666, 488, 551, 612, 462, 437, 491, 228, 934, 587, 125, 629, 378, 428, 175, 295, 493],
[72, 52, 106, 80, 587, 324, 337, 752, 894, 803, 429, 866, 516, 266, 806, 212, 251, 731, 149, 184, 488, 257, 500, 728, 846, 165, 339, 805, 982, 182, 631, 318, 241, 451, 180, 289, 251, 857, 806, 743, 618, 977, 402, 468, 0, 738, 16, 344, 794, 193, 105, 369, 725, 61, 695, 122, 227, 347, 60, 648, 188, 231, 182, 27, 147, 317, 302, 182, 631, 380, 143, 886, 355, 830, 844, 797, 306, 814, 649, 482, 717, 831, 673, 849, 372, 753, 372, 917, 168, 443, 807, 225, 867, 633, 689, 903, 586, 927, 834, 372, 319, 616, 330, 236, 456, 494, 893, 249, 239, 14, 121, 410, 566, 168, 238, 312, 611, 678, 762, 561],
[806, 303, 305, 174, 68, 100, 554, 481, 261, 590, 989, 504, 939, 732, 752, 817, 599, 682, 82, 574, 500, 470, 856, 255, 186, 580, 487, 849, 793, 165, 75, 564, 359, 826, 168, 491, 949, 502, 327, 902, 287, 982, 958, 782, 738, 0, 114, 767, 970, 427, 502, 765, 231, 401, 538, 223, 117, 317, 448, 527, 228, 175, 605, 930, 148, 496, 54, 370, 156, 992, 967, 329, 926, 325, 72, 715, 946, 257, 557, 287, 689, 94, 818, 109, 23, 532, 989, 676, 250, 298, 950, 335, 525, 665, 655, 607, 475, 891, 384, 861, 634, 268, 172, 387, 678, 86, 992, 293, 416, 581, 194, 572, 787, 657, 126, 595, 904, 326, 996, 979],
[287, 859, 541, 704, 809, 522, 862, 616, 743, 853, 486, 141, 176, 742, 930, 515, 509, 195, 898, 761, 993, 676, 156, 593, 650, 70, 466, 191, 100, 86, 518, 118, 45, 917, 999, 201, 582, 514, 969, 159, 557, 337, 957, 320, 16, 114, 0, 39, 487, 757, 718, 609, 863, 428, 882, 439, 631, 189, 70, 526, 775, 687, 471, 376, 434, 61, 223, 13, 561, 914, 19, 286, 761, 961, 720, 959, 634, 78, 574, 876, 602, 171, 436, 540, 412, 812, 117, 248, 306, 413, 221, 676, 402, 558, 965, 806, 303, 269, 764, 821, 895, 989, 481, 915, 703, 853, 341, 978, 149, 23, 391, 15, 514, 18, 249, 727, 20, 573, 307, 78],
[994, 281, 17, 328, 789, 510, 487, 290, 483, 266, 504, 548, 58, 161, 579, 306, 525, 806, 532, 817, 444, 81, 526, 796, 630, 252, 622, 152, 443, 195, 415, 912, 589, 234, 152, 654, 798, 416, 351, 124, 371, 459, 117, 305, 344, 767, 39, 0, 390, 289, 195, 100, 618, 494, 561, 627, 609, 110, 40, 140, 862, 910, 586, 621, 588, 270, 860, 941, 526, 565, 791, 882, 209, 843, 679, 416, 151, 538, 578, 357, 37, 928, 717, 347, 354, 623, 670, 860, 911, 205, 319, 316, 279, 435, 768, 698, 644, 132, 799, 821, 823, 534, 843, 776, 614, 848, 152, 702, 82, 814, 500, 205, 525, 457, 935, 665, 438, 967, 385, 137],
[698, 787, 292, 693, 297, 773, 343, 63, 516, 637, 421, 27, 359, 426, 451, 95, 10, 942, 442, 922, 728, 409, 318, 915, 236, 660, 726, 220, 811, 233, 101, 252, 953, 293, 464, 648, 678, 679, 828, 617, 47, 454, 808, 153, 794, 970, 487, 390, 0, 57, 406, 143, 396, 177, 601, 74, 533, 906, 952, 410, 98, 120, 385, 670, 328, 119, 88, 177, 820, 782, 803, 227, 131, 532, 696, 874, 319, 838, 828, 652, 275, 65, 314, 285, 297, 119, 41, 136, 216, 277, 74, 529, 905, 689, 875, 228, 831, 661, 845, 503, 19, 144, 232, 859, 202, 891, 342, 398, 837, 771, 268, 88, 223, 384, 661, 510, 315, 467, 989, 483],
[340, 971, 984, 777, 504, 678, 571, 703, 868, 626, 713, 309, 314, 838, 716, 123, 580, 710, 532, 872, 886, 309, 477, 740, 41, 793, 114, 633, 415, 87, 315, 884, 493, 230, 251, 990, 289, 705, 313, 980, 775, 23, 248, 889, 193, 427, 757, 289, 57, 0, 765, 372, 15, 633, 255, 681, 814, 410, 368, 418, 670, 983, 46, 465, 700, 427, 796, 235, 463, 706, 216, 919, 413, 940, 400, 357, 964, 752, 756, 26, 540, 309, 446, 859, 998, 612, 191, 734, 57, 913, 588, 991, 335, 159, 758, 178, 774, 232, 732, 562, 149, 552, 689, 154, 280, 780, 532, 784, 985, 87, 461, 366, 450, 911, 998, 771, 646, 945, 986, 915],
[567, 24, 32, 538, 891, 468, 904, 834, 879, 663, 359, 331, 950, 145, 763, 503, 666, 195, 768, 136, 930, 833, 57, 153, 131, 493, 833, 217, 87, 56, 151, 408, 473, 385, 47, 609, 540, 344, 646, 113, 215, 415, 943, 125, 105, 502, 718, 195, 406, 765, 0, 86, 197, 712, 447, 109, 150, 122, 768, 287, 718, 469, 740, 431, 19, 636, 303, 74, 974, 206, 509, 217, 112, 16, 905, 244, 927, 918, 197, 974, 654, 581, 250, 292, 917, 269, 735, 127, 388, 246, 509, 226, 12, 388, 540, 88, 916, 629, 265, 430, 427, 853, 940, 974, 503, 382, 38, 704, 723, 254, 664, 439, 181, 79, 82, 661, 661, 965, 398, 927],
[765, 375, 249, 420, 715, 883, 581, 577, 209, 865, 252, 876, 987, 183, 770, 963, 541, 123, 570, 406, 865, 204, 895, 175, 370, 701, 437, 283, 92, 537, 359, 56, 267, 474, 102, 457, 580, 383, 36, 575, 675, 477, 783, 988, 369, 765, 609, 100, 143, 372, 86, 0, 616, 998, 677, 59, 388, 717, 107, 521, 455, 762, 143, 54, 589, 791, 128, 964, 208, 130, 475, 549, 104, 501, 632, 621, 340, 75, 370, 236, 85, 882, 779, 334, 537, 529, 576, 158, 752, 845, 477, 241, 128, 312, 18, 310, 46, 237, 60, 224, 36, 267, 17, 859, 475, 988, 802, 687, 976, 957, 11, 208, 364, 457, 34, 701, 978, 556, 564, 832],
[188, 343, 549, 417, 609, 855, 332, 1000, 368, 945, 187, 986, 372, 214, 553, 963, 551, 834, 748, 104, 401, 204, 582, 760, 722, 927, 219, 766, 385, 398, 685, 293, 229, 393, 592, 983, 403, 986, 498, 662, 741, 835, 268, 291, 725, 231, 863, 618, 396, 15, 197, 616, 0, 490, 59, 971, 829, 503, 241, 563, 753, 617, 163, 10, 334, 538, 492, 890, 917, 637, 42, 433, 284, 328, 692, 230, 931, 129, 380, 637, 574, 10, 297, 994, 122, 48, 504, 666, 874, 660, 683, 211, 111, 706, 493, 569, 476, 269, 130, 583, 172, 123, 911, 220, 966, 368, 217, 682, 553, 342, 474, 494, 285, 364, 619, 888, 525, 246, 193, 281],
[428, 54, 115, 77, 843, 826, 818, 608, 687, 782, 167, 801, 286, 353, 305, 686, 164, 713, 816, 339, 542, 297, 210, 169, 665, 917, 282, 408, 378, 928, 829, 762, 262, 17, 159, 129, 308, 954, 773, 562, 109, 851, 859, 425, 61, 401, 428, 494, 177, 633, 712, 998, 490, 0, 301, 544, 418, 302, 720, 171, 514, 832, 536, 483, 832, 718, 955, 535, 979, 988, 831, 53, 738, 92, 146, 444, 649, 423, 792, 39, 118, 805, 898, 119, 962, 125, 488, 795, 403, 521, 389, 882, 374, 136, 653, 206, 984, 343, 79, 535, 23, 750, 84, 865, 846, 629, 996, 189, 931, 145, 692, 518, 461, 860, 778, 15, 619, 737, 368, 934],
[283, 946, 768, 355, 403, 964, 510, 913, 359, 15, 31, 226, 141, 158, 853, 545, 176, 103, 925, 19, 982, 194, 336, 150, 932, 13, 698, 171, 229, 860, 902, 654, 27, 888, 140, 895, 642, 120, 814, 75, 504, 255, 344, 429, 695, 538, 882, 561, 601, 255, 447, 677, 59, 301, 0, 344, 722, 893, 790, 654, 381, 128, 377, 284, 647, 619, 788, 560, 77, 911, 353, 306, 768, 251, 307, 843, 292, 944, 100, 145, 553, 506, 861, 358, 406, 641, 549, 582, 719, 989, 611, 624, 523, 365, 598, 131, 12, 635, 183, 357, 88, 985, 349, 989, 911, 296, 471, 316, 829, 532, 967, 561, 892, 694, 381, 87, 988, 881, 447, 849],
[117, 138, 370, 777, 324, 377, 841, 60, 108, 42, 880, 747, 882, 904, 280, 419, 26, 402, 788, 756, 530, 339, 546, 105, 329, 402, 782, 922, 220, 256, 70, 523, 140, 610, 778, 777, 620, 814, 602, 924, 552, 590, 71, 255, 122, 223, 439, 627, 74, 681, 109, 59, 971, 544, 344, 0, 892, 746, 162, 770, 111, 785, 474, 630, 930, 312, 485, 237, 514, 843, 640, 119, 647, 156, 865, 787, 611, 411, 657, 234, 963, 764, 511, 60, 746, 878, 373, 840, 599, 838, 842, 863, 317, 257, 647, 903, 740, 991, 113, 49, 808, 53, 890, 485, 592, 520, 235, 309, 401, 320, 795, 876, 632, 516, 479, 515, 356, 22, 748, 992],
[991, 838, 867, 514, 395, 907, 621, 185, 472, 814, 524, 560, 957, 289, 922, 742, 372, 612, 86, 175, 528, 492, 839, 750, 649, 513, 830, 879, 717, 254, 144, 991, 254, 597, 145, 530, 631, 922, 922, 463, 315, 397, 104, 310, 227, 117, 631, 609, 533, 814, 150, 388, 829, 418, 722, 892, 0, 803, 826, 945, 731, 101, 476, 515, 287, 969, 657, 694, 339, 741, 913, 437, 815, 317, 584, 662, 915, 376, 629, 862, 666, 633, 463, 777, 334, 922, 205, 238, 914, 418, 851, 775, 428, 664, 288, 62, 120, 880, 957, 463, 978, 82, 23, 60, 409, 911, 701, 865, 418, 829, 700, 958, 664, 953, 836, 163, 598, 637, 79, 158],
[851, 931, 483, 142, 230, 34, 549, 737, 993, 520, 142, 449, 787, 538, 501, 862, 385, 822, 541, 867, 148, 497, 38, 801, 835, 202, 437, 889, 657, 497, 712, 497, 950, 28, 936, 989, 29, 194, 515, 273, 938, 968, 402, 372, 347, 317, 189, 110, 906, 410, 122, 717, 503, 302, 893, 746, 803, 0, 388, 659, 545, 928, 153, 67, 871, 833, 83, 60, 576, 505, 395, 560, 447, 301, 15, 322, 212, 906, 825, 773, 336, 222, 451, 72, 609, 140, 661, 146, 710, 461, 125, 255, 53, 942, 707, 383, 896, 140, 426, 32, 414, 476, 226, 800, 117, 296, 386, 629, 294, 905, 714, 367, 298, 265, 999, 334, 316, 624, 260, 227],
[849, 762, 655, 839, 444, 783, 876, 174, 876, 597, 867, 364, 595, 193, 963, 70, 963, 337, 849, 461, 321, 617, 406, 76, 623, 793, 908, 56, 992, 920, 365, 151, 693, 483, 228, 811, 346, 72, 675, 18, 589, 540, 454, 358, 60, 448, 70, 40, 952, 368, 768, 107, 241, 720, 790, 162, 826, 388, 0, 772, 631, 313, 813, 747, 993, 710, 348, 151, 602, 831, 478, 316, 373, 97, 892, 661, 384, 686, 514, 68, 245, 704, 423, 913, 237, 896, 664, 866, 402, 950, 246, 958, 949, 560, 682, 882, 745, 757, 481, 282, 360, 767, 831, 21, 512, 77, 591, 267, 491, 200, 791, 305, 471, 316, 132, 101, 276, 31, 742, 119],
[783, 836, 225, 67, 232, 310, 601, 977, 31, 785, 13, 560, 18, 268, 659, 990, 290, 125, 344, 360, 867, 254, 252, 34, 298, 741, 275, 973, 244, 933, 58, 508, 514, 754, 563, 181, 673, 768, 847, 146, 32, 733, 632, 765, 648, 527, 526, 140, 410, 418, 287, 521, 563, 171, 654, 770, 945, 659, 772, 0, 370, 411, 265, 677, 441, 376, 890, 355, 297, 822, 149, 135, 694, 703, 390, 648, 807, 964, 664, 955, 985, 728, 552, 650, 306, 428, 130, 947, 197, 290, 48, 337, 131, 944, 975, 893, 910, 715, 598, 724, 923, 275, 219, 857, 531, 493, 800, 985, 250, 103, 235, 319, 36, 159, 290, 582, 324, 134, 770, 419],
[76, 400, 856, 515, 828, 275, 609, 88, 649, 620, 370, 884, 719, 960, 186, 25, 435, 905, 539, 97, 597, 327, 306, 64, 476, 56, 867, 930, 582, 944, 247, 689, 702, 688, 637, 237, 254, 926, 129, 734, 104, 610, 402, 565, 188, 228, 775, 862, 98, 670, 718, 455, 753, 514, 381, 111, 731, 545, 631, 370, 0, 514, 948, 309, 351, 964, 809, 418, 138, 661, 874, 613, 503, 231, 522, 539, 245, 189, 167, 921, 269, 334, 496, 372, 405, 462, 192, 301, 766, 283, 348, 898, 156, 779, 994, 607, 594, 108, 192, 593, 482, 327, 371, 387, 996, 529, 771, 913, 684, 708, 589, 718, 271, 194, 653, 653, 503, 426, 607, 18],
[607, 959, 800, 185, 333, 666, 983, 275, 996, 289, 813, 11, 415, 738, 502, 834, 750, 859, 900, 456, 751, 957, 376, 412, 431, 100, 34, 752, 820, 479, 768, 937, 972, 506, 291, 172, 335, 283, 129, 379, 165, 947, 921, 600, 231, 175, 687, 910, 120, 983, 469, 762, 617, 832, 128, 785, 101, 928, 313, 411, 514, 0, 322, 912, 476, 853, 466, 985, 702, 724, 802, 487, 869, 64, 433, 791, 223, 686, 676, 162, 75, 710, 159, 994, 128, 85, 141, 168, 741, 133, 941, 861, 881, 599, 456, 150, 818, 705, 948, 783, 895, 298, 464, 707, 469, 694, 10, 556, 720, 651, 698, 931, 455, 397, 701, 386, 127, 833, 512, 58],
[27, 811, 227, 287, 428, 952, 146, 758, 749, 82, 149, 191, 80, 68, 553, 385, 482, 878, 969, 582, 943, 17, 877, 370, 891, 713, 985, 552, 444, 474, 643, 308, 784, 717, 727, 472, 206, 938, 345, 502, 154, 223, 157, 704, 182, 605, 471, 586, 385, 46, 740, 143, 163, 536, 377, 474, 476, 153, 813, 265, 948, 322, 0, 235, 741, 998, 690, 247, 135, 203, 244, 134, 380, 795, 372, 214, 433, 975, 913, 482, 654, 101, 229, 545, 376, 878, 407, 126, 455, 74, 391, 672, 967, 269, 369, 733, 774, 333, 406, 912, 941, 381, 491, 938, 708, 802, 38, 523, 186, 840, 805, 423, 258, 947, 643, 874, 417, 438, 595, 591],
[498, 514, 310, 504, 40, 134, 764, 566, 178, 728, 867, 204, 576, 926, 750, 571, 124, 906, 735, 398, 897, 342, 715, 919, 537, 687, 194, 378, 204, 647, 491, 628, 377, 864, 667, 133, 792, 995, 522, 806, 457, 104, 932, 348, 27, 930, 376, 621, 670, 465, 431, 54, 10, 483, 284, 630, 515, 67, 747, 677, 309, 912, 235, 0, 174, 775, 982, 959, 898, 352, 618, 589, 499, 720, 345, 683, 906, 383, 117, 871, 598, 271, 861, 359, 370, 996, 293, 394, 298, 83, 849, 985, 77, 647, 101, 906, 843, 465, 233, 376, 970, 790, 722, 734, 331, 474, 637, 511, 632, 947, 660, 936, 650, 383, 566, 860, 661, 35, 643, 429],
[340, 170, 395, 667, 916, 546, 493, 956, 437, 51, 742, 910, 35, 421, 108, 379, 263, 181, 631, 33, 550, 47, 391, 885, 97, 210, 757, 382, 470, 379, 557, 288, 474, 851, 263, 64, 260, 502, 164, 50, 289, 420, 166, 64, 147, 148, 434, 588, 328, 700, 19, 589, 334, 832, 647, 930, 287, 871, 993, 441, 351, 476, 741, 174, 0, 472, 394, 631, 254, 579, 498, 735, 623, 583, 886, 984, 359, 684, 338, 453, 792, 801, 925, 869, 955, 518, 689, 268, 577, 543, 40, 90, 85, 142, 78, 242, 59, 293, 624, 511, 630, 817, 162, 670, 853, 854, 351, 315, 885, 363, 934, 272, 119, 785, 197, 455, 30, 357, 804, 267],
[346, 68, 60, 354, 523, 207, 878, 463, 22, 586, 812, 13, 788, 477, 430, 888, 958, 41, 532, 650, 969, 87, 712, 946, 398, 979, 853, 220, 374, 830, 77, 980, 397, 496, 854, 726, 782, 125, 328, 181, 953, 441, 800, 292, 317, 496, 61, 270, 119, 427, 636, 791, 538, 718, 619, 312, 969, 833, 710, 376, 964, 853, 998, 775, 472, 0, 808, 851, 138, 568, 248, 915, 780, 182, 767, 96, 931, 372, 569, 123, 130, 780, 509, 717, 330, 923, 876, 958, 666, 437, 670, 625, 245, 734, 195, 273, 35, 722, 823, 492, 492, 227, 151, 203, 503, 730, 569, 34, 770, 309, 989, 624, 53, 227, 329, 794, 889, 433, 475, 574],
[291, 24, 709, 884, 459, 603, 782, 154, 166, 84, 502, 532, 663, 397, 138, 455, 993, 946, 94, 71, 294, 271, 674, 282, 773, 23, 228, 17, 918, 507, 56, 528, 744, 797, 668, 872, 162, 235, 560, 807, 210, 448, 420, 337, 302, 54, 223, 860, 88, 796, 303, 128, 492, 955, 788, 485, 657, 83, 348, 890, 809, 466, 690, 982, 394, 808, 0, 698, 933, 309, 72, 207, 656, 466, 274, 82, 138, 87, 466, 626, 800, 198, 656, 497, 646, 855, 935, 764, 551, 38, 89, 391, 164, 302, 398, 555, 96, 446, 238, 36, 64, 345, 883, 708, 426, 836, 517, 795, 903, 415, 241, 565, 223, 228, 703, 449, 373, 992, 874, 828],
