[0, 799, 978, 41, 545, 994, 845, 414, 580, 86, 338, 271, 277, 274, 344, 820, 198, 344, 756, 241, 604, 806, 219, 246, 167, 632, 834, 723, 802, 80, 336, 821, 218, 714, 616, 983, 475, 431, 721, 538, 852, 603, 773, 700, 801, 727, 187, 585, 484, 979, 551, 496, 239, 378, 505, 781, 175, 221, 999, 791, 815, 340, 134, 575, 301, 392, 439, 399, 811, 871, 202, 970, 45, 227, 400, 929, 726, 169, 543, 401, 488, 309, 983, 331, 351, 525, 239, 225, 893, 725, 954, 680, 418, 96, 809, 732, 445, 457, 924, 756, 247, 228, 139, 82, 151, 872, 603, 438, 882, 473, 479, 593, 921, 856, 587, 250, 672, 807, 343, 372, 917, 993, 464, 569, 69, 600, 726, 557, 621, 947, 756, 386, 336, 564, 328, 553, 317, 840, 336, 232, 808, 894, 862, 480, 691, 168, 861, 777, 799, 623, 342, 812, 70, 343, 10, 214, 104, 259, 379, 366, 114, 332, 92, 661, 170, 659, 775, 830, 454, 984, 434, 157, 551, 316, 677, 267, 903, 738, 188, 584],
[799, 0, 290, 848, 498, 715, 471, 923, 723, 740, 969, 495, 841, 616, 88, 336, 984, 854, 776, 722, 156, 953, 587, 186, 240, 545, 82, 28, 493, 80, 762, 85, 624, 400, 195, 498, 990, 513, 936, 695, 230, 184, 530, 546, 540, 281, 485, 602, 853, 976, 57, 308, 888, 756, 703, 671, 355, 560, 680, 407, 617, 488, 441, 113, 549, 251, 830, 400, 913, 746, 311, 899, 381, 687, 778, 949, 475, 869, 35, 673, 607, 514, 748, 717, 945, 486, 344, 746, 334, 239, 898, 650, 525, 236, 947, 709, 961, 706, 815, 846, 485, 55, 785, 926, 853, 579, 232, 695, 449, 752, 788, 124, 321, 826, 186, 197, 32, 623, 894, 557, 79, 19, 819, 102, 24, 767, 382, 86, 404, 220, 650, 143, 65, 701, 947, 197, 872, 479, 539, 270, 918, 628, 112, 197, 292, 942, 371, 63, 940, 779, 92, 699, 338, 354, 105, 965, 961, 74, 996, 416, 606, 780, 134, 135, 338, 396, 887, 408, 115, 483, 434, 305, 147, 459, 424, 921, 263, 949, 825, 287],
[978, 290, 0, 198, 927, 591, 851, 25, 487, 275, 471, 60, 198, 412, 551, 388, 32, 999, 614, 89, 979, 191, 766, 366, 190, 779, 221, 849, 437, 172, 429, 102, 964, 153, 78, 778, 235, 287, 664, 96, 940, 897, 691, 102, 590, 667, 502, 597, 34, 29, 365, 629, 334, 178, 277, 646, 949, 696, 625, 14, 134, 38, 210, 549, 644, 733, 450, 261, 241, 608, 840, 753, 839, 748, 524, 374, 379, 333, 814, 658, 481, 196, 45, 817, 876, 991, 519, 817, 78, 965, 576, 36, 376, 38, 20, 326, 43, 129, 58, 743, 352, 588, 839, 295, 457, 124, 771, 46, 808, 642, 866, 717, 709, 613, 671, 910, 303, 241, 723, 832, 211, 171, 202, 586, 256, 449, 599, 157, 568, 413, 682, 680, 473, 957, 582, 808, 167, 601, 166, 79, 310, 529, 868, 152, 112, 73, 238, 233, 810, 926, 41, 610, 811, 211, 340, 431, 372, 395, 261, 634, 841, 282, 280, 274, 912, 351, 340, 465, 355, 975, 860, 57, 634, 50, 283, 890, 334, 548, 798, 782],
[41, 848, 198, 0, 235, 936, 949, 419, 989, 135, 265, 264, 486, 176, 540, 991, 80, 660, 371, 604, 446, 721, 218, 303, 416, 192, 729, 226, 101, 980, 326, 134, 140, 746, 238, 693, 336, 681, 688, 426, 193, 976, 374, 761, 744, 721, 561, 826, 267, 152, 780, 331, 129, 10, 183, 954, 178, 554, 745, 173, 740, 773, 971, 632, 728, 488, 142, 878, 748, 521, 763, 690, 588, 846, 920, 617, 433, 953, 997, 824, 642, 946, 593, 214, 266, 343, 582, 824, 301, 524, 782, 854, 739, 602, 39, 74, 987, 74, 82, 751, 940, 944, 517, 437, 319, 12, 851, 568, 866, 41, 424, 709, 896, 782, 382, 926, 802, 267, 763, 987, 804, 927, 207, 630, 665, 891, 15, 250, 296, 255, 736, 854, 709, 97, 300, 733, 37, 241, 961, 729, 783, 199, 847, 60, 695, 375, 179, 139, 328, 854, 962, 920, 814, 454, 849, 361, 571, 722, 556, 73, 382, 838, 339, 239, 726, 809, 709, 754, 957, 759, 866, 695, 345, 237, 113, 911, 669, 778, 777, 617],
[545, 498, 927, 235, 0, 653, 511, 934, 351, 917, 689, 132, 543, 733, 282, 866, 589, 451, 30, 369, 275, 296, 167, 507, 421, 292, 53, 515, 122, 557, 378, 718, 712, 667, 824, 202, 572, 802, 564, 47, 435, 506, 36, 471, 958, 734, 315, 843, 773, 970, 132, 533, 136, 948, 792, 283, 14, 819, 992, 661, 936, 623, 835, 419, 927, 508, 63, 183, 994, 29, 327, 878, 490, 524, 276, 446, 957, 679, 553, 650, 403, 108, 302, 915, 312, 905, 181, 363, 261, 302, 244, 174, 543, 290, 557, 634, 209, 193, 662, 152, 850, 593, 405, 847, 754, 32, 429, 483, 938, 747, 622, 116, 319, 845, 60, 530, 209, 137, 923, 640, 11, 563, 51, 338, 372, 780, 546, 935, 818, 776, 167, 928, 767, 367, 786, 346, 436, 224, 248, 843, 938, 34, 665, 625, 256, 715, 65, 423, 18, 731, 19, 827, 552, 928, 934, 23, 253, 816, 213, 99, 981, 23, 953, 719, 194, 683, 521, 907, 168, 852, 645, 701, 487, 403, 357, 936, 988, 517, 811, 900],
[994, 715, 591, 936, 653, 0, 227, 950, 271, 735, 422, 889, 403, 817, 361, 484, 116, 555, 32, 112, 152, 403, 126, 326, 759, 141, 251, 43, 596, 143, 122, 103, 877, 555, 885, 959, 865, 686, 838, 611, 342, 386, 193, 863, 349, 164, 21, 469, 746, 900, 117, 469, 51, 543, 807, 427, 34, 210, 428, 860, 959, 195, 240, 881, 566, 450, 933, 408, 740, 552, 35, 444, 696, 241, 926, 154, 422, 209, 334, 546, 858, 741, 652, 331, 166, 333, 212, 246, 29, 843, 260, 562, 969, 285, 114, 209, 436, 681, 452, 908, 71, 695, 968, 365, 389, 236, 916, 181, 615, 904, 906, 694, 805, 164, 44, 73, 709, 749, 854, 704, 104, 873, 630, 198, 900, 512, 983, 111, 195, 49, 961, 473, 914, 729, 552, 943, 271, 959, 271, 553, 988, 28, 263, 143, 713, 588, 652, 856, 62, 334, 304, 468, 989, 817, 721, 896, 577, 496, 593, 489, 738, 618, 807, 454, 58, 562, 280, 394, 283, 201, 172, 232, 949, 873, 976, 878, 764, 567, 153, 318],
[845, 471, 851, 949, 511, 227, 0, 135, 443, 861, 658, 373, 650, 24, 964, 527, 340, 107, 610, 687, 548, 575, 408, 38, 757, 242, 927, 972, 929, 812, 13, 68, 448, 982, 353, 273, 168, 643, 981, 619, 268, 145, 227, 787, 538, 971, 317, 567, 342, 706, 207, 613, 774, 303, 415, 875, 205, 58, 976, 328, 488, 423, 361, 280, 998, 691, 882, 402, 717, 881, 761, 90, 503, 56, 262, 76, 505, 231, 905, 611, 752, 349, 977, 274, 846, 206, 92, 274, 276, 440, 503, 955, 44, 634, 621, 557, 678, 297, 945, 419, 125, 232, 33, 975, 52, 578, 10, 472, 728, 149, 837, 525, 716, 556, 206, 417, 104, 313, 394, 153, 25, 979, 908, 208, 129, 488, 895, 650, 326, 707, 288, 930, 490, 660, 180, 61, 36, 946, 943, 501, 355, 870, 432, 213, 274, 651, 645, 516, 974, 457, 527, 94, 790, 70, 823, 289, 87, 29, 298, 549, 76, 368, 708, 355, 478, 847, 485, 736, 231, 714, 950, 90, 369, 844, 366, 435, 595, 614, 535, 284],
[414, 923, 25, 419, 934, 950, 135, 0, 875, 420, 113, 610, 969, 281, 690, 796, 897, 796, 921, 385, 28, 219, 41, 534, 817, 270, 779, 351, 344, 975, 590, 194, 223, 510, 625, 214, 652, 762, 672, 659, 638, 154, 72, 741, 291, 57, 373, 478, 466, 663, 279, 229, 184, 895, 588, 277, 150, 809, 463, 385, 17, 688, 255, 790, 283, 758, 912, 325, 367, 61, 464, 651, 949, 563, 341, 105, 744, 487, 794, 553, 874, 644, 533, 75, 241, 39, 685, 859, 672, 449, 416, 562, 208, 887, 737, 361, 793, 524, 474, 943, 418, 393, 591, 984, 423, 107, 793, 671, 844, 499, 682, 329, 281, 520, 728, 543, 146, 754, 230, 196, 510, 419, 799, 164, 94, 378, 614, 46, 936, 753, 565, 588, 869, 203, 176, 280, 894, 987, 491, 914, 411, 363, 530, 389, 655, 767, 237, 191, 842, 234, 409, 203, 346, 469, 988, 302, 829, 542, 188, 942, 387, 517, 457, 396, 450, 646, 640, 324, 752, 428, 432, 91, 596, 890, 911, 807, 520, 443, 217, 593],
[580, 723, 487, 989, 351, 271, 443, 875, 0, 591, 567, 817, 606, 497, 177, 211, 37, 634, 179, 963, 267, 376, 400, 482, 258, 163, 238, 845, 611, 347, 817, 707, 853, 668, 219, 300, 972, 409, 288, 630, 112, 138, 225, 954, 133, 638, 849, 568, 620, 936, 793, 884, 382, 67, 220, 333, 539, 824, 613, 193, 565, 35, 348, 298, 41, 243, 482, 788, 490, 972, 913, 489, 604, 707, 71, 892, 11, 443, 743, 639, 743, 524, 358, 139, 687, 77, 772, 239, 530, 348, 313, 82, 431, 229, 691, 681, 718, 770, 218, 881, 919, 871, 959, 62, 857, 867, 437, 591, 875, 781, 116, 470, 818, 246, 764, 33, 68, 424, 474, 317, 543, 383, 620, 498, 96, 866, 488, 499, 476, 109, 986, 203, 847, 88, 757, 480, 964, 815, 898, 357, 716, 651, 677, 784, 500, 837, 598, 176, 18, 475, 218, 866, 567, 606, 460, 859, 307, 319, 360, 618, 953, 689, 475, 200, 850, 268, 549, 816, 180, 605, 138, 121, 978, 676, 687, 125, 626, 605, 898, 683],
[86, 740, 275, 135, 917, 735, 861, 420, 591, 0, 659, 818, 225, 941, 264, 749, 127, 360, 330, 89, 203, 156, 99, 436, 812, 544, 366, 560, 153, 771, 908, 633, 140, 503, 922, 451, 503, 10, 138, 39, 446, 312, 707, 121, 313, 326, 886, 566, 267, 338, 471, 965, 712, 887, 245, 322, 420, 151, 895, 407, 400, 489, 664, 24, 315, 638, 412, 360, 98, 793, 329, 192, 614, 464, 834, 972, 553, 575, 276, 121, 684, 193, 711, 101, 732, 846, 895, 297, 529, 727, 698, 958, 377, 872, 797, 152, 207, 224, 767, 136, 894, 838, 416, 343, 212, 479, 501, 895, 285, 111, 332, 111, 394, 47, 125, 644, 95, 863, 88, 746, 773, 572, 537, 295, 367, 207, 19, 653, 512, 735, 548, 692, 950, 948, 625, 423, 733, 744, 795, 637, 265, 1000, 596, 506, 451, 27, 649, 881, 938, 801, 253, 101, 375, 872, 378, 294, 794, 967, 215, 312, 508, 896, 99, 980, 755, 253, 990, 586, 960, 166, 797, 817, 261, 711, 869, 496, 990, 813, 694, 879],
[338, 969, 471, 265, 689, 422, 658, 113, 567, 659, 0, 381, 756, 436, 856, 256, 901, 178, 769, 581, 769, 330, 305, 864, 32, 982, 52, 315, 968, 521, 444, 871, 478, 607, 964, 689, 711, 41, 392, 357, 209, 322, 743, 114, 485, 477, 830, 29, 261, 119, 28, 163, 140, 216, 894, 424, 570, 555, 505, 330, 534, 945, 435, 614, 360, 956, 797, 355, 557, 354, 587, 815, 347, 858, 772, 17, 520, 290, 742, 12, 794, 995, 495, 581, 111, 396, 108, 193, 973, 746, 782, 545, 953, 680, 942, 182, 913, 691, 186, 404, 59, 247, 32, 750, 462, 693, 879, 275, 158, 36, 167, 545, 679, 140, 500, 612, 71, 555, 168, 720, 342, 131, 952, 657, 709, 262, 297, 732, 498, 517, 625, 204, 678, 485, 575, 852, 250, 904, 796, 796, 695, 251, 649, 568, 462, 20, 820, 644, 887, 339, 712, 311, 221, 908, 33, 998, 868, 806, 385, 137, 730, 673, 635, 848, 475, 648, 864, 732, 46, 966, 893, 751, 272, 597, 289, 219, 468, 616, 885, 799],
[271, 495, 60, 264, 132, 889, 373, 610, 817, 818, 381, 0, 582, 729, 79, 463, 219, 148, 181, 502, 207, 543, 874, 388, 669, 838, 715, 782, 863, 668, 706, 674, 165, 593, 413, 721, 224, 237, 986, 498, 606, 537, 58, 166, 947, 486, 332, 439, 955, 488, 103, 888, 806, 445, 271, 23, 366, 12, 311, 278, 402, 192, 500, 719, 655, 318, 99, 642, 969, 185, 986, 921, 169, 369, 672, 580, 302, 971, 204, 347, 539, 441, 938, 102, 156, 27, 127, 917, 927, 850, 86, 645, 146, 219, 599, 904, 159, 523, 238, 312, 462, 833, 92, 458, 646, 973, 179, 96, 632, 71, 266, 365, 428, 979, 147, 131, 931, 76, 471, 788, 882, 332, 812, 900, 565, 480, 558, 825, 345, 100, 119, 536, 728, 825, 698, 881, 84, 894, 396, 36, 35, 829, 673, 68, 735, 1000, 859, 284, 246, 125, 81, 489, 452, 650, 722, 382, 823, 290, 526, 550, 728, 382, 341, 752, 47, 575, 356, 657, 75, 861, 170, 634, 772, 767, 624, 219, 565, 776, 921, 67],
[277, 841, 198, 486, 543, 403, 650, 969, 606, 225, 756, 582, 0, 298, 684, 405, 846, 447, 41, 424, 182, 495, 92, 416, 682, 274, 726, 834, 725, 856, 577, 896, 72, 429, 242, 981, 955, 73, 591, 465, 825, 667, 659, 286, 139, 98, 97, 267, 701, 10, 879, 426, 650, 914, 406, 148, 169, 925, 474, 299, 796, 897, 454, 212, 832, 695, 44, 697, 930, 284, 953, 495, 129, 805, 163, 660, 141, 631, 728, 643, 288, 435, 986, 178, 828, 180, 385, 901, 873, 928, 524, 480, 911, 847, 859, 231, 788, 297, 627, 841, 451, 849, 203, 140, 953, 862, 164, 748, 184, 37, 639, 646, 56, 913, 918, 991, 689, 730, 946, 670, 274, 742, 959, 156, 905, 838, 307, 414, 402, 764, 552, 176, 220, 478, 451, 690, 621, 999, 558, 921, 36, 757, 437, 45, 85, 830, 461, 729, 514, 238, 467, 502, 267, 232, 73, 756, 493, 132, 254, 823, 609, 559, 193, 42, 340, 710, 842, 84, 300, 809, 251, 489, 866, 335, 59, 356, 152, 412, 98, 897],
[274, 616, 412, 176, 733, 817, 24, 281, 497, 941, 436, 729, 298, 0, 591, 462, 63, 146, 130, 390, 759, 655, 779, 779, 326, 981, 981, 129, 634, 924, 289, 147, 781, 34, 517, 328, 973, 67, 387, 147, 176, 555, 264, 698, 614, 601, 272, 307, 113, 49, 248, 617, 378, 59, 61, 963, 388, 501, 859, 222, 30, 260, 676, 627, 526, 309, 434, 462, 773, 21, 971, 259, 498, 370, 911, 137, 518, 574, 740, 709, 969, 720, 190, 848, 732, 719, 957, 883, 105, 693, 773, 275, 577, 67, 968, 231, 106, 168, 760, 891, 568, 907, 189, 734, 460, 767, 508, 269, 498, 909, 783, 100, 462, 411, 599, 319, 722, 244, 414, 59, 43, 756, 944, 810, 307, 162, 665, 134, 630, 933, 78, 425, 94, 79, 504, 576, 156, 855, 606, 326, 364, 494, 488, 564, 955, 864, 553, 801, 474, 27, 13, 282, 106, 940, 170, 593, 769, 986, 449, 261, 511, 54, 825, 912, 550, 91, 35, 90, 256, 320, 132, 998, 344, 667, 252, 77, 122, 242, 840, 571],
[344, 88, 551, 540, 282, 361, 964, 690, 177, 264, 856, 79, 684, 591, 0, 21, 122, 304, 188, 169, 332, 148, 286, 399, 904, 84, 16, 220, 104, 131, 590, 844, 461, 561, 813, 499, 983, 419, 938, 908, 113, 956, 724, 136, 835, 347, 951, 954, 752, 68, 45, 859, 215, 661, 634, 433, 997, 567, 546, 197, 368, 960, 592, 444, 104, 851, 273, 389, 683, 98, 685, 660, 214, 715, 105, 980, 385, 216, 852, 658, 885, 329, 615, 447, 423, 403, 432, 295, 71, 980, 872, 310, 527, 474, 980, 623, 70, 761, 629, 521, 810, 228, 418, 501, 14, 403, 887, 163, 199, 274, 38, 653, 573, 21, 823, 501, 732, 242, 310, 266, 36, 579, 495, 352, 944, 447, 204, 536, 570, 754, 479, 391, 544, 307, 705, 305, 313, 793, 433, 815, 916, 266, 445, 559, 187, 450, 685, 757, 248, 518, 128, 994, 832, 779, 938, 914, 320, 722, 248, 722, 652, 230, 325, 792, 815, 267, 562, 789, 556, 818, 979, 594, 517, 537, 196, 602, 159, 398, 42, 224],
[820, 336, 388, 991, 866, 484, 527, 796, 211, 749, 256, 463, 405, 462, 21, 0, 862, 595, 744, 850, 32, 125, 271, 203, 446, 60, 120, 481, 866, 921, 636, 827, 793, 739, 389, 194, 199, 437, 632, 726, 822, 967, 138, 982, 938, 142, 862, 741, 302, 607, 89, 821, 922, 466, 539, 906, 762, 606, 901, 539, 893, 339, 962, 553, 657, 158, 579, 425, 612, 627, 283, 396, 648, 841, 630, 672, 407, 611, 187, 821, 921, 694, 280, 623, 366, 563, 244, 430, 331, 796, 413, 814, 540, 724, 402, 476, 459, 57, 646, 739, 997, 46, 52, 655, 939, 975, 759, 297, 497, 396, 784, 426, 590, 233, 432, 462, 60, 135, 276, 913, 135, 622, 858, 229, 144, 209, 147, 292, 71, 723, 747, 653, 519, 425, 949, 524, 739, 438, 41, 838, 579, 72, 964, 886, 868, 986, 218, 383, 564, 872, 679, 511, 724, 162, 654, 472, 932, 592, 395, 600, 382, 118, 335, 515, 379, 547, 931, 116, 44, 66, 825, 138, 63, 767, 485, 243, 21, 829, 854, 181],
[198, 984, 32, 80, 589, 116, 340, 897, 37, 127, 901, 219, 846, 63, 122, 862, 0, 617, 57, 110, 934, 741, 64, 668, 757, 710, 82, 813, 806, 476, 773, 207, 544, 259, 246, 551, 646, 439, 336, 562, 222, 166, 539, 441, 193, 609, 785, 592, 626, 117, 350, 418, 880, 610, 841, 325, 331, 89, 576, 935, 325, 405, 460, 227, 407, 571, 753, 606, 265, 746, 49, 190, 663, 205, 109, 645, 861, 965, 762, 582, 562, 938, 479, 738, 609, 474, 731, 664, 50, 414, 801, 694, 41, 143, 656, 350, 477, 150, 675, 28, 280, 366, 57, 357, 691, 79, 644, 739, 297, 744, 540, 574, 516, 839, 892, 446, 897, 954, 937, 398, 551, 502, 521, 429, 912, 289, 707, 63, 779, 991, 201, 646, 967, 476, 652, 651, 14, 720, 527, 990, 735, 770, 925, 621, 960, 783, 190, 404, 275, 345, 27, 995, 554, 432, 961, 635, 820, 333, 786, 762, 179, 578, 257, 503, 380, 377, 90, 66, 796, 214, 91, 846, 178, 82, 87, 51, 926, 932, 29, 981],
[344, 854, 999, 660, 451, 555, 107, 796, 634, 360, 178, 148, 447, 146, 304, 595, 617, 0, 540, 841, 710, 996, 691, 850, 482, 433, 293, 360, 815, 795, 471, 563, 351, 618, 619, 312, 643, 745, 808, 820, 364, 113, 400, 850, 736, 672, 375, 493, 193, 47, 489, 39, 354, 246, 748, 728, 663, 833, 985, 233, 501, 890, 565, 631, 13, 807, 733, 968, 728, 609, 641, 572, 595, 637, 477, 906, 85, 459, 298, 396, 531, 199, 981, 207, 407, 762, 13, 97, 797, 64, 377, 856, 370, 141, 769, 582, 826, 368, 559, 283, 683, 647, 332, 681, 538, 454, 808, 593, 136, 235, 976, 208, 390, 289, 560, 82, 106, 226, 624, 893, 791, 877, 911, 683, 317, 694, 702, 125, 235, 970, 614, 105, 144, 786, 833, 664, 387, 901, 530, 410, 569, 289, 123, 452, 169, 687, 33, 702, 834, 888, 790, 169, 499, 521, 768, 647, 358, 689, 518, 574, 400, 386, 907, 536, 202, 962, 845, 707, 265, 745, 148, 325, 387, 353, 52, 338, 68, 968, 750, 496],
[756, 776, 614, 371, 30, 32, 610, 921, 179, 330, 769, 181, 41, 130, 188, 744, 57, 540, 0, 918, 824, 566, 176, 292, 759, 581, 891, 972, 392, 917, 393, 31, 47, 302, 83, 189, 634, 210, 651, 460, 383, 353, 220, 690, 773, 980, 784, 133, 659, 893, 71, 283, 598, 580, 247, 254, 924, 846, 814, 898, 194, 834, 989, 599, 834, 246, 498, 964, 284, 579, 149, 17, 993, 521, 347, 400, 320, 768, 210, 175, 808, 695, 773, 736, 548, 448, 935, 592, 854, 839, 398, 920, 856, 800, 615, 11, 262, 186, 412, 991, 218, 13, 652, 852, 852, 486, 90, 263, 86, 681, 277, 887, 572, 737, 321, 150, 692, 445, 540, 106, 531, 767, 451, 127, 339, 228, 281, 16, 272, 73, 900, 824, 830, 556, 116, 242, 333, 487, 789, 312, 364, 405, 566, 855, 543, 571, 953, 99, 984, 683, 374, 542, 951, 46, 806, 910, 574, 655, 89, 149, 295, 337, 549, 771, 945, 771, 696, 654, 972, 588, 957, 894, 662, 838, 266, 254, 25, 79, 480, 109],
[241, 722, 89, 604, 369, 112, 687, 385, 963, 89, 581, 502, 424, 390, 169, 850, 110, 841, 918, 0, 885, 852, 99, 831, 967, 418, 531, 354, 536, 33, 285, 26, 992, 995, 840, 291, 628, 636, 68, 884, 954, 559, 56, 190, 160, 894, 356, 869, 120, 916, 250, 20, 776, 69, 105, 369, 282, 684, 300, 836, 403, 906, 997, 877, 698, 936, 31, 454, 427, 765, 181, 591, 200, 532, 849, 868, 463, 871, 143, 152, 364, 501, 880, 629, 202, 198, 800, 872, 854, 773, 377, 793, 673, 284, 30, 810, 628, 93, 89, 119, 164, 241, 24, 717, 730, 492, 987, 843, 704, 175, 623, 419, 261, 735, 141, 478, 636, 488, 897, 14, 90, 129, 454, 908, 840, 751, 280, 470, 529, 174, 389, 906, 265, 508, 459, 339, 473, 69, 144, 131, 86, 81, 935, 31, 870, 820, 318, 531, 885, 133, 537, 538, 247, 733, 742, 504, 392, 575, 564, 396, 884, 747, 827, 703, 546, 996, 340, 874, 578, 769, 374, 129, 644, 321, 211, 995, 888, 108, 461, 673],
[604, 156, 979, 446, 275, 152, 548, 28, 267, 203, 769, 207, 182, 759, 332, 32, 934, 710, 824, 885, 0, 108, 67, 95, 917, 548, 729, 444, 515, 628, 596, 717, 211, 717, 444, 117, 1000, 784, 531, 664, 104, 315, 716, 567, 15, 345, 350, 739, 308, 32, 191, 545, 350, 425, 178, 725, 155, 465, 986, 386, 337, 255, 425, 647, 565, 409, 247, 434, 437, 623, 183, 71, 100, 641, 987, 127, 500, 555, 859, 504, 426, 348, 192, 645, 290, 998, 26, 367, 937, 796, 68, 512, 90, 291, 642, 988, 327, 290, 451, 175, 163, 626, 93, 593, 320, 28, 551, 899, 940, 937, 881, 620, 870, 336, 854, 721, 970, 535, 694, 795, 916, 945, 182, 148, 636, 886, 156, 188, 490, 767, 486, 202, 806, 882, 116, 126, 147, 296, 916, 509, 570, 298, 856, 226, 461, 563, 997, 394, 654, 512, 985, 660, 523, 237, 91, 723, 159, 410, 694, 40, 274, 618, 478, 680, 902, 311, 664, 443, 684, 559, 431, 103, 755, 255, 16, 242, 899, 313, 97, 265],
[806, 953, 191, 721, 296, 403, 575, 219, 376, 156, 330, 543, 495, 655, 148, 125, 741, 996, 566, 852, 108, 0, 719, 406, 937, 623, 726, 464, 556, 708, 256, 919, 890, 590, 778, 695, 279, 473, 278, 164, 469, 817, 264, 63, 54, 623, 670, 783, 412, 893, 269, 439, 145, 571, 712, 20, 47, 684, 331, 683, 32, 942, 831, 666, 45, 327, 688, 55, 783, 1000, 799, 698, 113, 430, 631, 696, 644, 466, 534, 327, 98, 215, 800, 252, 941, 951, 595, 339, 350, 26, 138, 841, 601, 141, 57, 189, 181, 489, 486, 985, 239, 831, 29, 153, 964, 759, 726, 948, 914, 479, 245, 550, 154, 128, 429, 658, 849, 329, 974, 487, 808, 12, 964, 932, 608, 914, 956, 462, 678, 277, 412, 150, 785, 834, 999, 118, 333, 408, 271, 340, 660, 724, 535, 235, 985, 522, 755, 129, 421, 189, 654, 114, 549, 712, 209, 387, 263, 509, 567, 991, 638, 610, 32, 315, 324, 956, 467, 166, 798, 630, 118, 810, 964, 632, 589, 104, 768, 160, 781, 141],
[219, 587, 766, 218, 167, 126, 408, 41, 400, 99, 305, 874, 92, 779, 286, 271, 64, 691, 176, 99, 67, 719, 0, 425, 355, 787, 889, 34, 563, 583, 702, 235, 553, 336, 691, 832, 911, 629, 648, 560, 905, 38, 947, 363, 824, 134, 206, 202, 192, 593, 257, 481, 156, 944, 958, 60, 810, 181, 43, 222, 191, 524, 11, 519, 338, 119, 280, 685, 15, 576, 989, 840, 565, 846, 957, 788, 12, 565, 663, 660, 793, 353, 999, 549, 436, 127, 446, 397, 720, 302, 352, 398, 685, 781, 202, 258, 566, 709, 409, 888, 448, 929, 306, 262, 606, 389, 924, 382, 497, 583, 29, 125, 369, 581, 765, 972, 315, 373, 313, 427, 311, 469, 460, 791, 473, 513, 83, 598, 265, 205, 837, 241, 946, 677, 648, 109, 565, 597, 598, 350, 428, 710, 403, 762, 872, 835, 457, 974, 723, 183, 977, 269, 609, 173, 660, 765, 860, 11, 568, 96, 304, 89, 381, 625, 888, 863, 496, 247, 996, 474, 680, 962, 526, 776, 956, 43, 995, 880, 645, 189],
[246, 186, 366, 303, 507, 326, 38, 534, 482, 436, 864, 388, 416, 779, 399, 203, 668, 850, 292, 831, 95, 406, 425, 0, 45, 88, 119, 895, 14, 365, 879, 772, 327, 341, 902, 389, 695, 226, 213, 638, 71, 755, 334, 608, 974, 704, 442, 560, 780, 310, 695, 104, 479, 531, 11, 481, 174, 917, 812, 408, 552, 529, 988, 513, 320, 928, 880, 931, 369, 563, 294, 575, 525, 664, 23, 131, 647, 431, 647, 153, 892, 819, 467, 683, 353, 772, 434, 804, 468, 291, 754, 583, 214, 270, 768, 661, 195, 169, 724, 312, 98, 880, 296, 164, 486, 662, 964, 634, 757, 578, 945, 948, 30, 517, 974, 805, 439, 540, 535, 215, 211, 763, 617, 717, 199, 44, 490, 771, 990, 129, 81, 444, 723, 908, 727, 321, 578, 308, 220, 812, 348, 67, 470, 821, 579, 498, 570, 253, 274, 76, 245, 406, 990, 482, 980, 515, 16, 514, 695, 574, 426, 56, 976, 837, 778, 957, 908, 187, 127, 304, 58, 957, 47, 144, 355, 918, 91, 421, 304, 750],
[167, 240, 190, 416, 421, 759, 757, 817, 258, 812, 32, 669, 682, 326, 904, 446, 757, 482, 759, 967, 917, 937, 355, 45, 0, 267, 801, 667, 813, 239, 398, 795, 967, 305, 294, 99, 212, 769, 762, 545, 547, 788, 280, 890, 671, 641, 888, 830, 445, 338, 17, 29, 623, 463, 427, 709, 665, 117, 773, 653, 460, 952, 284, 888, 783, 192, 193, 699, 662, 255, 830, 281, 374, 188, 910, 478, 900, 199, 917, 748, 374, 170, 274, 85, 737, 991, 801, 207, 130, 221, 853, 82, 182, 269, 608, 708, 463, 33, 844, 899, 992, 659, 155, 30, 229, 192, 173, 250, 310, 970, 608, 209, 737, 654, 375, 543, 23, 264, 655, 130, 270, 811, 480, 348, 163, 539, 984, 24, 304, 977, 982, 584, 823, 669, 814, 570, 663, 563, 932, 532, 41, 608, 649, 792, 750, 502, 897, 32, 259, 739, 179, 117, 454, 462, 333, 640, 603, 204, 736, 956, 150, 35, 39, 459, 321, 472, 203, 129, 793, 33, 428, 290, 692, 107, 962, 930, 25, 632, 568, 663],
[632, 545, 779, 192, 292, 141, 242, 270, 163, 544, 982, 838, 274, 981, 84, 60, 710, 433, 581, 418, 548, 623, 787, 88, 267, 0, 339, 804, 683, 971, 746, 937, 300, 897, 403, 688, 38, 848, 545, 221, 837, 563, 827, 787, 818, 128, 515, 705, 28, 83, 346, 666, 208, 439, 304, 28, 663, 342, 828, 523, 807, 676, 782, 318, 183, 776, 841, 453, 692, 636, 616, 652, 719, 798, 547, 95, 106, 492, 687, 501, 414, 557, 886, 640, 600, 184, 13, 884, 62, 39, 411, 405, 487, 618, 373, 992, 197, 526, 245, 735, 303, 95, 513, 979, 202, 41, 434, 531, 108, 611, 941, 669, 14, 873, 958, 494, 268, 666, 777, 882, 873, 192, 572, 508, 172, 793, 459, 408, 374, 596, 40, 748, 273, 581, 144, 769, 514, 353, 926, 549, 174, 462, 331, 187, 842, 473, 669, 496, 543, 644, 421, 968, 442, 371, 461, 750, 844, 442, 822, 766, 801, 845, 661, 977, 26, 617, 249, 418, 130, 629, 515, 550, 188, 16, 545, 732, 37, 479, 489, 297],
[834, 82, 221, 729, 53, 251, 927, 779, 238, 366, 52, 715, 726, 981, 16, 120, 82, 293, 891, 531, 729, 726, 889, 119, 801, 339, 0, 622, 373, 810, 193, 48, 320, 44, 231, 746, 510, 46, 518, 770, 377, 143, 106, 536, 506, 892, 901, 344, 17, 324, 275, 125, 609, 423, 317, 205, 540, 774, 164, 46, 21, 598, 503, 344, 474, 139, 412, 331, 470, 146, 891, 190, 221, 284, 77, 462, 739, 591, 714, 891, 460, 831, 567, 776, 623, 723, 489, 428, 862, 346, 174, 70, 533, 215, 403, 215, 786, 381, 763, 700, 16, 491, 672, 23, 773, 879, 411, 223, 441, 637, 183, 455, 551, 258, 677, 941, 456, 992, 845, 811, 494, 945, 413, 495, 400, 511, 515, 169, 89, 674, 420, 567, 89, 301, 624, 992, 701, 297, 774, 308, 116, 135, 838, 37, 720, 587, 704, 988, 255, 55, 214, 846, 428, 82, 980, 65, 443, 66, 470, 633, 646, 498, 406, 311, 807, 919, 417, 724, 494, 95, 213, 916, 543, 324, 800, 274, 193, 291, 502, 370],
[723, 28, 849, 226, 515, 43, 972, 351, 845, 560, 315, 782, 834, 129, 220, 481, 813, 360, 972, 354, 444, 464, 34, 895, 667, 804, 622, 0, 609, 248, 478, 281, 930, 590, 276, 961, 353, 10, 307, 874, 808, 504, 494, 16, 938, 648, 224, 202, 266, 629, 777, 414, 893, 836, 270, 961, 715, 964, 324, 455, 110, 221, 654, 99, 121, 737, 617, 266, 874, 867, 332, 799, 927, 28, 696, 646, 463, 727, 619, 809, 519, 700, 363, 16, 271, 498, 606, 89, 493, 463, 270, 279, 989, 785, 293, 298, 509, 262, 768, 821, 881, 483, 473, 784, 152, 190, 49, 705, 655, 583, 309, 263, 185, 550, 446, 60, 201, 911, 272, 706, 634, 926, 866, 101, 569, 259, 569, 329, 517, 35, 869, 670, 991, 275, 721, 263, 152, 861, 869, 87, 282, 253, 238, 638, 120, 544, 543, 94, 306, 453, 377, 624, 358, 665, 629, 85, 50, 92, 997, 468, 421, 137, 949, 506, 150, 337, 693, 14, 296, 365, 695, 591, 237, 175, 447, 14, 102, 850, 138, 218],
[802, 493, 437, 101, 122, 596, 929, 344, 611, 153, 968, 863, 725, 634, 104, 866, 806, 815, 392, 536, 515, 556, 563, 14, 813, 683, 373, 609, 0, 503, 55, 471, 491, 933, 525, 325, 658, 175, 424, 212, 654, 868, 829, 730, 846, 46, 311, 90, 393, 164, 873, 286, 568, 352, 221, 125, 906, 88, 139, 824, 63, 964, 155, 322, 830, 166, 288, 423, 457, 828, 28, 44, 627, 466, 250, 355, 916, 684, 933, 900, 315, 754, 489, 20, 501, 765, 889, 562, 445, 787, 849, 317, 941, 585, 497, 588, 935, 716, 746, 826, 186, 719, 62, 890, 438, 551, 857, 766, 769, 843, 285, 178, 189, 177, 709, 967, 782, 47, 628, 929, 21, 102, 118, 267, 92, 536, 28, 934, 50, 998, 858, 549, 538, 164, 546, 917, 184, 187, 259, 740, 259, 370, 477, 855, 614, 115, 828, 810, 141, 206, 256, 584, 679, 274, 621, 446, 839, 597, 900, 833, 832, 753, 684, 932, 333, 492, 247, 760, 301, 458, 860, 698, 734, 273, 924, 130, 872, 715, 623, 975],
[80, 80, 172, 980, 557, 143, 812, 975, 347, 771, 521, 668, 856, 924, 131, 921, 476, 795, 917, 33, 628, 708, 583, 365, 239, 971, 810, 248, 503, 0, 795, 581, 293, 782, 703, 535, 564, 898, 17, 752, 716, 427, 971, 445, 110, 118, 942, 861, 787, 531, 55, 102, 511, 221, 999, 727, 596, 992, 363, 262, 627, 846, 345, 134, 516, 679, 553, 642, 729, 286, 594, 388, 664, 920, 48, 67, 211, 153, 40, 378, 298, 423, 824, 641, 411, 650, 467, 263, 893, 792, 448, 601, 203, 814, 370, 824, 478, 167, 997, 930, 572, 100, 248, 527, 579, 280, 78, 219, 349, 518, 50, 579, 508, 525, 456, 863, 46, 154, 536, 510, 628, 93, 146, 486, 975, 36, 20, 55, 745, 401, 61, 14, 51, 312, 199, 806, 549, 869, 330, 930, 584, 245, 70, 53, 132, 417, 959, 892, 48, 896, 45, 858, 567, 219, 222, 841, 525, 980, 363, 34, 898, 185, 978, 227, 843, 120, 501, 966, 647, 981, 79, 903, 361, 517, 90, 858, 920, 821, 183, 972],
[336, 762, 429, 326, 378, 122, 13, 590, 817, 908, 444, 706, 577, 289, 590, 636, 773, 471, 393, 285, 596, 256, 702, 879, 398, 746, 193, 478, 55, 795, 0, 418, 428, 1000, 835, 531, 905, 465, 700, 59, 841, 964, 115, 325, 635, 819, 178, 144, 712, 837, 23, 554, 40, 564, 433, 809, 52, 868, 173, 587, 714, 30, 929, 161, 762, 978, 724, 865, 615, 357, 246, 252, 899, 747, 474, 243, 925, 271, 891, 56, 739, 228, 204, 986, 974, 36, 164, 876, 662, 260, 180, 388, 519, 380, 106, 562, 761, 779, 716, 536, 188, 645, 651, 643, 580, 727, 494, 82, 522, 997, 252, 941, 894, 493, 446, 969, 164, 102, 731, 19, 513, 852, 64, 229, 770, 696, 768, 160, 500, 368, 501, 686, 225, 194, 757, 595, 753, 323, 189, 648, 459, 737, 211, 984, 804, 958, 602, 426, 818, 157, 613, 939, 512, 999, 455, 523, 285, 273, 157, 979, 312, 810, 458, 453, 829, 266, 657, 218, 780, 868, 603, 126, 79, 1000, 366, 906, 677, 123, 587, 889],
[821, 85, 102, 134, 718, 103, 68, 194, 707, 633, 871, 674, 896, 147, 844, 827, 207, 563, 31, 26, 717, 919, 235, 772, 795, 937, 48, 281, 471, 581, 418, 0, 318, 718, 269, 885, 949, 272, 378, 206, 882, 118, 409, 743, 87, 568, 843, 491, 547, 880, 582, 904, 751, 32, 730, 400, 272, 579, 651, 727, 840, 451, 448, 998, 569, 555, 431, 256, 974, 452, 324, 351, 98, 34, 570, 577, 160, 390, 522, 694, 689, 590, 647, 132, 53, 562, 42, 728, 275, 641, 701, 277, 605, 113, 234, 30, 449, 818, 620, 305, 263, 10, 477, 172, 903, 836, 966, 647, 456, 261, 538, 217, 736, 768, 660, 139, 143, 415, 542, 406, 239, 193, 395, 296, 719, 598, 186, 523, 278, 647, 174, 276, 808, 474, 945, 913, 499, 567, 622, 497, 503, 759, 334, 875, 305, 67, 338, 398, 648, 424, 809, 661, 589, 379, 661, 680, 503, 885, 179, 12, 244, 700, 555, 813, 80, 365, 815, 100, 919, 563, 84, 315, 137, 856, 748, 752, 608, 97, 609, 499],
[218, 624, 964, 140, 712, 877, 448, 223, 853, 140, 478, 165, 72, 781, 461, 793, 544, 351, 47, 992, 211, 890, 553, 327, 967, 300, 320, 930, 491, 293, 428, 318, 0, 282, 59, 148, 306, 402, 321, 70, 926, 229, 761, 385, 710, 581, 884, 576, 403, 947, 496, 924, 616, 601, 184, 461, 245, 128, 183, 653, 815, 752, 239, 356, 414, 618, 91, 152, 141, 503, 490, 625, 564, 300, 668, 293, 529, 673, 437, 677, 189, 754, 625, 928, 686, 49, 569, 413, 822, 754, 707, 237, 607, 286, 365, 132, 209, 107, 250, 683, 772, 893, 856, 366, 767, 406, 889, 407, 58, 219, 103, 822, 738, 913, 314, 453, 997, 682, 183, 653, 745, 178, 994, 284, 588, 758, 500, 155, 368, 285, 542, 309, 416, 408, 39, 733, 920, 288, 268, 387, 486, 418, 382, 310, 99, 79, 782, 213, 24, 737, 724, 976, 293, 359, 709, 712, 764, 806, 360, 255, 288, 507, 186, 946, 164, 376, 157, 443, 610, 415, 866, 527, 415, 325, 84, 791, 922, 438, 44, 760],
[714, 400, 153, 746, 667, 555, 982, 510, 668, 503, 607, 593, 429, 34, 561, 739, 259, 618, 302, 995, 717, 590, 336, 341, 305, 897, 44, 590, 933, 782, 1000, 718, 282, 0, 828, 71, 209, 558, 450, 950, 922, 911, 683, 596, 737, 572, 255, 818, 933, 444, 714, 377, 384, 899, 600, 644, 431, 101, 414, 493, 132, 680, 786, 113, 368, 781, 544, 906, 659, 316, 463, 18, 285, 469, 522, 763, 563, 731, 675, 724, 58, 200, 82, 349, 412, 50, 898, 319, 323, 444, 532, 557, 424, 446, 323, 906, 996, 933, 759, 13, 206, 374, 522, 558, 203, 818, 148, 690, 903, 872, 400, 389, 389, 38, 205, 692, 687, 332, 217, 243, 253, 569, 673, 570, 814, 274, 263, 922, 687, 39, 125, 116, 892, 179, 535, 319, 267, 889, 909, 441, 157, 235, 806, 444, 157, 313, 753, 917, 722, 299, 114, 665, 633, 787, 613, 448, 679, 124, 978, 496, 128, 794, 373, 107, 501, 540, 225, 170, 642, 322, 21, 239, 379, 593, 717, 161, 369, 800, 692, 595],
[616, 195, 78, 238, 824, 885, 353, 625, 219, 922, 964, 413, 242, 517, 813, 389, 246, 619, 83, 840, 444, 778, 691, 902, 294, 403, 231, 276, 525, 703, 835, 269, 59, 828, 0, 963, 588, 311, 947, 242, 429, 131, 570, 774, 517, 669, 136, 581, 362, 225, 533, 819, 150, 357, 401, 368, 837, 126, 779, 40, 289, 771, 27, 265, 210, 661, 576, 964, 88, 119, 161, 538, 998, 957, 256, 224, 691, 954, 69, 407, 326, 425, 984, 896, 131, 847, 201, 840, 332, 927, 582, 656, 412, 940, 118, 414, 769, 237, 149, 134, 357, 127, 13, 576, 694, 294, 949, 96, 209, 772, 53, 143, 394, 225, 712, 684, 710, 241, 404, 796, 32, 336, 575, 96, 213, 650, 624, 157, 83, 647, 564, 293, 143, 562, 99, 584, 441, 931, 890, 170, 343, 663, 519, 230, 328, 512, 752, 69, 96, 173, 453, 292, 417, 268, 206, 47, 425, 901, 98, 48, 949, 163, 940, 994, 345, 158, 573, 10, 411, 973, 274, 281, 668, 246, 984, 873, 137, 722, 320, 225],
[983, 498, 778, 693, 202, 959, 273, 214, 300, 451, 689, 721, 981, 328, 499, 194, 551, 312, 189, 291, 117, 695, 832, 389, 99, 688, 746, 961, 325, 535, 531, 885, 148, 71, 963, 0, 380, 488, 525, 525, 221, 15, 528, 244, 628, 110, 39, 99, 50, 26, 56, 666, 686, 889, 810, 608, 369, 721, 370, 785, 592, 362, 863, 47, 873, 931, 697, 265, 403, 399, 536, 175, 711, 171, 215, 319, 156, 304, 508, 442, 288, 779, 13, 765, 137, 748, 850, 970, 157, 718, 752, 742, 853, 518, 378, 599, 374, 933, 958, 105, 498, 131, 278, 591, 629, 524, 895, 971, 665, 998, 821, 266, 252, 557, 383, 472, 169, 755, 553, 64, 53, 629, 976, 384, 449, 684, 442, 593, 936, 808, 84, 777, 905, 501, 790, 585, 743, 37, 436, 592, 215, 673, 114, 926, 986, 719, 583, 539, 46, 241, 279, 758, 630, 320, 654, 399, 633, 250, 772, 350, 89, 857, 37, 885, 835, 248, 458, 405, 285, 38, 275, 296, 115, 550, 927, 768, 526, 433, 229, 124],
[475, 990, 235, 336, 572, 865, 168, 652, 972, 503, 711, 224, 955, 973, 983, 199, 646, 643, 634, 628, 1000, 279, 911, 695, 212, 38, 510, 353, 658, 564, 905, 949, 306, 209, 588, 380, 0, 603, 979, 391, 737, 825, 419, 390, 331, 579, 116, 42, 849, 128, 880, 254, 468, 784, 472, 631, 711, 155, 36, 297, 883, 915, 752, 681, 724, 807, 59, 23, 731, 633, 668, 128, 711, 939, 687, 155, 305, 20, 58, 983, 839, 120, 427, 886, 300, 102, 663, 390, 183, 368, 248, 464, 425, 73, 365, 281, 132, 467, 314, 232, 364, 529, 263, 714, 855, 666, 211, 754, 627, 864, 951, 557, 637, 468, 939, 402, 530, 434, 377, 944, 451, 926, 197, 790, 135, 68, 753, 314, 57, 810, 784, 338, 821, 699, 367, 39, 41, 917, 217, 18, 583, 110, 24, 124, 14, 244, 686, 446, 574, 290, 905, 875, 720, 814, 925, 579, 822, 938, 735, 170, 430, 169, 955, 126, 817, 173, 770, 190, 684, 999, 45, 253, 526, 609, 126, 29, 306, 142, 118, 188],
[431, 513, 287, 681, 802, 686, 643, 762, 409, 10, 41, 237, 73, 67, 419, 437, 439, 745, 210, 636, 784, 473, 629, 226, 769, 848, 46, 10, 175, 898, 465, 272, 402, 558, 311, 488, 603, 0, 914, 32, 738, 296, 696, 255, 133, 822, 920, 990, 253, 930, 44, 722, 205, 928, 37, 528, 792, 382, 481, 528, 996, 273, 24, 643, 592, 27, 534, 737, 149, 404, 734, 718, 54, 130, 572, 915, 462, 783, 552, 711, 112, 804, 228, 561, 765, 671, 594, 811, 331, 175, 876, 50, 29, 225, 540, 811, 125, 795, 581, 465, 301, 209, 842, 809, 811, 386, 73, 603, 108, 239, 287, 155, 512, 200, 471, 725, 446, 979, 83, 561, 768, 974, 844, 787, 71, 870, 52, 707, 673, 63, 456, 971, 780, 469, 418, 791, 554, 131, 442, 292, 41, 55, 481, 453, 256, 425, 813, 215, 611, 993, 172, 829, 512, 119, 355, 69, 977, 679, 786, 724, 944, 218, 983, 461, 699, 561, 519, 52, 731, 336, 742, 690, 336, 974, 424, 373, 873, 799, 185, 417],
[721, 936, 664, 688, 564, 838, 981, 672, 288, 138, 392, 986, 591, 387, 938, 632, 336, 808, 651, 68, 531, 278, 648, 213, 762, 545, 518, 307, 424, 17, 700, 378, 321, 450, 947, 525, 979, 914, 0, 713, 775, 288, 235, 810, 928, 999, 777, 119, 567, 84, 333, 732, 233, 134, 131, 969, 823, 146, 218, 79, 802, 135, 72, 286, 626, 915, 758, 120, 139, 622, 943, 980, 699, 974, 623, 478, 256, 777, 744, 583, 643, 833, 983, 161, 532, 573, 233, 286, 851, 929, 591, 540, 494, 170, 577, 861, 452, 949, 265, 466, 434, 642, 102, 891, 29, 841, 145, 218, 673, 975, 263, 590, 342, 749, 780, 476, 948, 424, 577, 548, 121, 472, 745, 312, 26, 859, 551, 334, 794, 830, 122, 621, 459, 170, 76, 83, 734, 934, 484, 839, 857, 664, 370, 681, 986, 66, 288, 109, 746, 245, 271, 441, 639, 208, 537, 754, 366, 633, 351, 987, 416, 435, 604, 638, 225, 708, 154, 943, 83, 114, 444, 221, 886, 652, 337, 874, 96, 911, 935, 624],
[538, 695, 96, 426, 47, 611, 619, 659, 630, 39, 357, 498, 465, 147, 908, 726, 562, 820, 460, 884, 664, 164, 560, 638, 545, 221, 770, 874, 212, 752, 59, 206, 70, 950, 242, 525, 391, 32, 713, 0, 236, 998, 512, 95, 534, 505, 544, 772, 347, 943, 456, 452, 700, 920, 523, 799, 497, 577, 449, 692, 436, 515, 696, 856, 574, 887, 278, 791, 899, 656, 39, 180, 243, 59, 45, 785, 485, 891, 436, 185, 23, 428, 264, 216, 697, 152, 263, 975, 688, 647, 622, 566, 812, 429, 557, 476, 998, 497, 898, 395, 231, 584, 125, 322, 918, 371, 647, 899, 229, 751, 21, 10, 596, 404, 889, 875, 505, 531, 977, 262, 385, 380, 791, 115, 584, 998, 564, 131, 497, 393, 745, 787, 296, 548, 979, 132, 980, 921, 868, 494, 922, 612, 820, 247, 531, 211, 904, 703, 166, 958, 289, 547, 539, 389, 712, 310, 385, 874, 890, 951, 394, 715, 776, 851, 617, 657, 533, 232, 607, 631, 770, 170, 553, 207, 894, 125, 558, 894, 341, 401],
[852, 230, 940, 193, 435, 342, 268, 638, 112, 446, 209, 606, 825, 176, 113, 822, 222, 364, 383, 954, 104, 469, 905, 71, 547, 837, 377, 808, 654, 716, 841, 882, 926, 922, 429, 221, 737, 738, 775, 236, 0, 177, 171, 608, 421, 716, 104, 505, 419, 563, 735, 495, 555, 348, 88, 536, 424, 417, 349, 866, 677, 70, 459, 465, 748, 206, 675, 954, 154, 142, 195, 872, 885, 369, 54, 493, 428, 517, 717, 70, 273, 524, 430, 324, 836, 255, 758, 890, 718, 786, 852, 772, 47, 686, 183, 296, 326, 629, 171, 231, 341, 714, 323, 937, 332, 139, 374, 406, 282, 397, 281, 265, 893, 462, 586, 156, 712, 472, 232, 240, 405, 387, 983, 503, 617, 523, 281, 140, 263, 203, 347, 16, 654, 703, 840, 116, 553, 381, 558, 389, 542, 913, 643, 455, 252, 722, 909, 239, 346, 34, 409, 502, 658, 451, 255, 596, 958, 913, 504, 852, 525, 244, 15, 441, 166, 592, 805, 435, 301, 183, 148, 469, 449, 135, 812, 186, 499, 745, 238, 99],
[603, 184, 897, 976, 506, 386, 145, 154, 138, 312, 322, 537, 667, 555, 956, 967, 166, 113, 353, 559, 315, 817, 38, 755, 788, 563, 143, 504, 868, 427, 964, 118, 229, 911, 131, 15, 825, 296, 288, 998, 177, 0, 209, 524, 638, 365, 410, 29, 227, 92, 42, 22, 938, 941, 610, 537, 108, 901, 490, 681, 699, 612, 551, 74, 261, 487, 878, 776, 839, 489, 666, 979, 17, 252, 155, 90, 671, 965, 402, 381, 289, 274, 204, 897, 470, 392, 245, 793, 594, 739, 518, 470, 620, 677, 899, 304, 892, 135, 412, 912, 117, 879, 734, 352, 417, 740, 801, 655, 729, 259, 569, 205, 703, 83, 663, 568, 401, 597, 799, 999, 788, 200, 596, 344, 312, 401, 550, 762, 360, 702, 693, 835, 436, 874, 733, 254, 69, 252, 87, 411, 519, 907, 308, 537, 804, 425, 581, 82, 200, 142, 385, 817, 192, 497, 352, 957, 707, 830, 964, 727, 326, 758, 925, 648, 813, 419, 209, 230, 933, 737, 264, 334, 556, 543, 172, 203, 20, 873, 340, 123],
[773, 530, 691, 374, 36, 193, 227, 72, 225, 707, 743, 58, 659, 264, 724, 138, 539, 400, 220, 56, 716, 264, 947, 334, 280, 827, 106, 494, 829, 971, 115, 409, 761, 683, 570, 528, 419, 696, 235, 512, 171, 209, 0, 636, 822, 570, 626, 37, 718, 521, 432, 991, 935, 509, 51, 909, 617, 959, 746, 122, 967, 394, 58, 959, 731, 493, 452, 88, 814, 592, 971, 810, 141, 287, 165, 89, 959, 952, 692, 138, 292, 268, 928, 173, 976, 782, 743, 935, 363, 922, 184, 819, 91, 511, 492, 804, 806, 231, 781, 483, 396, 309, 592, 227, 34, 852, 439, 173, 782, 312, 423, 976, 185, 469, 698, 653, 720, 666, 40, 587, 431, 885, 359, 320, 724, 680, 376, 89, 79, 11, 157, 72, 559, 326, 854, 220, 185, 699, 746, 364, 520, 903, 308, 120, 13, 955, 143, 339, 483, 150, 222, 584, 923, 663, 626, 528, 401, 853, 101, 186, 259, 784, 468, 476, 772, 873, 791, 900, 42, 37, 95, 491, 179, 172, 276, 51, 702, 940, 248, 200],
[700, 546, 102, 761, 471, 863, 787, 741, 954, 121, 114, 166, 286, 698, 136, 982, 441, 850, 690, 190, 567, 63, 363, 608, 890, 787, 536, 16, 730, 445, 325, 743, 385, 596, 774, 244, 390, 255, 810, 95, 608, 524, 636, 0, 231, 41, 144, 528, 590, 391, 682, 356, 943, 942, 567, 449, 685, 404, 814, 837, 377, 514, 538, 128, 428, 766, 247, 922, 519, 676, 829, 463, 173, 682, 762, 493, 879, 103, 147, 197, 221, 143, 250, 68, 390, 555, 907, 656, 461, 436, 438, 94, 297, 491, 942, 68, 268, 794, 673, 399, 788, 69, 819, 363, 111, 44, 719, 227, 706, 23, 43, 192, 523, 771, 49, 808, 810, 415, 156, 614, 642, 402, 100, 763, 180, 701, 714, 284, 102, 609, 696, 166, 603, 357, 95, 124, 605, 99, 440, 657, 883, 741, 447, 33, 645, 14, 920, 397, 29, 853, 408, 296, 16, 989, 686, 322, 105, 361, 636, 973, 323, 52, 337, 179, 993, 362, 843, 162, 132, 92, 517, 553, 33, 44, 517, 377, 161, 899, 308, 167],
[801, 540, 590, 744, 958, 349, 538, 291, 133, 313, 485, 947, 139, 614, 835, 938, 193, 736, 773, 160, 15, 54, 824, 974, 671, 818, 506, 938, 846, 110, 635, 87, 710, 737, 517, 628, 331, 133, 928, 534, 421, 638, 822, 231, 0, 250, 577, 916, 849, 949, 491, 736, 945, 705, 119, 523, 819, 863, 75, 378, 839, 553, 893, 244, 246, 67, 707, 748, 172, 652, 288, 833, 640, 223, 831, 200, 815, 691, 61, 266, 822, 255, 78, 133, 983, 194, 109, 192, 353, 532, 38, 453, 234, 106, 991, 652, 418, 755, 788, 837, 594, 213, 889, 265, 814, 747, 978, 548, 191, 102, 299, 989, 262, 594, 364, 915, 473, 998, 844, 756, 306, 917, 942, 262, 620, 772, 77, 750, 205, 10, 536, 736, 73, 285, 933, 53, 578, 164, 792, 241, 67, 460, 712, 108, 956, 839, 527, 744, 803, 973, 735, 662, 597, 222, 135, 143, 251, 640, 183, 324, 148, 50, 828, 192, 816, 772, 65, 488, 494, 234, 872, 743, 294, 906, 325, 950, 883, 687, 648, 802],
