[0, 661, 933, 414, 90, 372, 973, 584, 440, 58, 884, 22, 788, 687, 865, 859, 988, 516, 164, 444, 936, 81, 344, 92, 779, 881, 185, 118, 801, 537, 459, 333, 423, 734, 935, 114, 935, 891, 766, 161, 862, 593, 800, 763, 649, 580, 589, 485, 328, 926, 431, 90, 504, 228, 742, 109, 889, 834, 828, 211, 554, 526, 601, 214, 69, 676, 977, 640, 130, 664, 469, 727, 174, 802, 557, 467, 166, 367, 712, 968, 196, 731, 574, 568, 277, 601, 329, 46, 110, 77, 844, 109, 402, 438, 255, 464, 538, 306, 996, 364]
[661, 0, 155, 183, 713, 291, 707, 542, 632, 304, 404, 873, 116, 269, 895, 917, 450, 248, 470, 177, 792, 133, 866, 725, 215, 526, 59, 859, 367, 812, 583, 986, 287, 409, 745, 264, 261, 485, 770, 389, 740, 527, 222, 582, 502, 127, 863, 695, 271, 438, 355, 507, 402, 303, 724, 674, 185, 79, 743, 279, 707, 213, 449, 377, 94, 852, 732, 677, 336, 486, 149, 117, 864, 336, 642, 695, 767, 645, 771, 457, 354, 850, 91, 528, 545, 312, 213, 871, 62, 678, 797, 337, 666, 672, 859, 585, 722, 330, 364, 626]
[933, 155, 0, 696, 277, 213, 88, 402, 809, 111, 539, 770, 909, 688, 743, 748, 481, 576, 635, 138, 697, 938, 196, 948, 534, 136, 311, 504, 546, 411, 195, 844, 885, 423, 461, 145, 312, 563, 86, 107, 809, 799, 640, 736, 125, 910, 932, 116, 889, 72, 308, 610, 567, 283, 965, 921, 907, 801, 373, 499, 623, 207, 809, 650, 785, 932, 193, 686, 719, 584, 226, 996, 343, 951, 83, 227, 755, 596, 807, 884, 863, 266, 525, 351, 814, 392, 321, 504, 331, 252, 839, 34, 56, 215, 381, 919, 527, 892, 481, 864]
[414, 183, 696, 0, 469, 717, 775, 357, 523, 524, 58, 743, 582, 339, 692, 961, 649, 794, 528, 567, 250, 560, 777, 219, 760, 103, 381, 155, 717, 654, 766, 502, 818, 171, 975, 967, 653, 626, 521, 135, 429, 187, 535, 731, 261, 818, 906, 799, 38, 569, 170, 365, 551, 813, 458, 697, 421, 370, 450, 256, 127, 252, 761, 468, 607, 123, 299, 106, 164, 876, 144, 488, 291, 251, 80, 615, 33, 695, 906, 497, 920, 743, 59, 964, 212, 614, 997, 431, 826, 15, 358, 471, 314, 588, 626, 735, 61, 337, 894, 189]
[90, 713, 277, 469, 0, 970, 364, 984, 114, 233, 720, 750, 863, 635, 916, 564, 501, 101, 622, 619, 861, 803, 564, 71, 896, 975, 31, 337, 183, 248, 149, 507, 229, 179, 865, 291, 365, 862, 263, 503, 49, 223, 23, 287, 387, 587, 530, 635, 908, 770, 352, 967, 757, 877, 96, 408, 752, 823, 648, 928, 268, 314, 998, 230, 178, 989, 332, 514, 156, 522, 52, 20, 165, 586, 152, 421, 450, 786, 763, 877, 409, 328, 64, 620, 785, 871, 84, 788, 631, 659, 867, 333, 252, 641, 140, 61, 77, 764, 908, 105]
[372, 291, 213, 717, 970, 0, 269, 697, 341, 948, 631, 651, 908, 963, 173, 678, 768, 705, 63, 160, 466, 889, 589, 571, 484, 153, 200, 169, 408, 942, 284, 156, 309, 654, 673, 851, 740, 901, 346, 488, 661, 174, 576, 325, 246, 486, 364, 382, 232, 389, 302, 572, 192, 373, 704, 920, 541, 329, 83, 731, 176, 10, 429, 140, 128, 301, 593, 413, 723, 517, 192, 713, 33, 964, 153, 894, 939, 241, 666, 619, 494, 761, 975, 178, 872, 199, 383, 831, 830, 604, 366, 563, 913, 966, 390, 217, 161, 271, 224, 105]
[973, 707, 88, 775, 364, 269, 0, 594, 570, 429, 898, 687, 747, 375, 402, 194, 421, 854, 32, 106, 868, 975, 821, 344, 629, 978, 564, 603, 874, 905, 628, 866, 395, 886, 772, 496, 197, 167, 862, 209, 363, 603, 715, 340, 388, 753, 139, 164, 266, 673, 356, 826, 859, 875, 294, 682, 406, 31, 77, 598, 113, 61, 591, 33, 738, 665, 790, 188, 854, 377, 828, 773, 607, 881, 921, 833, 373, 176, 564, 747, 670, 582, 995, 607, 128, 271, 892, 598, 235, 215, 441, 889, 795, 398, 425, 240, 822, 40, 62, 497]
[584, 542, 402, 357, 984, 697, 594, 0, 813, 192, 352, 338, 907, 468, 251, 577, 194, 48, 842, 610, 537, 316, 527, 251, 682, 464, 658, 528, 507, 51, 587, 870, 556, 113, 353, 750, 455, 259, 602, 390, 622, 609, 892, 96, 625, 82, 301, 949, 797, 657, 16, 128, 753, 685, 925, 334, 242, 848, 208, 886, 94, 825, 532, 330, 211, 370, 825, 467, 356, 897, 313, 238, 528, 552, 65, 972, 826, 971, 81, 953, 891, 952, 626, 65, 758, 45, 170, 132, 848, 663, 854, 407, 415, 663, 899, 388, 379, 593, 980, 37]
[440, 632, 809, 523, 114, 341, 570, 813, 0, 916, 777, 820, 701, 961, 591, 210, 998, 22, 25, 951, 917, 521, 367, 460, 546, 751, 197, 966, 552, 89, 987, 961, 513, 567, 905, 788, 711, 604, 192, 932, 679, 348, 474, 735, 473, 218, 917, 138, 187, 704, 245, 763, 1000, 510, 14, 86, 688, 668, 159, 947, 555, 531, 658, 878, 173, 366, 639, 426, 674, 234, 13, 301, 228, 911, 615, 389, 261, 28, 847, 227, 902, 546, 281, 119, 338, 882, 508, 349, 207, 828, 561, 216, 883, 906, 432, 653, 141, 753, 648, 247]
[58, 304, 111, 524, 233, 948, 429, 192, 916, 0, 336, 732, 709, 952, 856, 295, 704, 45, 409, 342, 924, 207, 597, 552, 633, 91, 596, 254, 323, 28, 162, 419, 295, 885, 899, 116, 190, 750, 468, 427, 990, 590, 69, 858, 26, 623, 970, 652, 569, 463, 992, 944, 92, 337, 984, 990, 811, 521, 69, 582, 138, 227, 321, 728, 763, 767, 481, 448, 19, 804, 466, 796, 895, 145, 481, 470, 468, 23, 645, 134, 571, 509, 790, 693, 356, 496, 952, 658, 845, 136, 879, 883, 595, 326, 276, 857, 633, 593, 991, 613]
[884, 404, 539, 58, 720, 631, 898, 352, 777, 336, 0, 328, 370, 760, 522, 909, 85, 369, 199, 133, 383, 961, 421, 485, 734, 527, 87, 516, 259, 124, 430, 466, 731, 79, 981, 516, 706, 424, 404, 952, 516, 551, 238, 904, 403, 943, 337, 483, 655, 332, 425, 133, 492, 892, 772, 89, 382, 953, 170, 730, 469, 626, 302, 81, 12, 760, 782, 17, 690, 483, 877, 943, 737, 649, 205, 1000, 407, 260, 290, 135, 561, 191, 847, 397, 134, 836, 325, 533, 858, 521, 796, 936, 642, 721, 28, 603, 676, 225, 828, 906]
[22, 873, 770, 743, 750, 651, 687, 338, 820, 732, 328, 0, 785, 838, 995, 758, 399, 732, 647, 669, 969, 173, 338, 779, 860, 971, 121, 371, 263, 509, 756, 945, 871, 102, 236, 150, 757, 410, 272, 255, 824, 211, 717, 200, 255, 966, 272, 989, 912, 304, 413, 201, 248, 735, 890, 204, 752, 847, 538, 125, 355, 682, 866, 936, 219, 145, 576, 873, 510, 712, 435, 436, 915, 835, 814, 18, 490, 944, 50, 363, 495, 820, 657, 200, 943, 442, 353, 685, 799, 730, 108, 386, 408, 629, 703, 656, 661, 688, 355, 383]
[788, 116, 909, 582, 863, 908, 747, 907, 701, 709, 370, 785, 0, 521, 249, 998, 666, 886, 177, 247, 329, 551, 370, 718, 943, 400, 77, 143, 805, 822, 25, 884, 170, 521, 227, 323, 844, 153, 944, 226, 256, 840, 204, 203, 322, 872, 177, 718, 154, 996, 861, 469, 497, 239, 696, 850, 262, 877, 881, 489, 435, 611, 637, 46, 583, 385, 627, 588, 805, 706, 566, 646, 443, 808, 99, 463, 248, 343, 608, 488, 262, 39, 356, 949, 397, 160, 774, 499, 414, 158, 931, 362, 548, 822, 803, 927, 363, 899, 169, 445]
[687, 269, 688, 339, 635, 963, 375, 468, 961, 952, 760, 838, 521, 0, 120, 269, 909, 86, 351, 85, 529, 339, 296, 637, 506, 531, 258, 656, 492, 90, 924, 132, 513, 316, 226, 378, 785, 601, 807, 69, 234, 12, 399, 738, 923, 701, 150, 132, 750, 165, 120, 518, 574, 192, 621, 522, 475, 559, 613, 418, 235, 166, 174, 645, 544, 653, 10, 50, 731, 674, 239, 119, 169, 956, 884, 407, 202, 524, 710, 597, 109, 436, 376, 138, 702, 586, 624, 268, 684, 576, 547, 550, 349, 870, 285, 459, 100, 891, 55, 193]
[865, 895, 743, 692, 916, 173, 402, 251, 591, 856, 522, 995, 249, 120, 0, 312, 138, 580, 262, 27, 474, 394, 981, 920, 850, 510, 571, 21, 126, 808, 179, 996, 665, 349, 704, 893, 722, 59, 111, 180, 436, 399, 861, 953, 515, 120, 310, 473, 186, 276, 108, 475, 616, 77, 308, 230, 373, 477, 97, 310, 869, 60, 487, 409, 401, 275, 421, 600, 202, 332, 170, 251, 30, 346, 145, 595, 823, 458, 843, 695, 884, 568, 606, 194, 368, 461, 654, 954, 958, 596, 787, 222, 22, 316, 633, 67, 843, 406, 923, 826]
[859, 917, 748, 961, 564, 678, 194, 577, 210, 295, 909, 758, 998, 269, 312, 0, 228, 568, 145, 384, 39, 235, 523, 876, 512, 475, 834, 906, 76, 664, 449, 224, 695, 260, 938, 649, 803, 947, 586, 319, 66, 150, 551, 166, 492, 868, 938, 916, 714, 943, 965, 494, 807, 272, 636, 814, 632, 915, 645, 134, 737, 65, 242, 720, 523, 717, 48, 247, 744, 683, 929, 290, 185, 728, 474, 919, 766, 639, 452, 413, 646, 56, 524, 151, 195, 946, 411, 113, 422, 769, 678, 387, 14, 581, 722, 908, 79, 60, 155, 960]
[988, 450, 481, 649, 501, 768, 421, 194, 998, 704, 85, 399, 666, 909, 138, 228, 0, 374, 18, 304, 906, 527, 902, 256, 111, 187, 902, 617, 790, 649, 391, 685, 909, 790, 10, 795, 277, 485, 479, 937, 556, 646, 326, 376, 48, 180, 891, 220, 223, 35, 927, 849, 857, 95, 651, 66, 299, 460, 969, 29, 661, 771, 601, 46, 907, 190, 951, 915, 237, 722, 656, 492, 641, 306, 280, 189, 93, 459, 800, 138, 309, 61, 968, 478, 465, 979, 736, 416, 624, 367, 124, 763, 106, 328, 481, 250, 965, 985, 566, 503]
[516, 248, 576, 794, 101, 705, 854, 48, 22, 45, 369, 732, 886, 86, 580, 568, 374, 0, 678, 829, 638, 715, 304, 583, 629, 289, 402, 979, 197, 119, 556, 227, 524, 155, 147, 11, 518, 763, 799, 184, 163, 497, 935, 29, 498, 512, 16, 445, 681, 892, 771, 548, 824, 194, 461, 777, 239, 338, 363, 316, 565, 829, 576, 48, 519, 571, 654, 619, 501, 34, 82, 623, 525, 895, 302, 425, 518, 777, 410, 240, 505, 373, 558, 977, 397, 610, 446, 207, 770, 417, 395, 483, 815, 459, 416, 842, 30, 790, 491, 434]
[164, 470, 635, 528, 622, 63, 32, 842, 25, 409, 199, 647, 177, 351, 262, 145, 18, 678, 0, 919, 265, 738, 308, 681, 782, 616, 220, 850, 589, 352, 358, 930, 541, 484, 275, 115, 639, 631, 190, 88, 186, 92, 955, 142, 666, 718, 559, 789, 888, 91, 251, 71, 218, 300, 963, 947, 452, 752, 140, 707, 341, 629, 744, 828, 507, 896, 583, 180, 849, 348, 767, 613, 28, 486, 871, 998, 468, 974, 756, 640, 583, 688, 388, 554, 13, 958, 660, 40, 761, 232, 358, 287, 477, 243, 937, 520, 565, 614, 427, 48]
[444, 177, 138, 567, 619, 160, 106, 610, 951, 342, 133, 669, 247, 85, 27, 384, 304, 829, 919, 0, 907, 233, 467, 197, 406, 830, 287, 958, 686, 482, 60, 95, 318, 429, 481, 915, 53, 851, 166, 974, 196, 333, 77, 895, 830, 890, 701, 300, 468, 736, 612, 884, 423, 845, 811, 432, 133, 936, 111, 932, 871, 795, 883, 953, 76, 766, 127, 789, 653, 556, 763, 577, 888, 616, 550, 37, 932, 886, 235, 45, 438, 32, 52, 557, 69, 106, 680, 694, 562, 504, 112, 187, 508, 758, 827, 367, 11, 461, 697, 108]
[936, 792, 697, 250, 861, 466, 868, 537, 917, 924, 383, 969, 329, 529, 474, 39, 906, 638, 265, 907, 0, 54, 758, 267, 582, 988, 432, 169, 663, 26, 821, 31, 916, 620, 297, 755, 33, 690, 81, 43, 87, 520, 493, 157, 565, 181, 431, 264, 768, 25, 411, 202, 560, 224, 282, 192, 46, 648, 696, 112, 679, 525, 116, 139, 726, 163, 381, 294, 248, 341, 733, 990, 805, 582, 132, 310, 999, 769, 870, 48, 657, 845, 665, 207, 233, 809, 970, 282, 963, 225, 541, 889, 695, 243, 457, 76, 392, 368, 268, 738]
[81, 133, 938, 560, 803, 889, 975, 316, 521, 207, 961, 173, 551, 339, 394, 235, 527, 715, 738, 233, 54, 0, 260, 355, 495, 155, 712, 362, 949, 713, 382, 879, 521, 739, 67, 17, 726, 645, 702, 966, 916, 182, 473, 837, 169, 94, 161, 335, 989, 679, 402, 692, 757, 132, 444, 660, 444, 66, 279, 880, 280, 311, 315, 631, 828, 349, 780, 94, 79, 548, 226, 564, 629, 142, 937, 480, 796, 181, 430, 341, 440, 361, 861, 979, 335, 665, 150, 346, 918, 244, 981, 218, 884, 396, 411, 522, 431, 262, 316, 79]
[344, 866, 196, 777, 564, 589, 821, 527, 367, 597, 421, 338, 370, 296, 981, 523, 902, 304, 308, 467, 758, 260, 0, 617, 639, 409, 554, 789, 192, 978, 857, 520, 224, 934, 229, 363, 962, 918, 287, 278, 583, 115, 693, 985, 722, 545, 288, 889, 81, 534, 882, 156, 930, 40, 80, 353, 956, 577, 602, 475, 624, 214, 398, 637, 958, 65, 274, 376, 717, 564, 341, 634, 666, 240, 953, 750, 966, 349, 141, 869, 12, 179, 443, 669, 722, 995, 218, 526, 418, 162, 80, 544, 414, 584, 160, 786, 473, 602, 372, 840]
[92, 725, 948, 219, 71, 571, 344, 251, 460, 552, 485, 779, 718, 637, 920, 876, 256, 583, 681, 197, 267, 355, 617, 0, 244, 689, 511, 181, 156, 785, 193, 477, 550, 713, 712, 603, 778, 110, 393, 196, 149, 987, 776, 348, 898, 216, 128, 943, 524, 248, 481, 362, 60, 997, 33, 161, 802, 372, 571, 591, 901, 492, 894, 355, 130, 666, 491, 884, 892, 932, 71, 444, 267, 986, 492, 657, 26, 590, 107, 478, 941, 543, 84, 922, 191, 873, 592, 352, 395, 245, 757, 914, 222, 446, 535, 453, 26, 182, 587, 219]
[779, 215, 534, 760, 896, 484, 629, 682, 546, 633, 734, 860, 943, 506, 850, 512, 111, 629, 782, 406, 582, 495, 639, 244, 0, 756, 956, 603, 82, 407, 660, 925, 786, 642, 542, 870, 421, 935, 949, 736, 122, 840, 496, 943, 397, 307, 575, 816, 337, 370, 581, 485, 291, 378, 695, 352, 992, 847, 833, 801, 929, 621, 455, 857, 341, 945, 176, 447, 500, 172, 972, 843, 121, 245, 703, 807, 119, 558, 365, 60, 199, 651, 60, 150, 527, 839, 612, 223, 810, 608, 374, 649, 302, 707, 738, 886, 665, 654, 746, 985]
[881, 526, 136, 103, 975, 153, 978, 464, 751, 91, 527, 971, 400, 531, 510, 475, 187, 289, 616, 830, 988, 155, 409, 689, 756, 0, 425, 347, 408, 952, 693, 88, 522, 326, 135, 873, 496, 736, 485, 904, 931, 983, 116, 555, 802, 854, 786, 588, 538, 470, 175, 528, 78, 455, 304, 268, 203, 134, 765, 223, 624, 829, 575, 35, 249, 606, 906, 663, 401, 559, 943, 689, 76, 180, 960, 284, 713, 902, 863, 617, 134, 543, 891, 286, 966, 924, 797, 816, 231, 735, 96, 520, 502, 155, 364, 541, 998, 760, 501, 378]
[185, 59, 311, 381, 31, 200, 564, 658, 197, 596, 87, 121, 77, 258, 571, 834, 902, 402, 220, 287, 432, 712, 554, 511, 956, 425, 0, 850, 496, 16, 847, 485, 953, 657, 343, 954, 714, 51, 773, 478, 414, 857, 96, 822, 870, 367, 298, 646, 989, 891, 351, 526, 360, 793, 158, 934, 447, 234, 660, 336, 45, 531, 703, 796, 377, 626, 984, 591, 964, 297, 196, 552, 128, 53, 840, 819, 308, 590, 370, 82, 144, 535, 560, 494, 316, 565, 905, 865, 425, 354, 37, 726, 279, 328, 869, 321, 206, 285, 944, 552]
[118, 859, 504, 155, 337, 169, 603, 528, 966, 254, 516, 371, 143, 656, 21, 906, 617, 979, 850, 958, 169, 362, 789, 181, 603, 347, 850, 0, 497, 396, 716, 701, 775, 962, 814, 378, 688, 737, 185, 14, 343, 203, 97, 954, 729, 453, 288, 477, 283, 257, 232, 706, 492, 399, 209, 149, 350, 761, 229, 262, 344, 930, 659, 593, 626, 243, 467, 477, 318, 218, 930, 956, 365, 180, 105, 782, 141, 829, 956, 743, 934, 64, 906, 534, 417, 640, 358, 857, 947, 421, 822, 921, 450, 14, 643, 570, 204, 498, 501, 378]
[801, 367, 546, 717, 183, 408, 874, 507, 552, 323, 259, 263, 805, 492, 126, 76, 790, 197, 589, 686, 663, 949, 192, 156, 82, 408, 496, 497, 0, 291, 438, 312, 50, 860, 438, 899, 623, 350, 286, 252, 246, 602, 628, 699, 259, 660, 774, 802, 468, 174, 719, 118, 526, 867, 997, 316, 393, 476, 67, 546, 614, 12, 705, 647, 23, 807, 383, 967, 45, 703, 714, 255, 922, 332, 554, 327, 549, 557, 973, 822, 584, 901, 287, 255, 555, 463, 197, 451, 123, 952, 438, 337, 753, 634, 368, 321, 46, 93, 285, 719]
[537, 812, 411, 654, 248, 942, 905, 51, 89, 28, 124, 509, 822, 90, 808, 664, 649, 119, 352, 482, 26, 713, 978, 785, 407, 952, 16, 396, 291, 0, 409, 569, 373, 756, 875, 241, 842, 938, 943, 49, 355, 999, 786, 939, 557, 338, 569, 867, 624, 704, 509, 679, 704, 448, 298, 621, 408, 233, 975, 507, 559, 867, 511, 609, 160, 640, 353, 80, 840, 109, 730, 899, 449, 579, 532, 30, 285, 996, 37, 268, 645, 318, 615, 931, 692, 397, 314, 401, 956, 609, 240, 914, 879, 833, 338, 868, 511, 923, 903, 230]
[459, 583, 195, 766, 149, 284, 628, 587, 987, 162, 430, 756, 25, 924, 179, 449, 391, 556, 358, 60, 821, 382, 857, 193, 660, 693, 847, 716, 438, 409, 0, 362, 991, 973, 654, 750, 262, 344, 750, 562, 742, 926, 194, 163, 377, 854, 134, 218, 879, 235, 223, 665, 931, 560, 347, 143, 477, 427, 929, 582, 743, 446, 166, 452, 142, 77, 803, 63, 236, 926, 258, 998, 353, 338, 183, 854, 894, 856, 531, 893, 383, 816, 200, 493, 385, 684, 756, 913, 711, 337, 891, 872, 565, 643, 270, 318, 915, 637, 773, 352]
[333, 986, 844, 502, 507, 156, 866, 870, 961, 419, 466, 945, 884, 132, 996, 224, 685, 227, 930, 95, 31, 879, 520, 477, 925, 88, 485, 701, 312, 569, 362, 0, 553, 620, 209, 688, 49, 269, 832, 467, 648, 381, 854, 892, 916, 676, 67, 523, 433, 857, 234, 207, 28, 874, 595, 92, 578, 444, 44, 587, 641, 725, 208, 258, 45, 937, 93, 130, 125, 207, 865, 680, 673, 924, 862, 207, 494, 572, 607, 878, 158, 722, 547, 960, 173, 541, 245, 39, 724, 646, 504, 216, 626, 707, 419, 272, 704, 167, 324, 945]
[423, 287, 885, 818, 229, 309, 395, 556, 513, 295, 731, 871, 170, 513, 665, 695, 909, 524, 541, 318, 916, 521, 224, 550, 786, 522, 953, 775, 50, 373, 991, 553, 0, 506, 577, 195, 253, 498, 918, 821, 855, 309, 599, 970, 491, 761, 844, 187, 876, 228, 841, 181, 810, 721, 953, 204, 967, 133, 872, 123, 981, 811, 139, 781, 50, 742, 688, 72, 222, 820, 884, 466, 532, 903, 654, 734, 129, 373, 584, 67, 550, 555, 88, 994, 699, 228, 177, 927, 527, 645, 87, 216, 416, 690, 453, 627, 798, 896, 93, 54]
[734, 409, 423, 171, 179, 654, 886, 113, 567, 885, 79, 102, 521, 316, 349, 260, 790, 155, 484, 429, 620, 739, 934, 713, 642, 326, 657, 962, 860, 756, 973, 620, 506, 0, 310, 535, 693, 932, 499, 874, 64, 544, 374, 774, 59, 41, 273, 830, 506, 315, 303, 656, 644, 344, 959, 761, 126, 54, 145, 879, 301, 341, 218, 42, 677, 969, 365, 233, 168, 181, 627, 643, 339, 407, 772, 890, 691, 346, 138, 447, 219, 193, 166, 785, 900, 46, 100, 827, 28, 770, 485, 412, 384, 479, 452, 696, 134, 580, 184, 806]
[935, 745, 461, 975, 865, 673, 772, 353, 905, 899, 981, 236, 227, 226, 704, 938, 10, 147, 275, 481, 297, 67, 229, 712, 542, 135, 343, 814, 438, 875, 654, 209, 577, 310, 0, 88, 552, 938, 590, 904, 627, 306, 219, 334, 916, 896, 705, 370, 548, 234, 485, 148, 856, 499, 741, 847, 767, 407, 251, 936, 49, 656, 54, 604, 990, 166, 487, 321, 299, 318, 712, 62, 246, 739, 151, 776, 755, 378, 488, 80, 835, 358, 80, 174, 596, 555, 923, 388, 415, 661, 555, 161, 492, 391, 458, 22, 442, 893, 141, 39]
[114, 264, 145, 967, 291, 851, 496, 750, 788, 116, 516, 150, 323, 378, 893, 649, 795, 11, 115, 915, 755, 17, 363, 603, 870, 873, 954, 378, 899, 241, 750, 688, 195, 535, 88, 0, 765, 335, 624, 32, 791, 465, 862, 973, 510, 293, 623, 415, 25, 448, 94, 805, 771, 483, 961, 274, 869, 637, 410, 625, 744, 275, 219, 839, 800, 675, 711, 528, 602, 983, 233, 632, 132, 877, 672, 958, 815, 917, 178, 771, 134, 977, 362, 827, 915, 470, 119, 738, 211, 475, 871, 229, 995, 890, 801, 822, 968, 500, 358, 890]
[935, 261, 312, 653, 365, 740, 197, 455, 711, 190, 706, 757, 844, 785, 722, 803, 277, 518, 639, 53, 33, 726, 962, 778, 421, 496, 714, 688, 623, 842, 262, 49, 253, 693, 552, 765, 0, 213, 193, 16, 706, 540, 379, 985, 693, 706, 41, 430, 570, 896, 654, 761, 467, 853, 488, 162, 225, 352, 827, 967, 927, 380, 746, 84, 836, 769, 759, 682, 531, 719, 149, 430, 122, 241, 421, 125, 228, 27, 591, 442, 889, 356, 120, 941, 454, 636, 537, 108, 708, 823, 333, 963, 314, 20, 767, 354, 647, 384, 820, 269]
[891, 485, 563, 626, 862, 901, 167, 259, 604, 750, 424, 410, 153, 601, 59, 947, 485, 763, 631, 851, 690, 645, 918, 110, 935, 736, 51, 737, 350, 938, 344, 269, 498, 932, 938, 335, 213, 0, 734, 916, 541, 70, 850, 505, 391, 487, 750, 894, 734, 158, 858, 306, 380, 438, 682, 341, 497, 110, 782, 515, 704, 953, 436, 28, 902, 591, 15, 521, 608, 569, 664, 627, 830, 784, 271, 343, 820, 931, 163, 595, 231, 703, 148, 50, 969, 62, 498, 555, 412, 734, 508, 623, 996, 779, 557, 364, 626, 429, 763, 22]
[766, 770, 86, 521, 263, 346, 862, 602, 192, 468, 404, 272, 944, 807, 111, 586, 479, 799, 190, 166, 81, 702, 287, 393, 949, 485, 773, 185, 286, 943, 750, 832, 918, 499, 590, 624, 193, 734, 0, 543, 784, 388, 673, 475, 171, 116, 921, 822, 16, 330, 320, 93, 732, 407, 883, 756, 781, 126, 743, 196, 886, 768, 560, 605, 190, 586, 476, 966, 326, 806, 806, 614, 918, 224, 415, 773, 50, 281, 368, 281, 199, 853, 862, 24, 343, 816, 931, 411, 893, 527, 250, 935, 251, 339, 706, 443, 602, 172, 406, 1000]
[161, 389, 107, 135, 503, 488, 209, 390, 932, 427, 952, 255, 226, 69, 180, 319, 937, 184, 88, 974, 43, 966, 278, 196, 736, 904, 478, 14, 252, 49, 562, 467, 821, 874, 904, 32, 16, 916, 543, 0, 288, 86, 874, 21, 295, 863, 125, 350, 534, 388, 456, 416, 243, 778, 18, 666, 952, 740, 365, 40, 348, 377, 998, 742, 330, 198, 981, 299, 201, 380, 337, 932, 92, 712, 399, 471, 442, 567, 265, 330, 883, 59, 94, 146, 388, 899, 804, 337, 511, 245, 236, 783, 311, 431, 780, 22, 981, 54, 802, 503]
[862, 740, 809, 429, 49, 661, 363, 622, 679, 990, 516, 824, 256, 234, 436, 66, 556, 163, 186, 196, 87, 916, 583, 149, 122, 931, 414, 343, 246, 355, 742, 648, 855, 64, 627, 791, 706, 541, 784, 288, 0, 955, 646, 950, 645, 798, 399, 512, 98, 580, 629, 837, 691, 699, 56, 584, 398, 27, 509, 344, 426, 971, 28, 766, 971, 775, 840, 279, 432, 572, 626, 261, 390, 642, 708, 623, 84, 126, 382, 488, 691, 399, 778, 352, 158, 46, 441, 439, 699, 273, 853, 805, 345, 532, 711, 408, 863, 431, 591, 936]
[593, 527, 799, 187, 223, 174, 603, 609, 348, 590, 551, 211, 840, 12, 399, 150, 646, 497, 92, 333, 520, 182, 115, 987, 840, 983, 857, 203, 602, 999, 926, 381, 309, 544, 306, 465, 540, 70, 388, 86, 955, 0, 73, 899, 988, 437, 350, 330, 504, 289, 636, 437, 989, 556, 800, 116, 317, 571, 381, 230, 915, 93, 745, 910, 90, 173, 354, 560, 466, 982, 144, 961, 501, 653, 959, 871, 195, 858, 696, 104, 245, 706, 798, 722, 582, 409, 593, 153, 385, 832, 377, 461, 473, 105, 45, 809, 863, 822, 945, 941]
[800, 222, 640, 535, 23, 576, 715, 892, 474, 69, 238, 717, 204, 399, 861, 551, 326, 935, 955, 77, 493, 473, 693, 776, 496, 116, 96, 97, 628, 786, 194, 854, 599, 374, 219, 862, 379, 850, 673, 874, 646, 73, 0, 304, 582, 222, 807, 885, 309, 413, 623, 649, 767, 475, 153, 244, 423, 564, 457, 509, 415, 679, 758, 640, 739, 188, 890, 552, 509, 364, 675, 901, 488, 830, 396, 470, 369, 650, 652, 572, 166, 128, 714, 797, 402, 680, 141, 172, 735, 526, 623, 596, 98, 104, 925, 669, 964, 793, 292, 281]
[763, 582, 736, 731, 287, 325, 340, 96, 735, 858, 904, 200, 203, 738, 953, 166, 376, 29, 142, 895, 157, 837, 985, 348, 943, 555, 822, 954, 699, 939, 163, 892, 970, 774, 334, 973, 985, 505, 475, 21, 950, 899, 304, 0, 640, 839, 773, 796, 845, 118, 124, 743, 753, 55, 175, 70, 918, 10, 643, 489, 435, 710, 462, 315, 433, 834, 317, 602, 710, 344, 654, 945, 12, 126, 871, 208, 347, 708, 282, 676, 662, 112, 620, 434, 441, 31, 264, 69, 691, 336, 928, 285, 986, 398, 224, 83, 448, 857, 714, 699]
[649, 502, 125, 261, 387, 246, 388, 625, 473, 26, 403, 255, 322, 923, 515, 492, 48, 498, 666, 830, 565, 169, 722, 898, 397, 802, 870, 729, 259, 557, 377, 916, 491, 59, 916, 510, 693, 391, 171, 295, 645, 988, 582, 640, 0, 383, 703, 368, 249, 942, 664, 238, 51, 636, 766, 998, 932, 43, 768, 281, 517, 94, 506, 464, 318, 154, 341, 845, 137, 884, 100, 860, 527, 844, 31, 686, 790, 214, 101, 144, 517, 539, 254, 226, 499, 787, 831, 57, 537, 22, 213, 619, 556, 424, 511, 237, 506, 606, 436, 757]
[580, 127, 910, 818, 587, 486, 753, 82, 218, 623, 943, 966, 872, 701, 120, 868, 180, 512, 718, 890, 181, 94, 545, 216, 307, 854, 367, 453, 660, 338, 854, 676, 761, 41, 896, 293, 706, 487, 116, 863, 798, 437, 222, 839, 383, 0, 895, 415, 29, 580, 916, 300, 963, 822, 369, 23, 504, 370, 38, 283, 828, 79, 848, 635, 568, 214, 508, 873, 13, 613, 652, 221, 613, 956, 362, 299, 845, 506, 999, 624, 478, 155, 940, 224, 249, 238, 217, 654, 695, 71, 262, 649, 272, 475, 124, 21, 143, 241, 778, 699]
[589, 863, 932, 906, 530, 364, 139, 301, 917, 970, 337, 272, 177, 150, 310, 938, 891, 16, 559, 701, 431, 161, 288, 128, 575, 786, 298, 288, 774, 569, 134, 67, 844, 273, 705, 623, 41, 750, 921, 125, 399, 350, 807, 773, 703, 895, 0, 937, 897, 823, 455, 234, 300, 598, 568, 573, 457, 532, 333, 895, 143, 965, 406, 616, 956, 740, 695, 123, 712, 441, 642, 986, 236, 787, 672, 215, 162, 86, 547, 218, 474, 214, 24, 869, 539, 579, 105, 42, 743, 138, 185, 86, 93, 793, 202, 382, 95, 312, 868, 704]
[485, 695, 116, 799, 635, 382, 164, 949, 138, 652, 483, 989, 718, 132, 473, 916, 220, 445, 789, 300, 264, 335, 889, 943, 816, 588, 646, 477, 802, 867, 218, 523, 187, 830, 370, 415, 430, 894, 822, 350, 512, 330, 885, 796, 368, 415, 937, 0, 109, 961, 491, 348, 211, 636, 472, 553, 364, 581, 927, 246, 675, 777, 210, 989, 147, 638, 256, 265, 197, 595, 223, 649, 67, 216, 942, 833, 686, 594, 697, 335, 470, 193, 200, 110, 50, 474, 923, 681, 270, 270, 132, 998, 420, 359, 200, 511, 875, 502, 786, 679]
[328, 271, 889, 38, 908, 232, 266, 797, 187, 569, 655, 912, 154, 750, 186, 714, 223, 681, 888, 468, 768, 989, 81, 524, 337, 538, 989, 283, 468, 624, 879, 433, 876, 506, 548, 25, 570, 734, 16, 534, 98, 504, 309, 845, 249, 29, 897, 109, 0, 974, 404, 114, 170, 375, 419, 309, 756, 213, 871, 669, 956, 400, 540, 64, 390, 556, 146, 35, 938, 577, 408, 964, 495, 495, 445, 315, 644, 748, 561, 358, 248, 751, 627, 305, 956, 538, 473, 821, 413, 835, 475, 499, 852, 545, 104, 139, 557, 952, 448, 325]
[926, 438, 72, 569, 770, 389, 673, 657, 704, 463, 332, 304, 996, 165, 276, 943, 35, 892, 91, 736, 25, 679, 534, 248, 370, 470, 891, 257, 174, 704, 235, 857, 228, 315, 234, 448, 896, 158, 330, 388, 580, 289, 413, 118, 942, 580, 823, 961, 974, 0, 443, 450, 458, 678, 471, 986, 681, 601, 837, 781, 333, 637, 755, 546, 203, 630, 549, 332, 114, 880, 535, 409, 952, 679, 796, 559, 472, 300, 708, 513, 304, 476, 342, 997, 468, 14, 586, 459, 708, 407, 743, 78, 68, 557, 71, 312, 878, 316, 778, 816]
[431, 355, 308, 170, 352, 302, 356, 16, 245, 992, 425, 413, 861, 120, 108, 965, 927, 771, 251, 612, 411, 402, 882, 481, 581, 175, 351, 232, 719, 509, 223, 234, 841, 303, 485, 94, 654, 858, 320, 456, 629, 636, 623, 124, 664, 916, 455, 491, 404, 443, 0, 790, 387, 52, 416, 126, 233, 334, 198, 867, 762, 154, 774, 975, 640, 786, 533, 132, 292, 34, 689, 470, 150, 924, 666, 49, 200, 861, 219, 37, 489, 647, 341, 493, 735, 866, 675, 98, 599, 437, 170, 862, 199, 38, 483, 573, 837, 299, 832, 778]
[90, 507, 610, 365, 967, 572, 826, 128, 763, 944, 133, 201, 469, 518, 475, 494, 849, 548, 71, 884, 202, 692, 156, 362, 485, 528, 526, 706, 118, 679, 665, 207, 181, 656, 148, 805, 761, 306, 93, 416, 837, 437, 649, 743, 238, 300, 234, 348, 114, 450, 790, 0, 446, 797, 707, 74, 175, 403, 999, 11, 43, 826, 692, 813, 256, 732, 242, 222, 593, 47, 512, 615, 924, 847, 480, 252, 68, 734, 63, 670, 296, 192, 398, 553, 336, 493, 576, 526, 472, 922, 599, 56, 901, 400, 907, 47, 374, 432, 580, 399]
[504, 402, 567, 551, 757, 192, 859, 753, 1000, 92, 492, 248, 497, 574, 616, 807, 857, 824, 218, 423, 560, 757, 930, 60, 291, 78, 360, 492, 526, 704, 931, 28, 810, 644, 856, 771, 467, 380, 732, 243, 691, 989, 767, 753, 51, 963, 300, 211, 170, 458, 387, 446, 0, 431, 748, 125, 623, 323, 793, 966, 922, 882, 209, 589, 908, 219, 873, 759, 685, 590, 579, 171, 803, 660, 34, 887, 701, 371, 205, 335, 587, 29, 318, 430, 290, 610, 250, 389, 110, 544, 242, 520, 300, 561, 204, 994, 400, 983, 828, 146]
[228, 303, 283, 813, 877, 373, 875, 685, 510, 337, 892, 735, 239, 192, 77, 272, 95, 194, 300, 845, 224, 132, 40, 997, 378, 455, 793, 399, 867, 448, 560, 874, 721, 344, 499, 483, 853, 438, 407, 778, 699, 556, 475, 55, 636, 822, 598, 636, 375, 678, 52, 797, 431, 0, 496, 346, 529, 331, 399, 865, 959, 358, 746, 598, 971, 316, 821, 75, 999, 567, 590, 928, 237, 229, 761, 678, 278, 685, 98, 917, 15, 766, 935, 467, 413, 450, 622, 442, 928, 736, 971, 579, 329, 55, 974, 585, 133, 551, 153, 558]
[742, 724, 965, 458, 96, 704, 294, 925, 14, 984, 772, 890, 696, 621, 308, 636, 651, 461, 963, 811, 282, 444, 80, 33, 695, 304, 158, 209, 997, 298, 347, 595, 953, 959, 741, 961, 488, 682, 883, 18, 56, 800, 153, 175, 766, 369, 568, 472, 419, 471, 416, 707, 748, 496, 0, 378, 804, 389, 239, 919, 938, 357, 586, 841, 516, 692, 908, 442, 394, 499, 500, 157, 327, 172, 960, 154, 440, 483, 589, 268, 129, 451, 855, 404, 668, 542, 167, 762, 659, 437, 793, 715, 539, 64, 46, 353, 360, 351, 791, 483]
[109, 674, 921, 697, 408, 920, 682, 334, 86, 990, 89, 204, 850, 522, 230, 814, 66, 777, 947, 432, 192, 660, 353, 161, 352, 268, 934, 149, 316, 621, 143, 92, 204, 761, 847, 274, 162, 341, 756, 666, 584, 116, 244, 70, 998, 23, 573, 553, 309, 986, 126, 74, 125, 346, 378, 0, 763, 399, 705, 471, 485, 155, 224, 277, 748, 898, 104, 862, 939, 271, 168, 733, 961, 92, 125, 154, 71, 292, 733, 609, 982, 117, 699, 732, 976, 800, 471, 346, 152, 759, 494, 819, 810, 338, 190, 457, 502, 435, 709, 641]
[889, 185, 907, 421, 752, 541, 406, 242, 688, 811, 382, 752, 262, 475, 373, 632, 299, 239, 452, 133, 46, 444, 956, 802, 992, 203, 447, 350, 393, 408, 477, 578, 967, 126, 767, 869, 225, 497, 781, 952, 398, 317, 423, 918, 932, 504, 457, 364, 756, 681, 233, 175, 623, 529, 804, 763, 0, 358, 106, 945, 627, 770, 670, 485, 365, 195, 997, 332, 696, 527, 873, 975, 505, 235, 719, 618, 752, 915, 166, 310, 756, 541, 476, 298, 770, 505, 530, 837, 457, 601, 871, 169, 846, 555, 104, 15, 661, 544, 956, 441]
[834, 79, 801, 370, 823, 329, 31, 848, 668, 521, 953, 847, 877, 559, 477, 915, 460, 338, 752, 936, 648, 66, 577, 372, 847, 134, 234, 761, 476, 233, 427, 444, 133, 54, 407, 637, 352, 110, 126, 740, 27, 571, 564, 10, 43, 370, 532, 581, 213, 601, 334, 403, 323, 331, 389, 399, 358, 0, 977, 115, 362, 296, 562, 34, 444, 585, 36, 695, 289, 927, 664, 143, 522, 733, 74, 216, 374, 87, 470, 795, 931, 663, 994, 45, 478, 741, 897, 609, 38, 334, 680, 258, 793, 361, 651, 295, 403, 20, 865, 996]
[828, 743, 373, 450, 648, 83, 77, 208, 159, 69, 170, 538, 881, 613, 97, 645, 969, 363, 140, 111, 696, 279, 602, 571, 833, 765, 660, 229, 67, 975, 929, 44, 872, 145, 251, 410, 827, 782, 743, 365, 509, 381, 457, 643, 768, 38, 333, 927, 871, 837, 198, 999, 793, 399, 239, 705, 106, 977, 0, 481, 584, 249, 215, 698, 441, 722, 698, 275, 165, 72, 264, 828, 890, 44, 50, 62, 564, 35, 619, 48, 478, 487, 104, 907, 609, 611, 671, 596, 874, 853, 225, 180, 256, 511, 964, 305, 115, 749, 422, 828]
[211, 279, 499, 256, 928, 731, 598, 886, 947, 582, 730, 125, 489, 418, 310, 134, 29, 316, 707, 932, 112, 880, 475, 591, 801, 223, 336, 262, 546, 507, 582, 587, 123, 879, 936, 625, 967, 515, 196, 40, 344, 230, 509, 489, 281, 283, 895, 246, 669, 781, 867, 11, 966, 865, 919, 471, 945, 115, 481, 0, 186, 120, 939, 174, 791, 888, 686, 220, 255, 749, 366, 228, 655, 528, 509, 755, 82, 377, 865, 532, 569, 405, 712, 45, 152, 450, 636, 679, 329, 466, 248, 870, 798, 826, 952, 144, 107, 929, 29, 279]
[554, 707, 623, 127, 268, 176, 113, 94, 555, 138, 469, 355, 435, 235, 869, 737, 661, 565, 341, 871, 679, 280, 624, 901, 929, 624, 45, 344, 614, 559, 743, 641, 981, 301, 49, 744, 927, 704, 886, 348, 426, 915, 415, 435, 517, 828, 143, 675, 956, 333, 762, 43, 922, 959, 938, 485, 627, 362, 584, 186, 0, 486, 855, 820, 755, 703, 411, 715, 866, 809, 695, 207, 643, 110, 460, 400, 392, 12, 202, 459, 52, 506, 154, 105, 219, 202, 902, 317, 41, 283, 754, 154, 741, 253, 461, 95, 553, 239, 745, 928]
[526, 213, 207, 252, 314, 10, 61, 825, 531, 227, 626, 682, 611, 166, 60, 65, 771, 829, 629, 795, 525, 311, 214, 492, 621, 829, 531, 930, 12, 867, 446, 725, 811, 341, 656, 275, 380, 953, 768, 377, 971, 93, 679, 710, 94, 79, 965, 777, 400, 637, 154, 826, 882, 358, 357, 155, 770, 296, 249, 120, 486, 0, 131, 550, 314, 420, 853, 268, 440, 824, 201, 815, 865, 278, 941, 997, 907, 324, 836, 695, 571, 403, 767, 74, 54, 322, 262, 533, 868, 350, 517, 156, 877, 603, 475, 807, 514, 794, 255, 658]
[601, 449, 809, 761, 998, 429, 591, 532, 658, 321, 302, 866, 637, 174, 487, 242, 601, 576, 744, 883, 116, 315, 398, 894, 455, 575, 703, 659, 705, 511, 166, 208, 139, 218, 54, 219, 746, 436, 560, 998, 28, 745, 758, 462, 506, 848, 406, 210, 540, 755, 774, 692, 209, 746, 586, 224, 670, 562, 215, 939, 855, 131, 0, 148, 298, 69, 232, 858, 139, 522, 266, 430, 171, 570, 141, 100, 616, 55, 259, 565, 68, 690, 422, 586, 13, 392, 11, 852, 218, 465, 557, 824, 120, 270, 87, 299, 504, 404, 865, 949]
[214, 377, 650, 468, 230, 140, 33, 330, 878, 728, 81, 936, 46, 645, 409, 720, 46, 48, 828, 953, 139, 631, 637, 355, 857, 35, 796, 593, 647, 609, 452, 258, 781, 42, 604, 839, 84, 28, 605, 742, 766, 910, 640, 315, 464, 635, 616, 989, 64, 546, 975, 813, 589, 598, 841, 277, 485, 34, 698, 174, 820, 550, 148, 0, 895, 280, 26, 406, 497, 60, 336, 40, 163, 247, 39, 438, 797, 903, 268, 267, 333, 517, 482, 901, 965, 903, 543, 420, 437, 693, 149, 889, 79, 424, 546, 959, 11, 105, 679, 466]
[69, 94, 785, 607, 178, 128, 738, 211, 173, 763, 12, 219, 583, 544, 401, 523, 907, 519, 507, 76, 726, 828, 958, 130, 341, 249, 377, 626, 23, 160, 142, 45, 50, 677, 990, 800, 836, 902, 190, 330, 971, 90, 739, 433, 318, 568, 956, 147, 390, 203, 640, 256, 908, 971, 516, 748, 365, 444, 441, 791, 755, 314, 298, 895, 0, 321, 945, 887, 472, 427, 469, 222, 444, 254, 240, 490, 833, 934, 101, 880, 365, 138, 931, 465, 723, 613, 560, 633, 992, 365, 247, 157, 216, 937, 318, 889, 429, 665, 527, 696]
[676, 852, 932, 123, 989, 301, 665, 370, 366, 767, 760, 145, 385, 653, 275, 717, 190, 571, 896, 766, 163, 349, 65, 666, 945, 606, 626, 243, 807, 640, 77, 937, 742, 969, 166, 675, 769, 591, 586, 198, 775, 173, 188, 834, 154, 214, 740, 638, 556, 630, 786, 732, 219, 316, 692, 898, 195, 585, 722, 888, 703, 420, 69, 280, 321, 0, 628, 613, 583, 874, 901, 777, 36, 940, 74, 543, 889, 999, 486, 797, 955, 284, 548, 125, 753, 26, 986, 147, 999, 685, 100, 302, 947, 767, 902, 562, 247, 128, 100, 779]
[977, 732, 193, 299, 332, 593, 790, 825, 639, 481, 782, 576, 627, 10, 421, 48, 951, 654, 583, 127, 381, 780, 274, 491, 176, 906, 984, 467, 383, 353, 803, 93, 688, 365, 487, 711, 759, 15, 476, 981, 840, 354, 890, 317, 341, 508, 695, 256, 146, 549, 533, 242, 873, 821, 908, 104, 997, 36, 698, 686, 411, 853, 232, 26, 945, 628, 0, 416, 255, 334, 691, 925, 956, 674, 649, 952, 434, 508, 449, 903, 943, 912, 785, 913, 199, 838, 433, 116, 781, 941, 679, 350, 530, 378, 447, 618, 13, 658, 779, 427]
[640, 677, 686, 106, 514, 413, 188, 467, 426, 448, 17, 873, 588, 50, 600, 247, 915, 619, 180, 789, 294, 94, 376, 884, 447, 663, 591, 477, 967, 80, 63, 130, 72, 233, 321, 528, 682, 521, 966, 299, 279, 560, 552, 602, 845, 873, 123, 265, 35, 332, 132, 222, 759, 75, 442, 862, 332, 695, 275, 220, 715, 268, 858, 406, 887, 613, 416, 0, 601, 338, 691, 541, 785, 450, 119, 665, 523, 529, 433, 114, 828, 42, 312, 147, 935, 972, 719, 384, 888, 814, 618, 710, 143, 642, 867, 60, 38, 127, 883, 710]
[130, 336, 719, 164, 156, 723, 854, 356, 674, 19, 690, 510, 805, 731, 202, 744, 237, 501, 849, 653, 248, 79, 717, 892, 500, 401, 964, 318, 45, 840, 236, 125, 222, 168, 299, 602, 531, 608, 326, 201, 432, 466, 509, 710, 137, 13, 712, 197, 938, 114, 292, 593, 685, 999, 394, 939, 696, 289, 165, 255, 866, 440, 139, 497, 472, 583, 255, 601, 0, 89, 501, 532, 183, 729, 700, 53, 881, 332, 793, 778, 639, 584, 321, 635, 902, 295, 452, 633, 957, 594, 307, 899, 222, 913, 908, 889, 226, 827, 67, 954]
[664, 486, 584, 876, 522, 517, 377, 897, 234, 804, 483, 712, 706, 674, 332, 683, 722, 34, 348, 556, 341, 548, 564, 932, 172, 559, 297, 218, 703, 109, 926, 207, 820, 181, 318, 983, 719, 569, 806, 380, 572, 982, 364, 344, 884, 613, 441, 595, 577, 880, 34, 47, 590, 567, 499, 271, 527, 927, 72, 749, 809, 824, 522, 60, 427, 874, 334, 338, 89, 0, 63, 384, 134, 205, 61, 108, 870, 473, 30, 713, 167, 42, 55, 404, 548, 507, 127, 622, 339, 34, 899, 322, 210, 159, 498, 763, 358, 157, 471, 430]
[469, 149, 226, 144, 52, 192, 828, 313, 13, 466, 877, 435, 566, 239, 170, 929, 656, 82, 767, 763, 733, 226, 341, 71, 972, 943, 196, 930, 714, 730, 258, 865, 884, 627, 712, 233, 149, 664, 806, 337, 626, 144, 675, 654, 100, 652, 642, 223, 408, 535, 689, 512, 579, 590, 500, 168, 873, 664, 264, 366, 695, 201, 266, 336, 469, 901, 691, 691, 501, 63, 0, 100, 545, 495, 184, 702, 939, 198, 285, 205, 806, 930, 318, 840, 588, 629, 291, 322, 43, 902, 716, 707, 276, 285, 340, 822, 865, 218, 313, 865]
[727, 117, 996, 488, 20, 713, 773, 238, 301, 796, 943, 436, 646, 119, 251, 290, 492, 623, 613, 577, 990, 564, 634, 444, 843, 689, 552, 956, 255, 899, 998, 680, 466, 643, 62, 632, 430, 627, 614, 932, 261, 961, 901, 945, 860, 221, 986, 649, 964, 409, 470, 615, 171, 928, 157, 733, 975, 143, 828, 228, 207, 815, 430, 40, 222, 777, 925, 541, 532, 384, 100, 0, 545, 29, 26, 552, 250, 709, 72, 78, 592, 446, 211, 516, 822, 309, 741, 942, 33, 902, 637, 712, 572, 494, 520, 295, 249, 146, 291, 171]
[174, 864, 343, 291, 165, 33, 607, 528, 228, 895, 737, 915, 443, 169, 30, 185, 641, 525, 28, 888, 805, 629, 666, 267, 121, 76, 128, 365, 922, 449, 353, 673, 532, 339, 246, 132, 122, 830, 918, 92, 390, 501, 488, 12, 527, 613, 236, 67, 495, 952, 150, 924, 803, 237, 327, 961, 505, 522, 890, 655, 643, 865, 171, 163, 444, 36, 956, 785, 183, 134, 545, 545, 0, 515, 998, 128, 90, 349, 113, 169, 57, 169, 151, 724, 602, 879, 218, 881, 65, 902, 489, 731, 136, 662, 257, 286, 311, 636, 943, 335]
[802, 336, 951, 251, 586, 964, 881, 552, 911, 145, 649, 835, 808, 956, 346, 728, 306, 895, 486, 616, 582, 142, 240, 986, 245, 180, 53, 180, 332, 579, 338, 924, 903, 407, 739, 877, 241, 784, 224, 712, 642, 653, 830, 126, 844, 956, 787, 216, 495, 679, 924, 847, 660, 229, 172, 92, 235, 733, 44, 528, 110, 278, 570, 247, 254, 940, 674, 450, 729, 205, 495, 29, 515, 0, 720, 279, 334, 125, 562, 843, 561, 753, 558, 36, 709, 775, 25, 610, 100, 894, 622, 844, 344, 608, 942, 941, 275, 119, 813, 240]
[557, 642, 83, 80, 152, 153, 921, 65, 615, 481, 205, 814, 99, 884, 145, 474, 280, 302, 871, 550, 132, 937, 953, 492, 703, 960, 840, 105, 554, 532, 183, 862, 654, 772, 151, 672, 421, 271, 415, 399, 708, 959, 396, 871, 31, 362, 672, 942, 445, 796, 666, 480, 34, 761, 960, 125, 719, 74, 50, 509, 460, 941, 141, 39, 240, 74, 649, 119, 700, 61, 184, 26, 998, 720, 0, 373, 780, 69, 647, 452, 320, 426, 68, 41, 559, 88, 31, 250, 494, 140, 731, 397, 238, 287, 998, 55, 280, 337, 54, 271]
[467, 695, 227, 615, 421, 894, 833, 972, 389, 470, 1000, 18, 463, 407, 595, 919, 189, 425, 998, 37, 310, 480, 750, 657, 807, 284, 819, 782, 327, 30, 854, 207, 734, 890, 776, 958, 125, 343, 773, 471, 623, 871, 470, 208, 686, 299, 215, 833, 315, 559, 49, 252, 887, 678, 154, 154, 618, 216, 62, 755, 400, 997, 100, 438, 490, 543, 952, 665, 53, 108, 702, 552, 128, 279, 373, 0, 732, 68, 508, 495, 177, 265, 193, 716, 290, 464, 740, 377, 695, 504, 323, 606, 977, 505, 693, 954, 581, 952, 458, 212]
[166, 767, 755, 33, 450, 939, 373, 826, 261, 468, 407, 490, 248, 202, 823, 766, 93, 518, 468, 932, 999, 796, 966, 26, 119, 713, 308, 141, 549, 285, 894, 494, 129, 691, 755, 815, 228, 820, 50, 442, 84, 195, 369, 347, 790, 845, 162, 686, 644, 472, 200, 68, 701, 278, 440, 71, 752, 374, 564, 82, 392, 907, 616, 797, 833, 889, 434, 523, 881, 870, 939, 250, 90, 334, 780, 732, 0, 210, 634, 389, 89, 584, 50, 138, 513, 889, 567, 43, 767, 306, 295, 851, 394, 192, 660, 549, 219, 465, 897, 600]
[367, 645, 596, 695, 786, 241, 176, 971, 28, 23, 260, 944, 343, 524, 458, 639, 459, 777, 974, 886, 769, 181, 349, 590, 558, 902, 590, 829, 557, 996, 856, 572, 373, 346, 378, 917, 27, 931, 281, 567, 126, 858, 650, 708, 214, 506, 86, 594, 748, 300, 861, 734, 371, 685, 483, 292, 915, 87, 35, 377, 12, 324, 55, 903, 934, 999, 508, 529, 332, 473, 198, 709, 349, 125, 69, 68, 210, 0, 370, 853, 202, 997, 395, 92, 616, 768, 285, 420, 199, 935, 279, 71, 299, 460, 820, 104, 356, 201, 967, 799]
[712, 771, 807, 906, 763, 666, 564, 81, 847, 645, 290, 50, 608, 710, 843, 452, 800, 410, 756, 235, 870, 430, 141, 107, 365, 863, 370, 956, 973, 37, 531, 607, 584, 138, 488, 178, 591, 163, 368, 265, 382, 696, 652, 282, 101, 999, 547, 697, 561, 708, 219, 63, 205, 98, 589, 733, 166, 470, 619, 865, 202, 836, 259, 268, 101, 486, 449, 433, 793, 30, 285, 72, 113, 562, 647, 508, 634, 370, 0, 808, 579, 477, 49, 520, 198, 557, 441, 808, 867, 860, 689, 931, 915, 122, 616, 203, 122, 183, 366, 252]
[968, 457, 884, 497, 877, 619, 747, 953, 227, 134, 135, 363, 488, 597, 695, 413, 138, 240, 640, 45, 48, 341, 869, 478, 60, 617, 82, 743, 822, 268, 893, 878, 67, 447, 80, 771, 442, 595, 281, 330, 488, 104, 572, 676, 144, 624, 218, 335, 358, 513, 37, 670, 335, 917, 268, 609, 310, 795, 48, 532, 459, 695, 565, 267, 880, 797, 903, 114, 778, 713, 205, 78, 169, 843, 452, 495, 389, 853, 808, 0, 755, 310, 676, 912, 956, 320, 309, 31, 111, 746, 161, 268, 624, 181, 550, 324, 521, 212, 375, 536]
[196, 354, 863, 920, 409, 494, 670, 891, 902, 571, 561, 495, 262, 109, 884, 646, 309, 505, 583, 438, 657, 440, 12, 941, 199, 134, 144, 934, 584, 645, 383, 158, 550, 219, 835, 134, 889, 231, 199, 883, 691, 245, 166, 662, 517, 478, 474, 470, 248, 304, 489, 296, 587, 15, 129, 982, 756, 931, 478, 569, 52, 571, 68, 333, 365, 955, 943, 828, 639, 167, 806, 592, 57, 561, 320, 177, 89, 202, 579, 755, 0, 911, 440, 197, 689, 263, 516, 125, 148, 574, 908, 925, 571, 636, 681, 112, 948, 239, 694, 743]
