[0, 775, 161, 843, 45, 225, 254, 518, 658, 768, 26, 253, 328, 111, 129, 881, 515, 186, 225, 123],
[775, 0, 762, 625, 474, 290, 769, 204, 979, 596, 492, 655, 851, 378, 225, 42, 969, 399, 451, 161],
[161, 762, 0, 605, 505, 270, 120, 350, 268, 898, 307, 437, 290, 477, 28, 294, 657, 130, 35, 502],
[843, 625, 605, 0, 771, 184, 176, 15, 68, 298, 498, 385, 26, 202, 644, 973, 279, 298, 800, 397],
[45, 474, 505, 771, 0, 734, 975, 260, 262, 102, 202, 954, 812, 786, 641, 403, 822, 95, 956, 26],
[225, 290, 270, 184, 734, 0, 142, 327, 948, 566, 596, 269, 380, 72, 593, 409, 815, 192, 852, 347],
[254, 769, 120, 176, 975, 142, 0, 116, 438, 633, 791, 831, 558, 708, 135, 209, 817, 653, 241, 285],
[518, 204, 350, 15, 260, 327, 116, 0, 503, 52, 24, 35, 992, 295, 192, 286, 664, 27, 14, 541],
[658, 979, 268, 68, 262, 948, 438, 503, 0, 619, 76, 719, 735, 42, 120, 944, 59, 11, 526, 33],
[768, 596, 898, 298, 102, 566, 633, 52, 619, 0, 514, 819, 1000, 371, 992, 816, 456, 374, 280, 46],
[26, 492, 307, 498, 202, 596, 791, 24, 76, 514, 0, 857, 304, 672, 389, 985, 104, 173, 357, 620],
[253, 655, 437, 385, 954, 269, 831, 35, 719, 819, 857, 0, 30, 636, 96, 555, 774, 417, 283, 213],
[328, 851, 290, 26, 812, 380, 558, 992, 735, 1000, 304, 30, 0, 206, 237, 370, 976, 549, 814, 533],
[111, 378, 477, 202, 786, 72, 708, 295, 42, 371, 672, 636, 206, 0, 793, 641, 576, 906, 139, 565],
[129, 225, 28, 644, 641, 593, 135, 192, 120, 992, 389, 96, 237, 793, 0, 280, 958, 944, 697, 143],
[881, 42, 294, 973, 403, 409, 209, 286, 944, 816, 985, 555, 370, 641, 280, 0, 155, 130, 515, 492],
[515, 969, 657, 279, 822, 815, 817, 664, 59, 456, 104, 774, 976, 576, 958, 155, 0, 785, 748, 547],
[186, 399, 130, 298, 95, 192, 653, 27, 11, 374, 173, 417, 549, 906, 944, 130, 785, 0, 440, 610],
[225, 451, 35, 800, 956, 852, 241, 14, 526, 280, 357, 283, 814, 139, 697, 515, 748, 440, 0, 863],
[123, 161, 502, 397, 26, 347, 285, 541, 33, 46, 620, 213, 533, 565, 143, 492, 547, 610, 863, 0]
