[0, 783, 532, 193, 250, 234, 301, 547, 89, 917, 215, 988, 531, 310, 428, 866, 449, 701, 367, 807, 48, 11, 400, 148, 621, 590, 605, 925, 285, 991, 423, 891, 599, 54, 107, 685, 221, 990, 262, 798, 635, 369, 381, 342, 708, 802, 504, 847, 814, 74, 388, 574, 927, 511, 710, 474, 559, 693, 766, 193, 148, 463, 606, 773, 746, 616, 915, 891, 496, 106, 119, 88, 335, 770, 334, 98, 584, 228, 931, 801, 879, 779, 573, 989, 578, 575, 647, 799, 217, 916, 243, 766, 677, 219, 491, 969, 448, 209, 25, 625, 32, 387, 607, 615, 613, 693, 433, 288, 356, 331, 975, 46, 402, 752, 510, 316, 802, 592, 881, 21, 716, 703, 490, 200, 87, 809, 604, 92, 484, 521, 161, 919, 825, 477, 830, 656, 755, 725, 705, 306, 748, 223, 936, 351, 85, 723, 416, 331, 662, 318, 145, 71, 888, 156, 242, 46, 284, 731, 16, 259, 102, 389, 63, 870, 275, 547, 423, 50, 607, 521, 470, 597, 148, 191, 456, 404, 200, 463, 683, 108, 215, 325, 644, 495, 490, 744, 60, 588, 861, 713],
[783, 0, 362, 780, 689, 547, 443, 241, 203, 952, 469, 58, 709, 996, 135, 662, 364, 827, 411, 654, 277, 448, 564, 78, 529, 474, 171, 530, 302, 510, 743, 446, 869, 645, 804, 734, 389, 906, 585, 473, 324, 616, 274, 28, 943, 608, 624, 394, 927, 621, 237, 701, 373, 75, 757, 808, 630, 33, 956, 902, 767, 941, 916, 545, 47, 440, 273, 810, 89, 96, 738, 823, 622, 623, 953, 404, 311, 663, 721, 762, 588, 962, 536, 949, 273, 107, 701, 679, 761, 278, 336, 504, 549, 832, 491, 629, 785, 946, 15, 683, 463, 101, 699, 360, 357, 175, 58, 603, 79, 792, 281, 559, 541, 752, 914, 530, 512, 879, 503, 626, 454, 329, 763, 969, 259, 407, 555, 944, 991, 413, 572, 484, 46, 770, 733, 279, 35, 113, 925, 29, 397, 69, 754, 143, 91, 335, 53, 215, 991, 955, 144, 938, 140, 82, 687, 883, 110, 247, 541, 120, 126, 243, 139, 315, 61, 454, 393, 416, 800, 806, 569, 221, 512, 597, 975, 945, 182, 888, 554, 966, 390, 965, 334, 54, 268, 512, 246, 801, 606, 179],
[532, 362, 0, 44, 233, 597, 830, 864, 516, 110, 255, 630, 102, 828, 853, 393, 123, 192, 87, 572, 322, 591, 696, 534, 26, 149, 470, 258, 24, 743, 636, 329, 286, 118, 224, 137, 55, 484, 834, 811, 566, 75, 854, 70, 707, 453, 879, 563, 275, 277, 461, 983, 769, 888, 566, 35, 938, 868, 726, 155, 571, 352, 142, 593, 221, 560, 37, 520, 970, 581, 488, 594, 116, 921, 666, 506, 890, 199, 455, 469, 385, 786, 673, 718, 309, 242, 786, 796, 125, 341, 461, 623, 196, 361, 827, 475, 445, 421, 300, 965, 449, 937, 547, 682, 951, 321, 719, 150, 103, 947, 334, 755, 972, 745, 486, 59, 697, 139, 28, 794, 267, 844, 272, 573, 550, 150, 896, 862, 817, 507, 927, 120, 636, 916, 707, 876, 539, 648, 706, 817, 674, 205, 140, 922, 985, 128, 389, 885, 665, 591, 117, 518, 168, 293, 308, 766, 305, 192, 198, 320, 209, 109, 804, 319, 419, 508, 246, 780, 940, 680, 88, 846, 655, 533, 226, 472, 227, 488, 438, 941, 380, 496, 687, 280, 36, 561, 819, 233, 882, 166],
[193, 780, 44, 0, 393, 79, 121, 428, 173, 301, 423, 987, 604, 18, 861, 631, 422, 591, 232, 412, 206, 768, 982, 775, 285, 472, 844, 163, 459, 477, 947, 684, 395, 735, 94, 806, 403, 950, 643, 819, 137, 750, 771, 258, 923, 512, 364, 403, 209, 819, 845, 968, 596, 859, 115, 645, 44, 343, 166, 135, 438, 996, 676, 850, 537, 225, 156, 113, 550, 193, 943, 643, 200, 756, 796, 767, 228, 646, 724, 105, 500, 861, 351, 384, 66, 602, 520, 812, 973, 137, 118, 152, 785, 359, 462, 417, 74, 329, 333, 430, 438, 816, 455, 597, 29, 764, 297, 813, 381, 38, 790, 942, 839, 402, 667, 712, 914, 314, 708, 571, 513, 991, 739, 489, 881, 582, 641, 950, 616, 730, 209, 454, 22, 342, 417, 579, 16, 606, 353, 586, 994, 211, 260, 815, 614, 510, 526, 268, 225, 262, 788, 61, 560, 493, 219, 912, 961, 106, 364, 948, 832, 223, 380, 483, 473, 271, 359, 938, 558, 307, 520, 47, 660, 829, 424, 888, 300, 587, 586, 559, 722, 168, 590, 528, 622, 187, 905, 769, 488, 294],
[250, 689, 233, 393, 0, 898, 228, 619, 908, 733, 348, 388, 602, 243, 775, 958, 473, 945, 329, 439, 961, 905, 363, 707, 722, 744, 641, 826, 46, 791, 445, 181, 697, 81, 411, 335, 897, 238, 230, 715, 399, 624, 944, 728, 130, 373, 477, 162, 669, 638, 809, 441, 153, 208, 119, 270, 295, 939, 41, 115, 324, 337, 654, 178, 252, 399, 140, 879, 275, 671, 445, 268, 124, 444, 288, 394, 93, 209, 559, 68, 646, 822, 841, 782, 469, 45, 651, 493, 378, 891, 48, 201, 188, 245, 431, 865, 53, 118, 936, 926, 825, 208, 369, 606, 561, 23, 250, 76, 175, 98, 852, 189, 419, 853, 714, 454, 923, 788, 930, 561, 934, 933, 884, 325, 565, 418, 28, 97, 877, 177, 875, 202, 413, 817, 215, 938, 193, 14, 180, 168, 386, 586, 163, 441, 906, 184, 186, 378, 302, 599, 313, 171, 304, 10, 787, 756, 767, 862, 539, 864, 173, 169, 493, 680, 81, 374, 271, 770, 495, 52, 167, 424, 978, 65, 666, 150, 150, 655, 418, 96, 810, 98, 351, 515, 703, 850, 79, 785, 719, 621],
[234, 547, 597, 79, 898, 0, 769, 27, 740, 520, 169, 351, 427, 470, 728, 151, 583, 901, 968, 934, 896, 112, 149, 185, 387, 559, 974, 581, 177, 196, 626, 632, 665, 685, 703, 804, 548, 102, 517, 444, 801, 18, 64, 315, 500, 105, 886, 537, 91, 12, 403, 92, 646, 777, 467, 663, 191, 582, 306, 986, 12, 779, 680, 873, 77, 89, 92, 572, 789, 835, 634, 373, 253, 616, 979, 570, 406, 671, 908, 42, 43, 399, 314, 176, 228, 157, 989, 185, 696, 409, 220, 876, 393, 327, 391, 239, 617, 246, 302, 375, 63, 936, 904, 947, 754, 779, 934, 14, 253, 241, 971, 386, 220, 290, 345, 989, 467, 15, 727, 236, 158, 975, 182, 106, 573, 744, 610, 726, 722, 552, 329, 932, 435, 464, 910, 20, 773, 854, 511, 217, 938, 500, 135, 331, 990, 439, 755, 379, 692, 491, 235, 793, 606, 690, 99, 652, 373, 106, 884, 555, 521, 845, 324, 341, 171, 894, 516, 687, 359, 691, 854, 84, 887, 278, 621, 255, 73, 28, 822, 949, 888, 919, 773, 191, 319, 912, 98, 391, 116, 357],
[301, 443, 830, 121, 228, 769, 0, 866, 569, 443, 336, 617, 729, 510, 377, 181, 954, 377, 815, 583, 665, 980, 91, 592, 275, 451, 420, 342, 430, 470, 918, 444, 810, 491, 500, 565, 534, 987, 791, 876, 638, 840, 653, 66, 586, 96, 281, 524, 839, 90, 105, 633, 857, 992, 945, 851, 646, 867, 766, 653, 102, 579, 320, 674, 356, 623, 492, 490, 513, 120, 199, 42, 501, 661, 707, 595, 784, 616, 827, 262, 923, 103, 889, 520, 37, 354, 623, 534, 990, 239, 900, 41, 463, 76, 794, 33, 200, 94, 759, 400, 914, 584, 388, 77, 77, 992, 988, 936, 469, 130, 677, 463, 691, 284, 91, 764, 403, 532, 68, 156, 88, 914, 862, 542, 270, 85, 11, 935, 409, 684, 809, 584, 128, 989, 892, 896, 226, 972, 789, 102, 92, 835, 786, 41, 305, 539, 463, 834, 292, 901, 753, 484, 31, 267, 522, 502, 191, 228, 881, 860, 104, 53, 437, 587, 689, 306, 654, 788, 725, 672, 274, 56, 879, 141, 896, 551, 116, 468, 970, 760, 313, 328, 79, 550, 709, 55, 568, 755, 821, 209],
[547, 241, 864, 428, 619, 27, 866, 0, 500, 514, 163, 136, 116, 713, 854, 149, 159, 297, 117, 682, 471, 558, 882, 905, 787, 688, 742, 57, 687, 856, 710, 766, 310, 925, 327, 531, 30, 162, 917, 959, 347, 562, 135, 764, 865, 734, 650, 381, 981, 185, 858, 420, 902, 683, 68, 471, 902, 714, 459, 818, 757, 321, 707, 631, 573, 185, 568, 432, 404, 213, 918, 642, 361, 213, 108, 840, 701, 825, 202, 770, 300, 183, 211, 71, 178, 398, 679, 735, 143, 348, 465, 207, 723, 242, 448, 391, 305, 261, 522, 605, 843, 173, 967, 639, 773, 17, 461, 54, 459, 985, 670, 714, 230, 935, 841, 591, 668, 863, 549, 75, 862, 365, 256, 497, 222, 181, 288, 227, 675, 11, 917, 799, 194, 342, 633, 309, 816, 448, 515, 529, 27, 636, 427, 494, 70, 459, 173, 479, 172, 758, 763, 138, 101, 450, 59, 530, 761, 892, 131, 76, 867, 354, 188, 365, 482, 32, 533, 894, 873, 448, 118, 772, 553, 570, 268, 120, 463, 70, 511, 190, 336, 33, 832, 508, 75, 134, 814, 502, 576, 439],
[89, 203, 516, 173, 908, 740, 569, 500, 0, 610, 342, 31, 835, 701, 56, 110, 39, 281, 886, 325, 552, 764, 649, 963, 281, 538, 473, 884, 947, 867, 157, 569, 979, 623, 236, 809, 755, 771, 357, 711, 589, 201, 489, 15, 734, 338, 872, 876, 639, 740, 17, 761, 318, 121, 515, 23, 715, 407, 955, 519, 931, 663, 331, 531, 138, 425, 359, 233, 347, 256, 151, 153, 972, 915, 115, 311, 94, 843, 67, 801, 235, 544, 594, 457, 739, 304, 90, 723, 142, 167, 375, 819, 72, 561, 938, 381, 805, 859, 130, 295, 481, 537, 659, 810, 551, 426, 538, 750, 578, 149, 712, 200, 268, 200, 370, 731, 947, 530, 390, 897, 482, 693, 977, 454, 764, 414, 17, 229, 640, 358, 481, 736, 116, 209, 58, 213, 651, 254, 712, 781, 287, 431, 26, 742, 107, 441, 735, 723, 22, 268, 378, 136, 464, 750, 610, 37, 66, 592, 26, 261, 136, 497, 607, 821, 183, 39, 630, 525, 590, 589, 400, 759, 593, 513, 513, 188, 50, 433, 564, 806, 168, 691, 129, 398, 445, 481, 53, 517, 736, 701],
[917, 952, 110, 301, 733, 520, 443, 514, 610, 0, 994, 358, 145, 750, 525, 237, 469, 96, 807, 174, 534, 747, 733, 983, 470, 911, 986, 122, 124, 24, 49, 181, 368, 612, 389, 148, 822, 534, 843, 37, 671, 861, 846, 887, 548, 845, 106, 788, 539, 76, 600, 357, 936, 422, 706, 439, 261, 15, 231, 855, 624, 826, 77, 883, 524, 398, 952, 555, 968, 443, 107, 534, 797, 252, 902, 147, 293, 49, 744, 557, 207, 354, 888, 820, 485, 538, 899, 814, 184, 711, 100, 32, 86, 106, 364, 151, 688, 696, 499, 307, 81, 385, 561, 447, 328, 911, 507, 431, 356, 566, 791, 226, 490, 453, 681, 68, 80, 982, 551, 628, 452, 245, 368, 963, 755, 291, 562, 309, 106, 883, 235, 335, 775, 866, 738, 321, 405, 335, 630, 706, 554, 972, 654, 574, 411, 836, 918, 263, 969, 692, 531, 537, 650, 991, 96, 777, 94, 115, 341, 603, 378, 297, 502, 354, 653, 608, 747, 887, 969, 479, 257, 438, 827, 906, 16, 191, 550, 812, 914, 716, 585, 219, 41, 967, 701, 963, 237, 480, 908, 428],
[215, 469, 255, 423, 348, 169, 336, 163, 342, 994, 0, 533, 925, 160, 46, 425, 855, 167, 121, 503, 186, 794, 463, 759, 893, 94, 947, 576, 953, 928, 605, 666, 950, 667, 128, 266, 378, 423, 984, 347, 790, 722, 818, 106, 964, 818, 283, 487, 532, 57, 523, 990, 648, 485, 869, 627, 703, 929, 398, 695, 467, 337, 852, 905, 855, 104, 359, 728, 886, 437, 841, 71, 911, 798, 84, 234, 174, 984, 138, 370, 271, 511, 126, 865, 122, 256, 602, 513, 416, 678, 663, 648, 267, 519, 704, 633, 364, 502, 857, 258, 876, 89, 235, 541, 972, 935, 10, 658, 277, 215, 589, 861, 538, 689, 618, 387, 261, 196, 663, 76, 946, 408, 846, 908, 743, 479, 326, 872, 394, 290, 348, 45, 606, 827, 788, 718, 400, 230, 249, 464, 444, 291, 481, 580, 612, 281, 689, 582, 82, 96, 199, 474, 707, 942, 296, 258, 566, 254, 673, 870, 236, 179, 77, 197, 960, 482, 545, 91, 180, 140, 569, 975, 881, 871, 498, 189, 467, 917, 796, 650, 953, 355, 418, 653, 616, 307, 360, 928, 567, 81],
[988, 58, 630, 987, 388, 351, 617, 136, 31, 358, 533, 0, 855, 640, 367, 975, 960, 779, 865, 548, 922, 326, 226, 851, 423, 330, 862, 70, 783, 273, 660, 27, 323, 534, 232, 499, 550, 453, 370, 264, 738, 259, 370, 740, 916, 124, 795, 350, 374, 881, 554, 954, 655, 964, 84, 493, 911, 425, 580, 319, 271, 415, 795, 253, 46, 680, 456, 590, 513, 33, 373, 573, 906, 216, 448, 742, 61, 885, 71, 636, 976, 631, 479, 372, 33, 484, 774, 401, 245, 788, 20, 518, 393, 488, 982, 827, 524, 379, 46, 703, 976, 251, 766, 514, 893, 971, 297, 602, 541, 902, 339, 677, 696, 127, 634, 969, 48, 62, 830, 290, 511, 60, 233, 203, 505, 118, 926, 94, 364, 532, 202, 476, 893, 137, 225, 818, 638, 392, 368, 534, 552, 603, 596, 187, 661, 578, 848, 474, 178, 845, 313, 84, 834, 609, 895, 694, 302, 131, 827, 292, 805, 528, 288, 721, 388, 911, 848, 931, 348, 224, 924, 899, 332, 364, 507, 698, 516, 909, 803, 658, 275, 394, 457, 408, 86, 271, 444, 874, 425, 563],
[531, 709, 102, 604, 602, 427, 729, 116, 835, 145, 925, 855, 0, 698, 992, 864, 699, 14, 348, 674, 840, 14, 258, 905, 398, 404, 143, 828, 81, 43, 354, 211, 33, 455, 489, 44, 618, 295, 678, 516, 25, 29, 461, 136, 457, 706, 167, 227, 293, 682, 361, 398, 893, 804, 909, 405, 300, 702, 411, 349, 256, 466, 188, 766, 640, 28, 988, 211, 585, 13, 542, 431, 573, 35, 153, 739, 574, 872, 287, 857, 744, 753, 68, 196, 236, 149, 56, 523, 318, 150, 642, 99, 17, 401, 69, 465, 318, 977, 166, 74, 518, 112, 50, 436, 153, 339, 939, 663, 445, 838, 35, 769, 753, 442, 786, 201, 304, 959, 250, 693, 984, 516, 391, 996, 934, 546, 994, 330, 473, 832, 988, 643, 369, 654, 576, 183, 262, 602, 558, 845, 808, 889, 52, 426, 524, 501, 378, 234, 691, 164, 689, 310, 703, 125, 224, 699, 180, 706, 254, 564, 601, 303, 758, 323, 267, 534, 543, 838, 470, 304, 108, 621, 331, 949, 39, 803, 379, 335, 86, 31, 661, 593, 716, 236, 633, 146, 17, 807, 309, 742],
[310, 996, 828, 18, 243, 470, 510, 713, 701, 750, 160, 640, 698, 0, 18, 845, 983, 643, 58, 298, 695, 431, 999, 602, 962, 386, 563, 408, 871, 606, 585, 892, 677, 266, 980, 882, 527, 953, 957, 395, 868, 627, 648, 481, 226, 627, 232, 455, 685, 833, 510, 924, 760, 114, 69, 373, 178, 456, 832, 204, 675, 373, 476, 580, 607, 828, 379, 674, 599, 765, 850, 793, 769, 453, 888, 935, 543, 976, 882, 793, 31, 504, 177, 563, 487, 718, 489, 769, 393, 375, 128, 229, 575, 73, 401, 578, 378, 270, 564, 688, 315, 179, 962, 509, 45, 372, 188, 266, 795, 566, 503, 729, 293, 959, 775, 377, 999, 475, 30, 477, 893, 16, 928, 95, 538, 830, 981, 514, 358, 408, 405, 367, 404, 58, 311, 417, 893, 889, 274, 294, 877, 316, 700, 18, 255, 68, 132, 31, 232, 216, 915, 407, 553, 62, 711, 361, 360, 188, 315, 152, 655, 632, 58, 464, 808, 295, 659, 295, 791, 566, 155, 539, 159, 514, 952, 309, 655, 888, 369, 413, 30, 37, 239, 126, 266, 726, 748, 682, 227, 535],
[428, 135, 853, 861, 775, 728, 377, 854, 56, 525, 46, 367, 992, 18, 0, 476, 135, 357, 18, 68, 804, 578, 694, 692, 303, 853, 54, 326, 808, 393, 652, 870, 922, 22, 926, 138, 199, 684, 517, 464, 996, 969, 384, 151, 362, 222, 389, 632, 989, 105, 666, 258, 488, 598, 606, 400, 391, 16, 662, 281, 535, 700, 656, 489, 178, 530, 919, 514, 927, 567, 357, 965, 804, 700, 74, 425, 193, 924, 63, 179, 148, 866, 384, 926, 305, 509, 787, 64, 367, 546, 499, 43, 51, 54, 133, 924, 690, 969, 585, 399, 296, 79, 353, 723, 939, 508, 809, 250, 823, 398, 515, 912, 585, 643, 787, 976, 614, 982, 811, 847, 304, 957, 97, 549, 148, 17, 357, 920, 252, 906, 95, 717, 957, 274, 222, 924, 234, 969, 235, 606, 284, 327, 172, 70, 478, 137, 533, 293, 507, 266, 116, 188, 22, 411, 79, 849, 799, 292, 634, 816, 935, 985, 703, 973, 275, 558, 920, 282, 36, 908, 327, 689, 642, 731, 169, 240, 155, 768, 615, 808, 896, 609, 713, 959, 300, 144, 463, 106, 488, 308],
[866, 662, 393, 631, 958, 151, 181, 149, 110, 237, 425, 975, 864, 845, 476, 0, 98, 540, 51, 325, 635, 395, 174, 473, 432, 212, 879, 535, 814, 575, 60, 961, 13, 345, 248, 628, 37, 501, 302, 36, 993, 658, 957, 907, 372, 748, 669, 965, 795, 208, 150, 720, 879, 144, 922, 933, 591, 885, 110, 724, 228, 980, 110, 361, 749, 537, 331, 450, 742, 86, 768, 763, 635, 977, 232, 20, 619, 306, 449, 567, 951, 860, 659, 258, 81, 464, 512, 688, 973, 791, 530, 518, 405, 992, 644, 490, 620, 308, 668, 886, 293, 794, 916, 108, 781, 556, 82, 993, 680, 425, 213, 203, 244, 930, 568, 283, 1000, 317, 233, 43, 621, 391, 896, 470, 13, 501, 808, 296, 595, 802, 365, 831, 858, 617, 632, 422, 28, 278, 356, 951, 287, 714, 685, 746, 896, 247, 362, 26, 111, 567, 920, 955, 593, 135, 777, 641, 108, 774, 256, 552, 478, 829, 640, 576, 817, 789, 469, 123, 226, 477, 675, 787, 136, 496, 167, 996, 145, 335, 439, 322, 78, 357, 340, 554, 347, 354, 266, 579, 315, 50],
[449, 364, 123, 422, 473, 583, 954, 159, 39, 469, 855, 960, 699, 983, 135, 98, 0, 629, 954, 681, 849, 531, 411, 754, 770, 337, 839, 845, 715, 164, 91, 884, 146, 159, 923, 38, 122, 319, 630, 471, 35, 342, 263, 48, 363, 652, 23, 419, 557, 252, 892, 926, 325, 186, 649, 406, 429, 988, 803, 842, 826, 568, 374, 556, 806, 386, 142, 226, 477, 538, 78, 428, 490, 739, 449, 94, 122, 279, 406, 433, 201, 364, 674, 902, 397, 611, 205, 307, 185, 75, 567, 219, 252, 726, 573, 738, 331, 66, 125, 261, 379, 726, 472, 771, 942, 824, 296, 566, 394, 990, 217, 100, 362, 76, 473, 342, 527, 473, 85, 933, 536, 526, 431, 951, 86, 432, 737, 35, 595, 661, 726, 684, 42, 402, 227, 554, 231, 24, 49, 583, 794, 539, 920, 349, 473, 682, 857, 292, 770, 919, 437, 945, 658, 136, 461, 370, 240, 574, 281, 664, 748, 734, 450, 605, 930, 555, 402, 94, 165, 317, 268, 724, 856, 548, 86, 643, 981, 678, 906, 554, 543, 612, 228, 942, 198, 187, 650, 872, 883, 623],
[701, 827, 192, 591, 945, 901, 377, 297, 281, 96, 167, 779, 14, 643, 357, 540, 629, 0, 467, 42, 296, 442, 667, 262, 784, 29, 894, 336, 992, 45, 942, 974, 502, 715, 28, 485, 864, 258, 221, 205, 95, 530, 931, 831, 193, 696, 562, 975, 274, 371, 784, 345, 353, 986, 454, 851, 150, 864, 176, 817, 990, 991, 964, 407, 369, 656, 914, 553, 168, 949, 548, 979, 867, 817, 641, 419, 632, 963, 805, 175, 651, 620, 630, 277, 617, 455, 108, 562, 359, 246, 344, 539, 285, 195, 212, 899, 292, 64, 614, 472, 948, 556, 569, 594, 29, 436, 220, 61, 105, 911, 162, 955, 884, 471, 62, 37, 352, 302, 706, 773, 145, 60, 909, 142, 636, 82, 857, 401, 893, 940, 857, 92, 970, 679, 438, 608, 276, 87, 639, 587, 290, 545, 321, 173, 731, 493, 380, 713, 797, 106, 104, 117, 549, 148, 785, 662, 141, 864, 460, 685, 55, 695, 885, 588, 44, 65, 831, 178, 59, 804, 888, 755, 895, 944, 244, 414, 981, 965, 821, 750, 326, 34, 706, 88, 243, 347, 789, 244, 54, 598],
[367, 411, 87, 232, 329, 968, 815, 117, 886, 807, 121, 865, 348, 58, 18, 51, 954, 467, 0, 48, 561, 426, 790, 150, 455, 926, 208, 427, 823, 506, 76, 421, 754, 486, 880, 345, 920, 254, 236, 258, 924, 15, 219, 162, 312, 807, 945, 188, 474, 162, 877, 881, 72, 953, 492, 343, 301, 932, 333, 396, 273, 351, 533, 13, 81, 892, 463, 566, 301, 299, 808, 179, 76, 354, 828, 528, 423, 45, 661, 706, 194, 421, 724, 490, 716, 174, 70, 997, 155, 811, 910, 26, 961, 703, 585, 921, 956, 535, 403, 324, 758, 905, 422, 861, 391, 198, 994, 320, 155, 58, 437, 782, 490, 19, 66, 866, 108, 121, 458, 320, 85, 778, 222, 382, 980, 546, 470, 624, 817, 523, 909, 420, 553, 253, 563, 58, 454, 275, 137, 345, 181, 360, 319, 375, 618, 873, 82, 396, 151, 468, 901, 668, 776, 613, 242, 797, 998, 862, 568, 981, 732, 384, 104, 848, 282, 212, 775, 827, 364, 480, 937, 625, 655, 602, 789, 841, 432, 399, 63, 20, 277, 285, 593, 795, 576, 129, 903, 614, 622, 678],
[807, 654, 572, 412, 439, 934, 583, 682, 325, 174, 503, 548, 674, 298, 68, 325, 681, 42, 48, 0, 66, 112, 192, 746, 61, 990, 482, 389, 850, 212, 378, 213, 521, 606, 803, 836, 424, 109, 247, 612, 687, 432, 656, 670, 537, 918, 492, 511, 170, 390, 325, 816, 679, 596, 574, 960, 994, 460, 649, 635, 906, 409, 191, 886, 531, 122, 966, 204, 75, 849, 394, 608, 878, 956, 311, 873, 168, 705, 162, 99, 926, 345, 67, 276, 55, 650, 424, 123, 791, 483, 747, 249, 595, 139, 388, 312, 143, 161, 240, 827, 652, 884, 883, 672, 631, 415, 706, 698, 326, 135, 213, 126, 377, 778, 474, 47, 921, 500, 90, 88, 431, 856, 940, 967, 713, 886, 660, 809, 343, 507, 179, 789, 22, 204, 543, 93, 769, 715, 889, 780, 875, 815, 457, 866, 972, 678, 360, 856, 337, 657, 932, 73, 423, 996, 59, 777, 977, 868, 726, 221, 581, 58, 167, 608, 696, 601, 616, 936, 664, 414, 638, 537, 483, 987, 846, 975, 868, 783, 624, 365, 990, 840, 718, 766, 356, 217, 798, 18, 240, 428],
[48, 277, 322, 206, 961, 896, 665, 471, 552, 534, 186, 922, 840, 695, 804, 635, 849, 296, 561, 66, 0, 854, 748, 923, 439, 833, 558, 211, 390, 209, 652, 282, 854, 791, 359, 344, 240, 471, 802, 691, 415, 66, 305, 10, 170, 71, 682, 997, 403, 989, 632, 153, 696, 360, 323, 730, 407, 541, 331, 100, 832, 73, 437, 373, 79, 304, 569, 814, 907, 45, 607, 626, 928, 650, 870, 360, 168, 930, 431, 721, 835, 253, 973, 886, 823, 189, 133, 374, 79, 740, 489, 265, 700, 804, 421, 450, 519, 583, 484, 515, 16, 450, 329, 658, 677, 674, 555, 123, 15, 607, 871, 332, 824, 662, 342, 380, 346, 72, 856, 857, 302, 442, 658, 972, 524, 979, 17, 353, 395, 771, 516, 808, 179, 317, 547, 95, 794, 378, 780, 480, 797, 885, 782, 586, 480, 368, 93, 516, 601, 872, 408, 366, 938, 826, 799, 744, 307, 130, 26, 812, 939, 995, 320, 895, 876, 71, 709, 533, 464, 844, 100, 925, 766, 938, 741, 684, 120, 452, 514, 762, 681, 308, 849, 964, 254, 649, 237, 654, 163, 223],
[11, 448, 591, 768, 905, 112, 980, 558, 764, 747, 794, 326, 14, 431, 578, 395, 531, 442, 426, 112, 854, 0, 883, 610, 894, 894, 276, 331, 586, 877, 912, 335, 442, 150, 657, 684, 530, 93, 440, 67, 963, 362, 707, 946, 180, 978, 240, 541, 818, 770, 309, 476, 794, 293, 835, 810, 512, 432, 689, 353, 711, 734, 298, 972, 254, 306, 813, 363, 661, 29, 846, 171, 451, 328, 263, 43, 161, 86, 924, 896, 821, 589, 894, 442, 969, 186, 553, 932, 629, 722, 77, 612, 964, 346, 156, 996, 851, 571, 846, 204, 123, 367, 220, 743, 430, 239, 258, 77, 425, 43, 244, 346, 140, 230, 562, 420, 387, 814, 876, 699, 837, 271, 669, 592, 197, 509, 277, 969, 769, 207, 308, 31, 982, 983, 307, 608, 739, 673, 953, 298, 757, 31, 747, 271, 634, 262, 48, 46, 230, 124, 17, 824, 404, 889, 511, 527, 257, 978, 683, 322, 40, 75, 928, 361, 80, 490, 85, 457, 80, 888, 255, 99, 658, 100, 961, 286, 467, 829, 668, 94, 754, 699, 580, 228, 371, 91, 66, 803, 604, 783],
[400, 564, 696, 982, 363, 149, 91, 882, 649, 733, 463, 226, 258, 999, 694, 174, 411, 667, 790, 192, 748, 883, 0, 577, 17, 296, 985, 289, 285, 593, 876, 895, 792, 168, 326, 906, 490, 996, 455, 672, 996, 685, 977, 315, 683, 784, 659, 53, 917, 905, 152, 280, 296, 165, 744, 356, 456, 937, 31, 118, 66, 800, 453, 300, 558, 280, 744, 126, 606, 266, 131, 426, 978, 606, 837, 525, 873, 673, 380, 224, 832, 103, 574, 507, 385, 119, 740, 831, 734, 378, 474, 77, 20, 549, 103, 80, 534, 950, 741, 858, 611, 436, 414, 276, 924, 310, 878, 680, 324, 599, 149, 903, 388, 819, 30, 371, 896, 898, 396, 127, 181, 91, 224, 550, 418, 877, 95, 476, 105, 383, 121, 18, 247, 717, 545, 635, 561, 621, 44, 957, 29, 918, 589, 137, 564, 927, 135, 527, 684, 677, 673, 988, 830, 346, 583, 612, 328, 557, 774, 995, 405, 538, 565, 517, 351, 393, 112, 110, 892, 699, 655, 571, 425, 734, 137, 412, 911, 349, 676, 18, 448, 699, 28, 369, 579, 562, 254, 642, 225, 318],
[148, 78, 534, 775, 707, 185, 592, 905, 963, 983, 759, 851, 905, 602, 692, 473, 754, 262, 150, 746, 923, 610, 577, 0, 603, 838, 861, 975, 263, 374, 314, 864, 80, 986, 196, 48, 275, 11, 512, 753, 429, 891, 349, 449, 451, 685, 480, 133, 729, 562, 54, 705, 469, 166, 719, 138, 704, 677, 777, 644, 949, 207, 949, 332, 961, 428, 116, 512, 635, 672, 729, 52, 60, 637, 128, 557, 406, 364, 978, 911, 240, 147, 470, 98, 941, 862, 174, 315, 906, 89, 205, 422, 431, 120, 250, 645, 837, 228, 83, 550, 955, 167, 919, 529, 638, 659, 775, 349, 599, 27, 545, 837, 88, 18, 757, 726, 635, 869, 815, 305, 115, 956, 863, 167, 623, 421, 91, 597, 959, 376, 308, 988, 824, 836, 866, 858, 402, 228, 774, 799, 544, 896, 487, 713, 889, 817, 547, 938, 299, 616, 759, 696, 443, 826, 438, 254, 516, 840, 608, 585, 164, 52, 740, 947, 624, 38, 602, 688, 205, 347, 997, 168, 23, 700, 920, 765, 384, 542, 409, 139, 665, 510, 758, 205, 334, 30, 694, 555, 537, 265],
[621, 529, 26, 285, 722, 387, 275, 787, 281, 470, 893, 423, 398, 962, 303, 432, 770, 784, 455, 61, 439, 894, 17, 603, 0, 643, 265, 594, 316, 268, 765, 515, 975, 202, 293, 77, 14, 499, 210, 311, 299, 202, 301, 425, 496, 586, 374, 333, 680, 309, 169, 844, 305, 392, 66, 312, 221, 970, 671, 976, 209, 140, 44, 642, 638, 456, 41, 887, 164, 410, 605, 281, 844, 986, 993, 480, 175, 159, 855, 107, 884, 792, 223, 705, 426, 961, 398, 515, 941, 342, 486, 338, 826, 60, 350, 473, 233, 107, 700, 438, 94, 391, 757, 509, 319, 986, 763, 146, 504, 883, 677, 939, 443, 514, 986, 433, 934, 221, 34, 124, 638, 229, 433, 707, 76, 837, 279, 493, 830, 230, 90, 13, 951, 562, 654, 636, 27, 220, 181, 699, 221, 538, 849, 521, 620, 244, 219, 464, 219, 660, 381, 679, 234, 810, 914, 31, 523, 301, 219, 741, 39, 184, 566, 536, 337, 295, 324, 147, 257, 426, 235, 720, 519, 459, 972, 371, 12, 131, 630, 823, 296, 669, 36, 723, 242, 991, 646, 401, 766, 325],
[590, 474, 149, 472, 744, 559, 451, 688, 538, 911, 94, 330, 404, 386, 853, 212, 337, 29, 926, 990, 833, 894, 296, 838, 643, 0, 527, 751, 797, 943, 366, 930, 840, 266, 296, 400, 722, 444, 464, 143, 956, 248, 504, 522, 606, 31, 602, 145, 77, 984, 681, 695, 37, 16, 171, 716, 180, 808, 733, 90, 613, 378, 495, 11, 323, 367, 101, 504, 512, 586, 23, 699, 952, 287, 552, 722, 41, 689, 116, 323, 390, 207, 226, 389, 457, 969, 272, 332, 759, 845, 657, 43, 55, 263, 837, 435, 245, 881, 119, 951, 906, 61, 732, 708, 34, 686, 193, 76, 813, 347, 832, 496, 556, 222, 151, 27, 584, 717, 614, 391, 110, 324, 814, 108, 37, 247, 82, 517, 913, 127, 491, 975, 809, 148, 347, 664, 106, 347, 15, 532, 202, 760, 960, 888, 271, 536, 994, 532, 764, 454, 245, 129, 648, 345, 380, 727, 218, 814, 936, 161, 648, 214, 724, 218, 692, 979, 323, 433, 236, 802, 561, 780, 804, 273, 793, 748, 898, 791, 56, 871, 654, 493, 781, 488, 916, 371, 222, 617, 486, 720],
[605, 171, 470, 844, 641, 974, 420, 742, 473, 986, 947, 862, 143, 563, 54, 879, 839, 894, 208, 482, 558, 276, 985, 861, 265, 527, 0, 953, 514, 861, 898, 323, 967, 835, 136, 102, 788, 12, 408, 133, 49, 462, 236, 93, 806, 947, 10, 308, 861, 502, 399, 45, 444, 727, 235, 901, 145, 694, 784, 749, 556, 639, 112, 486, 873, 554, 760, 263, 342, 839, 715, 546, 641, 323, 857, 756, 506, 360, 506, 387, 139, 261, 727, 54, 456, 35, 312, 329, 80, 158, 20, 729, 893, 988, 933, 106, 292, 591, 225, 48, 154, 944, 988, 14, 953, 151, 42, 255, 262, 958, 996, 990, 678, 31, 215, 877, 705, 375, 884, 136, 250, 307, 197, 75, 906, 952, 574, 775, 356, 491, 765, 142, 295, 143, 639, 660, 256, 257, 232, 614, 484, 69, 663, 494, 689, 745, 382, 994, 675, 929, 926, 494, 359, 322, 61, 410, 89, 723, 479, 43, 456, 961, 494, 313, 888, 989, 42, 579, 823, 840, 645, 448, 891, 115, 172, 909, 254, 655, 955, 982, 65, 514, 484, 898, 628, 537, 751, 435, 419, 113],
[925, 530, 258, 163, 826, 581, 342, 57, 884, 122, 576, 70, 828, 408, 326, 535, 845, 336, 427, 389, 211, 331, 289, 975, 594, 751, 953, 0, 205, 815, 726, 615, 368, 584, 821, 916, 573, 492, 12, 613, 324, 421, 624, 531, 559, 165, 357, 67, 447, 369, 500, 214, 866, 144, 868, 214, 601, 441, 408, 367, 425, 681, 462, 406, 715, 771, 995, 534, 131, 721, 392, 284, 852, 485, 928, 699, 586, 921, 755, 519, 879, 434, 554, 202, 181, 785, 177, 293, 969, 315, 642, 164, 510, 773, 76, 750, 631, 845, 725, 787, 681, 873, 548, 872, 980, 701, 466, 725, 744, 104, 456, 950, 701, 360, 423, 858, 921, 187, 355, 979, 792, 247, 467, 47, 937, 770, 617, 760, 365, 763, 250, 473, 37, 534, 25, 152, 502, 289, 997, 94, 172, 427, 710, 142, 103, 950, 274, 740, 655, 868, 143, 992, 255, 765, 593, 998, 713, 587, 263, 485, 590, 520, 189, 308, 733, 508, 377, 82, 506, 84, 538, 74, 624, 169, 808, 443, 397, 914, 655, 998, 249, 483, 706, 712, 400, 45, 45, 580, 420, 844],
[285, 302, 24, 459, 46, 177, 430, 687, 947, 124, 953, 783, 81, 871, 808, 814, 715, 992, 823, 850, 390, 586, 285, 263, 316, 797, 514, 205, 0, 316, 909, 740, 248, 803, 140, 514, 443, 17, 770, 265, 268, 37, 311, 252, 539, 530, 388, 647, 782, 310, 646, 959, 893, 34, 556, 417, 925, 73, 538, 359, 204, 464, 482, 470, 836, 289, 161, 941, 621, 334, 331, 950, 588, 561, 657, 362, 119, 749, 684, 313, 142, 944, 634, 336, 922, 23, 760, 413, 377, 98, 297, 936, 716, 500, 997, 955, 438, 822, 156, 130, 569, 399, 308, 682, 217, 237, 299, 765, 883, 148, 975, 230, 984, 608, 410, 154, 841, 923, 851, 645, 151, 611, 916, 983, 345, 448, 223, 926, 364, 406, 718, 225, 451, 844, 331, 267, 565, 433, 895, 344, 703, 489, 397, 332, 925, 117, 659, 309, 107, 175, 435, 740, 434, 638, 859, 625, 349, 545, 616, 271, 557, 538, 695, 552, 276, 125, 271, 346, 81, 549, 850, 223, 166, 250, 336, 397, 992, 699, 987, 196, 206, 172, 787, 345, 934, 512, 430, 52, 874, 886],
[991, 510, 743, 477, 791, 196, 470, 856, 867, 24, 928, 273, 43, 606, 393, 575, 164, 45, 506, 212, 209, 877, 593, 374, 268, 943, 861, 815, 316, 0, 896, 775, 602, 343, 135, 626, 500, 638, 19, 440, 151, 927, 127, 454, 725, 133, 568, 682, 709, 969, 616, 356, 444, 48, 802, 657, 516, 598, 684, 992, 355, 382, 172, 34, 370, 463, 14, 862, 170, 737, 543, 244, 883, 228, 976, 284, 555, 316, 320, 669, 370, 773, 232, 383, 406, 12, 174, 980, 574, 715, 24, 150, 604, 581, 610, 658, 314, 964, 889, 276, 412, 290, 463, 126, 596, 831, 436, 997, 985, 402, 617, 108, 616, 492, 959, 74, 767, 678, 418, 59, 125, 644, 549, 947, 64, 647, 192, 660, 931, 781, 510, 603, 425, 667, 298, 819, 722, 88, 935, 721, 700, 279, 608, 222, 692, 374, 549, 332, 247, 799, 88, 100, 78, 957, 386, 390, 122, 163, 195, 625, 269, 356, 740, 582, 726, 900, 875, 750, 215, 151, 601, 73, 298, 528, 289, 193, 153, 853, 417, 973, 177, 36, 677, 705, 292, 169, 23, 52, 493, 729],
[423, 743, 636, 947, 445, 626, 918, 710, 157, 49, 605, 660, 354, 585, 652, 60, 91, 942, 76, 378, 652, 912, 876, 314, 765, 366, 898, 726, 909, 896, 0, 405, 973, 384, 402, 238, 584, 737, 754, 990, 905, 394, 886, 415, 393, 259, 92, 646, 368, 540, 135, 625, 632, 807, 544, 877, 167, 600, 26, 931, 954, 369, 175, 588, 247, 491, 382, 976, 662, 20, 245, 279, 882, 466, 826, 882, 362, 350, 765, 575, 456, 409, 484, 215, 135, 926, 196, 920, 990, 460, 427, 477, 223, 331, 182, 126, 403, 652, 714, 339, 659, 921, 797, 508, 203, 186, 960, 170, 363, 123, 763, 537, 463, 557, 835, 674, 291, 30, 562, 874, 630, 634, 165, 297, 966, 516, 914, 626, 293, 288, 779, 569, 973, 104, 292, 203, 619, 379, 301, 388, 155, 943, 818, 597, 84, 993, 171, 992, 131, 980, 466, 100, 326, 152, 891, 695, 657, 229, 846, 687, 65, 648, 757, 439, 330, 896, 411, 36, 462, 760, 231, 399, 53, 868, 655, 557, 898, 962, 33, 871, 709, 853, 107, 71, 516, 990, 122, 750, 492, 202],
[891, 446, 329, 684, 181, 632, 444, 766, 569, 181, 666, 27, 211, 892, 870, 961, 884, 974, 421, 213, 282, 335, 895, 864, 515, 930, 323, 615, 740, 775, 405, 0, 988, 994, 162, 797, 150, 604, 554, 849, 116, 894, 354, 716, 574, 53, 571, 393, 210, 201, 212, 690, 412, 688, 575, 97, 699, 310, 738, 668, 757, 974, 862, 169, 243, 105, 639, 857, 365, 556, 673, 967, 976, 896, 704, 285, 677, 312, 256, 816, 440, 840, 166, 708, 327, 631, 966, 41, 920, 672, 27, 953, 432, 538, 249, 807, 183, 199, 456, 703, 119, 477, 344, 157, 572, 621, 107, 952, 222, 227, 225, 713, 284, 951, 576, 297, 585, 250, 115, 376, 711, 202, 840, 831, 524, 503, 641, 645, 847, 140, 808, 553, 506, 872, 760, 212, 994, 277, 217, 11, 806, 208, 785, 320, 989, 519, 942, 567, 278, 877, 475, 235, 498, 11, 243, 820, 467, 592, 451, 92, 257, 163, 971, 456, 735, 667, 639, 178, 506, 816, 146, 299, 335, 646, 665, 312, 412, 302, 34, 662, 272, 352, 500, 526, 66, 358, 355, 493, 946, 654],
[599, 869, 286, 395, 697, 665, 810, 310, 979, 368, 950, 323, 33, 677, 922, 13, 146, 502, 754, 521, 854, 442, 792, 80, 975, 840, 967, 368, 248, 602, 973, 988, 0, 43, 747, 439, 10, 427, 648, 494, 253, 466, 303, 984, 570, 454, 981, 692, 64, 415, 580, 960, 120, 125, 40, 885, 319, 529, 726, 877, 36, 875, 483, 322, 458, 547, 679, 979, 821, 362, 463, 590, 994, 445, 328, 935, 506, 59, 451, 317, 97, 72, 649, 641, 697, 18, 347, 306, 385, 660, 68, 200, 671, 136, 943, 860, 725, 992, 388, 145, 898, 80, 900, 961, 819, 211, 243, 803, 530, 847, 582, 320, 624, 910, 143, 174, 463, 63, 520, 93, 114, 371, 109, 738, 350, 46, 763, 862, 208, 779, 576, 96, 502, 64, 927, 108, 546, 688, 517, 973, 354, 118, 538, 211, 151, 384, 527, 135, 842, 659, 206, 404, 725, 902, 629, 320, 176, 732, 788, 453, 713, 158, 122, 277, 347, 172, 725, 416, 15, 932, 582, 691, 130, 345, 276, 852, 539, 339, 609, 640, 421, 191, 821, 145, 677, 905, 544, 732, 203, 982],
[54, 645, 118, 735, 81, 685, 491, 925, 623, 612, 667, 534, 455, 266, 22, 345, 159, 715, 486, 606, 791, 150, 168, 986, 202, 266, 835, 584, 803, 343, 384, 994, 43, 0, 652, 964, 298, 381, 314, 897, 108, 536, 635, 316, 878, 292, 671, 354, 842, 681, 437, 846, 539, 392, 447, 156, 27, 684, 335, 553, 299, 412, 180, 194, 827, 548, 505, 942, 857, 563, 12, 197, 98, 558, 179, 267, 866, 576, 161, 783, 445, 803, 381, 999, 153, 629, 394, 510, 429, 358, 611, 458, 242, 746, 657, 598, 933, 421, 655, 194, 168, 220, 325, 318, 106, 793, 23, 464, 76, 257, 729, 274, 46, 329, 676, 720, 408, 394, 111, 702, 653, 225, 910, 191, 378, 420, 824, 592, 879, 450, 990, 667, 528, 887, 389, 620, 865, 780, 969, 978, 155, 90, 303, 136, 844, 315, 517, 26, 463, 679, 18, 780, 479, 223, 707, 485, 585, 413, 992, 123, 712, 434, 952, 990, 201, 946, 219, 348, 369, 830, 659, 479, 790, 431, 325, 883, 209, 432, 702, 319, 982, 761, 118, 460, 950, 586, 426, 221, 477, 869],
[107, 804, 224, 94, 411, 703, 500, 327, 236, 389, 128, 232, 489, 980, 926, 248, 923, 28, 880, 803, 359, 657, 326, 196, 293, 296, 136, 821, 140, 135, 402, 162, 747, 652, 0, 441, 777, 809, 592, 275, 113, 775, 726, 929, 491, 783, 925, 443, 386, 293, 797, 174, 199, 578, 921, 852, 543, 500, 588, 197, 523, 266, 486, 97, 127, 783, 515, 267, 274, 236, 542, 405, 869, 513, 99, 383, 891, 771, 397, 208, 938, 889, 463, 970, 340, 760, 152, 489, 683, 45, 223, 777, 762, 248, 614, 667, 32, 522, 976, 578, 59, 939, 771, 211, 911, 873, 77, 541, 357, 785, 585, 532, 585, 383, 689, 365, 805, 829, 884, 194, 187, 427, 478, 513, 969, 162, 24, 292, 780, 822, 523, 462, 159, 319, 489, 234, 975, 262, 258, 773, 165, 52, 107, 201, 891, 194, 813, 339, 222, 28, 81, 205, 947, 867, 815, 847, 953, 825, 595, 591, 252, 150, 340, 482, 899, 863, 110, 160, 637, 871, 222, 151, 689, 904, 737, 46, 595, 408, 113, 326, 812, 630, 438, 419, 246, 486, 371, 263, 791, 411],
[685, 734, 137, 806, 335, 804, 565, 531, 809, 148, 266, 499, 44, 882, 138, 628, 38, 485, 345, 836, 344, 684, 906, 48, 77, 400, 102, 916, 514, 626, 238, 797, 439, 964, 441, 0, 871, 895, 904, 757, 384, 471, 803, 93, 724, 836, 104, 256, 108, 386, 500, 739, 381, 71, 814, 562, 958, 72, 900, 314, 184, 630, 843, 493, 705, 981, 528, 177, 93, 225, 478, 694, 336, 731, 373, 767, 651, 116, 517, 378, 323, 703, 223, 645, 917, 462, 629, 123, 912, 498, 535, 903, 335, 70, 993, 46, 39, 847, 549, 50, 473, 894, 485, 717, 339, 82, 47, 58, 344, 338, 583, 591, 203, 23, 159, 812, 828, 436, 995, 672, 850, 913, 481, 338, 706, 863, 252, 419, 31, 228, 730, 208, 642, 42, 934, 70, 505, 412, 536, 902, 380, 652, 613, 765, 167, 28, 780, 220, 909, 31, 872, 37, 321, 388, 403, 171, 968, 975, 95, 532, 60, 207, 739, 918, 34, 167, 948, 848, 212, 82, 824, 825, 138, 254, 667, 348, 705, 281, 820, 143, 336, 681, 502, 58, 157, 156, 90, 442, 469, 329],
[221, 389, 55, 403, 897, 548, 534, 30, 755, 822, 378, 550, 618, 527, 199, 37, 122, 864, 920, 424, 240, 530, 490, 275, 14, 722, 788, 573, 443, 500, 584, 150, 10, 298, 777, 871, 0, 343, 911, 675, 199, 84, 627, 866, 994, 62, 489, 565, 701, 889, 754, 896, 49, 907, 884, 700, 209, 904, 359, 227, 868, 110, 608, 500, 986, 445, 579, 840, 189, 391, 224, 178, 594, 684, 407, 535, 583, 322, 114, 943, 226, 721, 917, 736, 341, 13, 592, 896, 283, 728, 69, 214, 829, 297, 753, 779, 907, 579, 786, 525, 566, 328, 811, 152, 375, 887, 314, 837, 807, 753, 631, 140, 783, 735, 149, 531, 130, 271, 527, 101, 269, 923, 908, 261, 183, 530, 479, 813, 653, 287, 581, 802, 442, 564, 285, 107, 125, 377, 908, 900, 311, 300, 472, 446, 971, 222, 115, 746, 649, 246, 772, 751, 196, 688, 985, 328, 106, 869, 227, 577, 829, 740, 845, 911, 31, 384, 632, 212, 209, 20, 418, 104, 954, 382, 550, 637, 882, 843, 270, 536, 802, 913, 923, 816, 66, 173, 339, 563, 169, 697],
[990, 906, 484, 950, 238, 102, 987, 162, 771, 534, 423, 453, 295, 953, 684, 501, 319, 258, 254, 109, 471, 93, 996, 11, 499, 444, 12, 492, 17, 638, 737, 604, 427, 381, 809, 895, 343, 0, 429, 257, 529, 121, 571, 471, 623, 169, 169, 844, 192, 108, 96, 553, 44, 447, 678, 944, 100, 823, 427, 583, 718, 360, 200, 302, 966, 448, 900, 393, 772, 152, 473, 963, 688, 964, 942, 461, 298, 22, 487, 211, 665, 903, 506, 337, 460, 48, 274, 144, 280, 132, 725, 718, 435, 498, 97, 806, 439, 69, 406, 455, 653, 731, 195, 729, 494, 912, 981, 741, 656, 123, 270, 409, 452, 579, 384, 262, 352, 268, 729, 375, 561, 353, 637, 879, 456, 206, 226, 19, 899, 353, 157, 257, 872, 479, 12, 538, 410, 374, 184, 718, 120, 173, 132, 463, 721, 576, 361, 814, 463, 238, 368, 584, 511, 863, 520, 360, 361, 113, 405, 623, 739, 466, 801, 495, 83, 616, 96, 389, 556, 801, 463, 15, 31, 886, 688, 476, 918, 168, 119, 231, 886, 923, 875, 455, 434, 994, 134, 704, 91, 514],
[262, 585, 834, 643, 230, 517, 791, 917, 357, 843, 984, 370, 678, 957, 517, 302, 630, 221, 236, 247, 802, 440, 455, 512, 210, 464, 408, 12, 770, 19, 754, 554, 648, 314, 592, 904, 911, 429, 0, 293, 102, 266, 876, 824, 446, 898, 618, 674, 831, 487, 351, 838, 403, 817, 730, 678, 132, 22, 292, 984, 570, 704, 21, 64, 681, 774, 704, 26, 195, 86, 232, 313, 885, 715, 653, 23, 319, 885, 824, 736, 626, 235, 348, 213, 161, 788, 681, 276, 549, 766, 712, 835, 408, 546, 291, 690, 427, 754, 37, 170, 706, 932, 796, 480, 400, 293, 340, 475, 453, 908, 772, 161, 165, 114, 838, 377, 615, 781, 969, 770, 117, 992, 731, 918, 434, 205, 857, 945, 46, 202, 706, 567, 909, 955, 996, 929, 732, 915, 685, 878, 794, 71, 756, 990, 507, 587, 560, 684, 240, 758, 425, 800, 800, 549, 720, 208, 82, 368, 614, 652, 894, 372, 368, 126, 121, 466, 731, 743, 871, 512, 188, 804, 108, 851, 32, 161, 585, 137, 186, 912, 629, 597, 675, 582, 897, 722, 226, 742, 206, 840],
[798, 473, 811, 819, 715, 444, 876, 959, 711, 37, 347, 264, 516, 395, 464, 36, 471, 205, 258, 612, 691, 67, 672, 753, 311, 143, 133, 613, 265, 440, 990, 849, 494, 897, 275, 757, 675, 257, 293, 0, 553, 156, 272, 168, 800, 343, 538, 650, 786, 621, 908, 520, 768, 704, 99, 884, 38, 101, 744, 790, 562, 556, 254, 688, 51, 93, 708, 342, 795, 799, 652, 975, 635, 338, 342, 529, 351, 577, 678, 704, 845, 893, 738, 295, 129, 771, 172, 444, 644, 482, 247, 931, 694, 704, 273, 341, 620, 199, 934, 524, 787, 180, 478, 20, 233, 364, 845, 486, 991, 391, 948, 186, 725, 546, 993, 78, 974, 305, 582, 366, 782, 522, 782, 977, 71, 617, 485, 563, 996, 188, 545, 454, 208, 784, 773, 628, 268, 10, 807, 991, 719, 978, 96, 243, 949, 135, 951, 783, 912, 630, 362, 231, 977, 840, 829, 728, 278, 335, 40, 414, 400, 206, 331, 449, 163, 273, 500, 961, 702, 693, 318, 922, 372, 450, 640, 448, 746, 589, 486, 265, 984, 21, 499, 20, 492, 883, 169, 904, 814, 107],
[635, 324, 566, 137, 399, 801, 638, 347, 589, 671, 790, 738, 25, 868, 996, 993, 35, 95, 924, 687, 415, 963, 996, 429, 299, 956, 49, 324, 268, 151, 905, 116, 253, 108, 113, 384, 199, 529, 102, 553, 0, 963, 916, 687, 882, 627, 980, 498, 422, 993, 761, 97, 132, 529, 28, 691, 113, 445, 906, 83, 24, 487, 259, 938, 583, 166, 524, 62, 52, 436, 766, 812, 947, 937, 702, 189, 369, 932, 292, 20, 382, 901, 561, 961, 495, 399, 828, 399, 871, 182, 189, 13, 637, 709, 825, 440, 882, 946, 325, 918, 590, 980, 651, 897, 832, 442, 757, 146, 277, 199, 311, 77, 467, 769, 85, 28, 152, 43, 949, 354, 112, 680, 843, 411, 879, 877, 619, 135, 270, 941, 655, 456, 728, 177, 257, 482, 955, 400, 646, 514, 807, 252, 463, 373, 590, 698, 11, 703, 735, 332, 77, 451, 957, 929, 135, 292, 145, 14, 862, 155, 749, 125, 131, 835, 81, 111, 45, 843, 607, 662, 166, 499, 956, 798, 336, 372, 347, 329, 407, 553, 983, 419, 132, 397, 557, 836, 943, 150, 207, 87],
[369, 616, 75, 750, 624, 18, 840, 562, 201, 861, 722, 259, 29, 627, 969, 658, 342, 530, 15, 432, 66, 362, 685, 891, 202, 248, 462, 421, 37, 927, 394, 894, 466, 536, 775, 471, 84, 121, 266, 156, 963, 0, 806, 296, 309, 648, 58, 425, 232, 54, 541, 327, 891, 521, 372, 938, 746, 141, 701, 370, 360, 462, 127, 132, 830, 240, 752, 697, 226, 962, 524, 510, 949, 785, 792, 181, 286, 688, 342, 636, 554, 166, 517, 767, 111, 504, 966, 971, 623, 57, 872, 362, 441, 262, 844, 42, 622, 577, 649, 371, 360, 431, 730, 778, 930, 911, 221, 305, 74, 247, 985, 145, 161, 823, 761, 507, 832, 214, 321, 851, 794, 219, 108, 524, 115, 777, 708, 405, 933, 986, 902, 986, 672, 541, 674, 57, 704, 232, 894, 288, 577, 984, 813, 616, 493, 856, 815, 282, 171, 916, 428, 20, 173, 63, 94, 353, 439, 38, 826, 759, 853, 352, 89, 157, 667, 475, 312, 914, 84, 227, 737, 554, 318, 499, 391, 833, 871, 299, 411, 540, 922, 349, 60, 315, 71, 821, 745, 776, 326, 787],
