[0, 573, 952, 585, 232, 675, 392, 59, 126, 372, 955, 13, 88, 204, 992, 261, 564, 650, 490, 796, 980, 963, 727, 636, 796, 950, 937, 172, 674, 808, 240, 755, 808, 844, 264, 976, 400, 348, 223, 234],
[573, 0, 704, 160, 88, 279, 344, 374, 418, 864, 776, 843, 692, 414, 336, 279, 429, 656, 93, 657, 534, 459, 969, 806, 63, 70, 591, 873, 95, 936, 194, 606, 944, 57, 473, 582, 707, 786, 315, 455],
[952, 704, 0, 285, 812, 668, 265, 720, 677, 26, 649, 461, 976, 227, 93, 116, 893, 547, 294, 780, 819, 908, 624, 152, 677, 608, 842, 606, 292, 311, 812, 708, 664, 646, 36, 584, 562, 903, 323, 464],
[585, 160, 285, 0, 414, 901, 246, 682, 398, 845, 524, 919, 275, 859, 380, 699, 184, 159, 19, 424, 392, 851, 61, 132, 202, 237, 18, 775, 228, 390, 491, 649, 332, 383, 556, 25, 955, 934, 134, 573],
[232, 88, 812, 414, 0, 273, 922, 935, 699, 115, 668, 44, 625, 683, 535, 987, 732, 964, 196, 717, 492, 21, 629, 221, 122, 746, 465, 406, 952, 969, 780, 671, 72, 807, 251, 931, 854, 791, 93, 37],
[675, 279, 668, 901, 273, 0, 372, 853, 19, 92, 508, 45, 333, 768, 143, 489, 401, 437, 186, 492, 378, 135, 448, 609, 688, 516, 538, 566, 962, 850, 285, 611, 872, 820, 667, 741, 302, 60, 48, 272],
[392, 344, 265, 246, 922, 372, 0, 456, 760, 455, 256, 57, 459, 482, 38, 638, 920, 648, 168, 104, 49, 529, 195, 663, 340, 882, 372, 250, 833, 708, 133, 178, 579, 348, 480, 291, 979, 163, 805, 438],
[59, 374, 720, 682, 935, 853, 456, 0, 679, 812, 570, 663, 254, 782, 208, 323, 803, 536, 296, 485, 997, 60, 123, 327, 360, 269, 715, 78, 586, 359, 102, 782, 152, 549, 642, 860, 435, 498, 751, 143],
[126, 418, 677, 398, 699, 19, 760, 679, 0, 548, 605, 644, 916, 401, 838, 210, 67, 340, 177, 975, 222, 870, 370, 828, 541, 298, 735, 664, 739, 340, 347, 509, 905, 174, 106, 509, 673, 759, 14, 794],
[372, 864, 26, 845, 115, 92, 455, 812, 548, 0, 459, 541, 219, 490, 136, 998, 22, 722, 540, 982, 435, 260, 61, 651, 422, 980, 415, 979, 400, 514, 351, 491, 579, 689, 849, 275, 301, 603, 575, 147],
[955, 776, 649, 524, 668, 508, 256, 570, 605, 459, 0, 19, 967, 195, 416, 760, 298, 310, 644, 429, 899, 897, 662, 221, 416, 652, 15, 990, 842, 368, 523, 64, 992, 521, 196, 677, 297, 39, 800, 496],
[13, 843, 461, 919, 44, 45, 57, 663, 644, 541, 19, 0, 508, 760, 112, 533, 686, 315, 59, 345, 428, 347, 835, 748, 666, 734, 229, 105, 124, 680, 538, 953, 458, 703, 535, 580, 76, 347, 557, 446],
[88, 692, 976, 275, 625, 333, 459, 254, 916, 219, 967, 508, 0, 64, 893, 937, 33, 831, 964, 853, 874, 948, 272, 748, 541, 432, 472, 788, 737, 377, 746, 606, 762, 634, 694, 797, 553, 202, 776, 199],
[204, 414, 227, 859, 683, 768, 482, 782, 401, 490, 195, 760, 64, 0, 345, 64, 288, 601, 523, 485, 23, 444, 936, 323, 866, 759, 748, 509, 918, 777, 960, 311, 150, 876, 825, 157, 639, 54, 845, 281],
[992, 336, 93, 380, 535, 143, 38, 208, 838, 136, 416, 112, 893, 345, 0, 99, 266, 558, 59, 754, 20, 250, 375, 273, 37, 212, 773, 850, 871, 317, 723, 711, 36, 244, 538, 59, 270, 971, 669, 834],
[261, 279, 116, 699, 987, 489, 638, 323, 210, 998, 760, 533, 937, 64, 99, 0, 411, 600, 480, 880, 249, 869, 745, 698, 52, 751, 488, 338, 591, 446, 941, 564, 143, 205, 31, 75, 332, 913, 873, 727],
[564, 429, 893, 184, 732, 401, 920, 803, 67, 22, 298, 686, 33, 288, 266, 411, 0, 915, 803, 219, 264, 16, 648, 794, 751, 426, 165, 183, 711, 339, 961, 356, 284, 835, 150, 582, 939, 491, 929, 17],
[650, 656, 547, 159, 964, 437, 648, 536, 340, 722, 310, 315, 831, 601, 558, 600, 915, 0, 776, 683, 653, 745, 672, 724, 284, 301, 522, 427, 757, 291, 338, 626, 915, 174, 663, 941, 650, 96, 924, 838],
[490, 93, 294, 19, 196, 186, 168, 296, 177, 540, 644, 59, 964, 523, 59, 480, 803, 776, 0, 673, 997, 697, 600, 672, 589, 77, 306, 294, 978, 849, 225, 780, 946, 611, 78, 342, 416, 422, 540, 689],
[796, 657, 780, 424, 717, 492, 104, 485, 975, 982, 429, 345, 853, 485, 754, 880, 219, 683, 673, 0, 791, 471, 405, 923, 176, 739, 189, 806, 887, 480, 225, 537, 867, 994, 165, 82, 206, 374, 321, 148],
[980, 534, 819, 392, 492, 378, 49, 997, 222, 435, 899, 428, 874, 23, 20, 249, 264, 653, 997, 791, 0, 547, 624, 367, 871, 822, 599, 334, 993, 314, 597, 423, 763, 885, 251, 722, 919, 530, 91, 396],
[963, 459, 908, 851, 21, 135, 529, 60, 870, 260, 897, 347, 948, 444, 250, 869, 16, 745, 697, 471, 547, 0, 474, 558, 363, 944, 844, 163, 745, 22, 999, 798, 726, 273, 175, 882, 542, 775, 248, 195],
[727, 969, 624, 61, 629, 448, 195, 123, 370, 61, 662, 835, 272, 936, 375, 745, 648, 672, 600, 405, 624, 474, 0, 476, 597, 61, 973, 104, 821, 92, 906, 847, 142, 935, 350, 613, 136, 624, 872, 851],
[636, 806, 152, 132, 221, 609, 663, 327, 828, 651, 221, 748, 748, 323, 273, 698, 794, 724, 672, 923, 367, 558, 476, 0, 652, 321, 816, 161, 214, 680, 999, 286, 782, 901, 311, 52, 827, 918, 992, 19],
[796, 63, 677, 202, 122, 688, 340, 360, 541, 422, 416, 666, 541, 866, 37, 52, 751, 284, 589, 176, 871, 363, 597, 652, 0, 721, 307, 554, 640, 11, 118, 138, 504, 195, 840, 915, 662, 82, 254, 276],
[950, 70, 608, 237, 746, 516, 882, 269, 298, 980, 652, 734, 432, 759, 212, 751, 426, 301, 77, 739, 822, 944, 61, 321, 721, 0, 825, 405, 786, 84, 310, 574, 943, 458, 969, 192, 778, 586, 902, 218],
[937, 591, 842, 18, 465, 538, 372, 715, 735, 415, 15, 229, 472, 748, 773, 488, 165, 522, 306, 189, 599, 844, 973, 816, 307, 825, 0, 194, 221, 968, 149, 485, 793, 622, 715, 967, 143, 202, 806, 530],
[172, 873, 606, 775, 406, 566, 250, 78, 664, 979, 990, 105, 788, 509, 850, 338, 183, 427, 294, 806, 334, 163, 104, 161, 554, 405, 194, 0, 609, 270, 41, 929, 141, 476, 470, 714, 801, 334, 260, 424],
[674, 95, 292, 228, 952, 962, 833, 586, 739, 400, 842, 124, 737, 918, 871, 591, 711, 757, 978, 887, 993, 745, 821, 214, 640, 786, 221, 609, 0, 523, 348, 708, 787, 821, 473, 828, 841, 820, 882, 286],
[808, 936, 311, 390, 969, 850, 708, 359, 340, 514, 368, 680, 377, 777, 317, 446, 339, 291, 849, 480, 314, 22, 92, 680, 11, 84, 968, 270, 523, 0, 665, 254, 240, 674, 42, 432, 604, 521, 588, 210],
[240, 194, 812, 491, 780, 285, 133, 102, 347, 351, 523, 538, 746, 960, 723, 941, 961, 338, 225, 225, 597, 999, 906, 999, 118, 310, 149, 41, 348, 665, 0, 677, 696, 928, 877, 264, 754, 352, 206, 565],
[755, 606, 708, 649, 671, 611, 178, 782, 509, 491, 64, 953, 606, 311, 711, 564, 356, 626, 780, 537, 423, 798, 847, 286, 138, 574, 485, 929, 708, 254, 677, 0, 421, 762, 879, 739, 36, 722, 889, 583],
[808, 944, 664, 332, 72, 872, 579, 152, 905, 579, 992, 458, 762, 150, 36, 143, 284, 915, 946, 867, 763, 726, 142, 782, 504, 943, 793, 141, 787, 240, 696, 421, 0, 948, 892, 58, 453, 370, 991, 912],
[844, 57, 646, 383, 807, 820, 348, 549, 174, 689, 521, 703, 634, 876, 244, 205, 835, 174, 611, 994, 885, 273, 935, 901, 195, 458, 622, 476, 821, 674, 928, 762, 948, 0, 561, 973, 648, 363, 568, 393],
[264, 473, 36, 556, 251, 667, 480, 642, 106, 849, 196, 535, 694, 825, 538, 31, 150, 663, 78, 165, 251, 175, 350, 311, 840, 969, 715, 470, 473, 42, 877, 879, 892, 561, 0, 326, 577, 257, 417, 770],
[976, 582, 584, 25, 931, 741, 291, 860, 509, 275, 677, 580, 797, 157, 59, 75, 582, 941, 342, 82, 722, 882, 613, 52, 915, 192, 967, 714, 828, 432, 264, 739, 58, 973, 326, 0, 853, 11, 612, 52],
[400, 707, 562, 955, 854, 302, 979, 435, 673, 301, 297, 76, 553, 639, 270, 332, 939, 650, 416, 206, 919, 542, 136, 827, 662, 778, 143, 801, 841, 604, 754, 36, 453, 648, 577, 853, 0, 431, 118, 780],
[348, 786, 903, 934, 791, 60, 163, 498, 759, 603, 39, 347, 202, 54, 971, 913, 491, 96, 422, 374, 530, 775, 624, 918, 82, 586, 202, 334, 820, 521, 352, 722, 370, 363, 257, 11, 431, 0, 692, 638],
[223, 315, 323, 134, 93, 48, 805, 751, 14, 575, 800, 557, 776, 845, 669, 873, 929, 924, 540, 321, 91, 248, 872, 992, 254, 902, 806, 260, 882, 588, 206, 889, 991, 568, 417, 612, 118, 692, 0, 71],
[234, 455, 464, 573, 37, 272, 438, 143, 794, 147, 496, 446, 199, 281, 834, 727, 17, 838, 689, 148, 396, 195, 851, 19, 276, 218, 530, 424, 286, 210, 565, 583, 912, 393, 770, 52, 780, 638, 71, 0]
