[0, 976, 672, 749, 467, 984, 299, 884, 941, 813, 633, 139, 504, 472, 755, 231, 482, 912, 740, 618, 806, 828, 586, 503, 865, 874, 331, 422, 235, 709, 930, 813, 289, 541, 269, 624, 759, 861, 44, 763, 884, 27, 168, 876, 682, 400, 710, 75, 373, 190, 746, 510, 506, 970, 694, 163, 542, 329, 692, 354, 177, 397, 849, 315, 926, 426, 243, 26, 964, 393, 359, 944, 822, 556, 797, 587, 575, 149, 808, 533, 842, 112, 851, 665, 640, 878, 931, 107, 737, 57, 885, 317, 703, 976, 31, 671, 777, 61, 423, 440, 833, 718, 581, 865, 905, 352, 868, 268, 182, 799, 88, 927, 470, 133, 568, 710, 417, 931, 836, 433, 816, 791, 790, 221, 10, 866, 571, 931, 512, 901, 710, 386, 668, 407, 939, 711, 544, 100, 444, 320, 866, 571, 691, 10, 217, 380, 358, 965, 735, 646, 426, 535, 195, 658, 964, 952, 598, 552, 930, 910, 772, 350, 724, 577, 165, 433, 507, 978, 756, 644, 813, 529, 255, 579, 511, 386, 768, 789, 175, 824, 320, 289, 11, 801, 137, 761, 990, 742, 995, 686, 825, 322, 930, 352, 308, 51, 335, 796, 881, 34]
[976, 0, 921, 701, 304, 342, 984, 566, 887, 257, 12, 569, 893, 769, 983, 789, 262, 674, 292, 936, 510, 481, 559, 649, 663, 706, 552, 41, 821, 984, 886, 76, 742, 205, 718, 606, 718, 665, 442, 630, 677, 858, 465, 654, 457, 853, 132, 283, 950, 164, 854, 357, 655, 557, 507, 900, 410, 392, 947, 693, 553, 666, 213, 718, 477, 226, 355, 113, 334, 458, 235, 282, 709, 67, 462, 796, 754, 102, 190, 731, 978, 796, 63, 185, 457, 914, 116, 420, 850, 805, 541, 996, 121, 154, 446, 514, 941, 894, 829, 133, 471, 963, 873, 41, 969, 533, 545, 281, 261, 178, 114, 668, 533, 300, 804, 58, 97, 529, 578, 615, 749, 222, 439, 727, 28, 784, 703, 162, 387, 794, 896, 198, 287, 549, 992, 777, 790, 944, 967, 538, 907, 126, 605, 216, 271, 932, 736, 241, 226, 806, 692, 56, 181, 451, 614, 16, 86, 891, 662, 329, 557, 441, 768, 693, 311, 205, 716, 839, 16, 496, 670, 913, 612, 285, 81, 133, 577, 246, 888, 454, 464, 281, 185, 958, 797, 436, 781, 714, 615, 439, 653, 622, 851, 871, 732, 639, 289, 701, 171, 59]
[672, 921, 0, 30, 475, 765, 816, 750, 751, 688, 615, 292, 889, 52, 416, 808, 862, 692, 718, 474, 339, 391, 666, 351, 547, 341, 122, 940, 107, 745, 977, 455, 642, 136, 53, 203, 870, 751, 320, 696, 188, 389, 930, 400, 303, 910, 683, 365, 962, 273, 801, 846, 964, 814, 19, 309, 285, 149, 866, 607, 757, 916, 712, 771, 837, 834, 774, 448, 13, 665, 756, 561, 664, 103, 44, 135, 976, 385, 457, 360, 326, 581, 324, 689, 62, 529, 913, 489, 412, 170, 88, 752, 880, 861, 18, 840, 937, 610, 81, 400, 329, 516, 49, 498, 313, 420, 346, 409, 33, 659, 762, 597, 143, 948, 664, 254, 576, 477, 992, 181, 398, 508, 339, 685, 234, 246, 389, 753, 954, 781, 763, 770, 202, 555, 219, 367, 648, 162, 668, 486, 926, 414, 730, 992, 587, 481, 215, 557, 442, 810, 565, 749, 480, 932, 708, 446, 241, 555, 392, 851, 994, 39, 373, 523, 604, 876, 984, 739, 107, 687, 485, 388, 496, 224, 291, 492, 889, 718, 212, 772, 919, 433, 198, 788, 68, 209, 712, 457, 199, 492, 908, 481, 613, 481, 394, 255, 907, 310, 466, 659]
[749, 701, 30, 0, 166, 518, 479, 470, 90, 641, 551, 600, 563, 198, 486, 315, 635, 322, 388, 273, 605, 320, 185, 254, 723, 557, 547, 651, 643, 11, 985, 980, 304, 638, 386, 968, 923, 838, 642, 249, 648, 108, 748, 414, 623, 817, 632, 379, 641, 262, 495, 726, 749, 283, 745, 583, 799, 723, 378, 395, 853, 976, 636, 767, 145, 429, 617, 687, 83, 285, 896, 954, 887, 323, 517, 824, 205, 688, 262, 323, 376, 434, 862, 74, 413, 662, 540, 45, 984, 759, 503, 791, 876, 124, 290, 188, 529, 503, 936, 905, 837, 532, 369, 20, 411, 684, 732, 325, 897, 470, 313, 988, 382, 809, 160, 663, 369, 242, 791, 976, 192, 23, 174, 159, 253, 876, 294, 676, 720, 351, 549, 626, 58, 831, 505, 645, 179, 350, 486, 97, 894, 719, 94, 909, 889, 108, 233, 524, 856, 503, 938, 496, 178, 919, 931, 149, 461, 824, 316, 788, 234, 937, 854, 29, 233, 638, 415, 872, 855, 995, 627, 464, 773, 761, 82, 775, 39, 277, 967, 826, 419, 519, 681, 924, 801, 806, 839, 108, 553, 29, 898, 86, 578, 891, 681, 835, 83, 264, 411, 355]
[467, 304, 475, 166, 0, 435, 431, 127, 215, 720, 653, 897, 18, 590, 177, 954, 255, 769, 160, 743, 229, 952, 259, 522, 605, 201, 553, 160, 736, 683, 895, 883, 609, 627, 496, 581, 962, 294, 868, 642, 396, 21, 246, 951, 62, 261, 133, 969, 360, 543, 67, 275, 166, 358, 203, 975, 83, 60, 100, 548, 810, 57, 657, 41, 972, 184, 419, 102, 752, 968, 974, 657, 212, 991, 817, 55, 846, 601, 218, 39, 869, 52, 349, 66, 307, 869, 702, 690, 389, 920, 127, 108, 597, 224, 671, 898, 663, 218, 494, 765, 773, 118, 61, 591, 943, 565, 70, 899, 839, 584, 467, 934, 358, 628, 591, 923, 681, 259, 313, 258, 401, 255, 963, 690, 54, 50, 724, 646, 664, 654, 861, 26, 165, 74, 206, 697, 328, 546, 534, 426, 313, 110, 308, 345, 278, 817, 251, 516, 479, 336, 881, 434, 350, 656, 208, 940, 422, 631, 579, 562, 131, 499, 353, 292, 679, 959, 486, 418, 826, 635, 110, 977, 539, 669, 637, 891, 215, 570, 754, 200, 241, 819, 577, 794, 970, 943, 72, 291, 670, 314, 147, 750, 593, 938, 155, 843, 399, 416, 969, 701]
[984, 342, 765, 518, 435, 0, 494, 178, 983, 521, 672, 770, 21, 889, 715, 62, 748, 834, 740, 223, 421, 70, 234, 650, 96, 503, 291, 762, 932, 421, 328, 928, 861, 257, 294, 43, 148, 895, 627, 548, 706, 501, 320, 855, 217, 210, 89, 374, 108, 845, 193, 436, 944, 528, 634, 453, 230, 950, 228, 813, 158, 79, 292, 62, 239, 793, 929, 621, 277, 874, 790, 64, 870, 570, 770, 145, 394, 308, 938, 63, 185, 24, 785, 842, 130, 170, 918, 86, 933, 895, 819, 714, 184, 413, 208, 702, 420, 345, 472, 367, 662, 935, 547, 172, 316, 583, 873, 408, 801, 194, 134, 443, 686, 786, 913, 249, 54, 117, 291, 844, 575, 99, 76, 440, 954, 323, 284, 816, 313, 584, 911, 394, 208, 14, 68, 739, 532, 689, 757, 35, 888, 138, 458, 776, 65, 99, 556, 583, 761, 419, 830, 907, 625, 924, 983, 137, 726, 345, 302, 472, 489, 941, 247, 372, 309, 723, 796, 81, 86, 443, 688, 237, 373, 574, 933, 57, 936, 471, 652, 166, 65, 302, 502, 879, 206, 595, 736, 595, 872, 400, 169, 217, 358, 316, 649, 767, 395, 476, 488, 972]
[299, 984, 816, 479, 431, 494, 0, 298, 419, 886, 197, 464, 960, 153, 740, 143, 238, 368, 924, 281, 329, 522, 594, 233, 805, 155, 150, 166, 564, 530, 514, 870, 776, 674, 468, 301, 484, 177, 344, 359, 251, 601, 156, 525, 216, 837, 570, 469, 65, 650, 269, 147, 666, 208, 26, 318, 895, 113, 469, 507, 211, 48, 615, 480, 28, 287, 408, 587, 527, 877, 70, 118, 789, 241, 613, 830, 984, 423, 943, 695, 893, 373, 368, 791, 186, 122, 824, 828, 13, 337, 623, 118, 284, 143, 197, 261, 325, 477, 853, 153, 647, 182, 449, 383, 473, 643, 203, 183, 394, 651, 289, 312, 704, 393, 365, 717, 756, 238, 945, 113, 365, 235, 659, 681, 673, 641, 421, 304, 579, 355, 745, 725, 157, 514, 151, 104, 881, 38, 999, 70, 294, 42, 933, 501, 462, 588, 923, 740, 539, 241, 289, 183, 999, 340, 95, 896, 717, 148, 95, 297, 921, 369, 330, 252, 1000, 344, 930, 408, 280, 57, 240, 102, 321, 941, 981, 601, 367, 200, 657, 715, 726, 730, 886, 971, 811, 212, 57, 974, 115, 344, 879, 20, 67, 794, 50, 354, 679, 61, 204, 430]
[884, 566, 750, 470, 127, 178, 298, 0, 978, 297, 34, 212, 208, 140, 29, 423, 563, 728, 902, 238, 882, 959, 78, 582, 900, 439, 648, 274, 767, 760, 311, 665, 466, 362, 945, 436, 231, 964, 737, 370, 563, 459, 495, 482, 777, 508, 263, 937, 895, 131, 405, 913, 881, 490, 742, 45, 478, 46, 515, 412, 710, 394, 574, 884, 746, 221, 236, 83, 706, 737, 976, 497, 947, 118, 897, 155, 20, 488, 323, 410, 750, 624, 775, 724, 518, 550, 326, 972, 571, 877, 174, 606, 262, 449, 429, 843, 695, 628, 637, 635, 351, 153, 41, 545, 617, 844, 680, 946, 225, 291, 493, 318, 374, 181, 634, 742, 659, 116, 286, 88, 365, 34, 162, 860, 692, 801, 237, 299, 475, 980, 413, 141, 515, 275, 441, 18, 987, 736, 159, 555, 347, 267, 743, 609, 974, 391, 597, 17, 966, 710, 999, 655, 369, 222, 377, 44, 626, 35, 909, 627, 700, 467, 687, 213, 70, 623, 255, 462, 13, 141, 458, 549, 325, 475, 21, 48, 876, 279, 909, 612, 961, 165, 654, 166, 321, 669, 874, 776, 26, 190, 817, 800, 253, 477, 134, 377, 749, 897, 300, 794]
[941, 887, 751, 90, 215, 983, 419, 978, 0, 983, 252, 193, 300, 772, 748, 424, 848, 664, 150, 227, 193, 384, 996, 975, 703, 829, 189, 349, 364, 198, 598, 156, 131, 457, 102, 482, 228, 511, 720, 469, 521, 300, 445, 68, 411, 938, 200, 694, 630, 451, 850, 21, 291, 623, 239, 283, 630, 160, 212, 313, 568, 447, 593, 628, 460, 850, 138, 970, 454, 169, 773, 821, 11, 894, 129, 824, 211, 755, 665, 623, 701, 124, 715, 371, 730, 151, 330, 466, 899, 415, 176, 475, 659, 393, 237, 879, 73, 313, 983, 491, 110, 438, 91, 865, 287, 513, 847, 431, 270, 419, 504, 924, 893, 138, 442, 659, 276, 806, 742, 940, 93, 600, 570, 837, 58, 349, 992, 211, 161, 463, 22, 671, 447, 58, 546, 956, 536, 96, 936, 455, 871, 914, 641, 939, 283, 458, 352, 732, 33, 82, 79, 131, 965, 813, 325, 626, 472, 445, 41, 533, 905, 448, 973, 533, 875, 429, 436, 934, 651, 613, 672, 27, 153, 225, 269, 634, 993, 786, 314, 832, 996, 156, 268, 80, 859, 359, 440, 184, 979, 668, 830, 153, 533, 698, 331, 153, 413, 101, 207, 682]
[813, 257, 688, 641, 720, 521, 886, 297, 983, 0, 406, 185, 992, 617, 606, 564, 292, 317, 999, 134, 224, 188, 892, 272, 718, 385, 412, 473, 510, 951, 36, 103, 202, 874, 827, 287, 850, 712, 274, 144, 648, 992, 187, 282, 392, 528, 447, 627, 879, 656, 377, 924, 488, 936, 768, 463, 722, 611, 585, 142, 126, 228, 688, 640, 738, 853, 807, 842, 689, 209, 329, 107, 787, 120, 718, 798, 283, 482, 367, 330, 449, 260, 150, 851, 394, 488, 873, 899, 655, 271, 870, 87, 837, 656, 224, 96, 950, 290, 776, 359, 721, 713, 776, 693, 810, 819, 212, 589, 70, 116, 280, 408, 583, 912, 208, 299, 384, 345, 910, 372, 729, 317, 15, 843, 634, 323, 652, 58, 13, 749, 289, 73, 108, 699, 619, 415, 121, 993, 679, 661, 214, 291, 530, 350, 596, 129, 534, 876, 631, 67, 212, 160, 611, 397, 443, 364, 652, 836, 870, 591, 794, 669, 163, 976, 627, 134, 856, 348, 49, 229, 958, 284, 472, 342, 247, 873, 766, 697, 537, 876, 99, 478, 42, 212, 238, 911, 467, 993, 197, 650, 107, 386, 766, 125, 320, 756, 302, 401, 197, 767]
[633, 12, 615, 551, 653, 672, 197, 34, 252, 406, 0, 56, 444, 960, 318, 676, 458, 422, 477, 359, 803, 871, 821, 316, 60, 226, 832, 18, 991, 140, 675, 81, 406, 985, 26, 994, 493, 645, 838, 872, 310, 704, 43, 826, 128, 113, 322, 496, 350, 915, 937, 295, 213, 665, 162, 329, 665, 654, 471, 546, 411, 331, 851, 934, 340, 969, 684, 614, 802, 783, 537, 519, 25, 313, 720, 240, 401, 97, 335, 199, 962, 907, 166, 264, 719, 942, 497, 808, 712, 650, 386, 223, 183, 769, 639, 761, 430, 860, 736, 324, 170, 759, 33, 730, 296, 128, 776, 415, 198, 292, 585, 70, 766, 484, 388, 429, 321, 685, 51, 863, 574, 29, 706, 811, 295, 667, 677, 520, 900, 496, 841, 261, 869, 368, 500, 161, 59, 546, 873, 453, 456, 636, 222, 43, 523, 267, 344, 653, 133, 610, 833, 378, 348, 946, 45, 424, 64, 773, 473, 589, 961, 87, 461, 325, 227, 936, 12, 311, 574, 269, 42, 253, 540, 211, 92, 464, 345, 301, 228, 920, 140, 393, 476, 997, 261, 496, 153, 134, 581, 274, 994, 155, 662, 60, 739, 310, 404, 386, 842, 428]
[139, 569, 292, 600, 897, 770, 464, 212, 193, 185, 56, 0, 515, 583, 404, 538, 964, 595, 972, 894, 408, 607, 394, 374, 331, 100, 592, 253, 603, 703, 545, 969, 565, 116, 222, 557, 926, 335, 437, 216, 808, 841, 973, 105, 353, 827, 465, 595, 515, 44, 645, 865, 507, 94, 862, 342, 283, 617, 942, 427, 236, 504, 448, 889, 244, 693, 502, 686, 221, 640, 629, 854, 805, 232, 650, 152, 308, 141, 718, 881, 387, 376, 262, 296, 579, 976, 307, 709, 208, 107, 145, 965, 164, 978, 82, 508, 200, 399, 561, 788, 226, 723, 698, 755, 898, 765, 808, 755, 805, 715, 729, 101, 473, 84, 40, 148, 584, 35, 423, 126, 336, 17, 484, 541, 123, 733, 506, 402, 80, 170, 770, 409, 613, 409, 265, 489, 771, 333, 388, 172, 185, 447, 269, 687, 695, 422, 765, 736, 283, 843, 745, 744, 622, 543, 772, 629, 47, 655, 546, 35, 666, 466, 894, 579, 108, 475, 519, 216, 948, 159, 343, 311, 18, 624, 582, 32, 165, 203, 264, 36, 682, 633, 571, 252, 183, 424, 590, 578, 61, 608, 385, 681, 477, 966, 916, 605, 62, 122, 995, 215]
[504, 893, 889, 563, 18, 21, 960, 208, 300, 992, 444, 515, 0, 37, 611, 781, 136, 225, 667, 898, 324, 780, 895, 881, 350, 382, 651, 966, 174, 48, 35, 230, 750, 624, 454, 401, 496, 752, 262, 368, 404, 48, 679, 709, 683, 146, 917, 238, 699, 1000, 932, 362, 160, 433, 590, 417, 946, 24, 875, 905, 247, 200, 241, 663, 358, 309, 13, 239, 415, 755, 328, 130, 809, 800, 217, 209, 977, 668, 730, 319, 835, 831, 894, 45, 744, 196, 318, 184, 51, 315, 152, 729, 607, 715, 558, 61, 677, 391, 167, 424, 13, 170, 443, 612, 499, 746, 239, 843, 835, 86, 528, 987, 585, 623, 27, 634, 11, 549, 327, 1000, 570, 489, 48, 657, 411, 221, 972, 715, 437, 156, 370, 334, 852, 879, 190, 933, 579, 467, 39, 641, 251, 871, 604, 647, 402, 333, 849, 98, 122, 318, 199, 144, 576, 510, 574, 768, 382, 129, 353, 255, 444, 766, 101, 182, 559, 327, 550, 129, 14, 289, 504, 469, 504, 859, 319, 615, 42, 976, 392, 453, 853, 913, 307, 923, 553, 301, 727, 130, 440, 319, 457, 134, 473, 250, 897, 881, 266, 893, 94, 201]
[472, 769, 52, 198, 590, 889, 153, 140, 772, 617, 960, 583, 37, 0, 244, 806, 923, 935, 672, 921, 820, 820, 146, 652, 981, 241, 665, 515, 899, 69, 398, 133, 12, 367, 692, 685, 484, 219, 264, 585, 687, 12, 709, 958, 133, 915, 637, 591, 573, 918, 26, 298, 428, 163, 764, 603, 300, 450, 448, 209, 840, 256, 594, 94, 588, 677, 945, 919, 164, 624, 565, 636, 204, 169, 14, 820, 361, 753, 793, 629, 889, 390, 899, 772, 36, 162, 831, 466, 841, 256, 273, 525, 701, 714, 668, 801, 533, 131, 92, 614, 57, 408, 777, 46, 161, 623, 825, 193, 270, 569, 194, 581, 995, 678, 980, 503, 926, 113, 615, 197, 370, 545, 218, 923, 625, 860, 821, 239, 856, 653, 195, 494, 187, 203, 100, 34, 594, 209, 101, 827, 463, 728, 224, 151, 993, 106, 302, 111, 505, 718, 288, 391, 717, 97, 146, 63, 552, 291, 712, 685, 484, 182, 935, 838, 922, 334, 356, 331, 671, 579, 33, 484, 360, 508, 406, 335, 221, 879, 401, 221, 682, 42, 231, 848, 458, 589, 815, 376, 673, 110, 864, 383, 658, 700, 968, 221, 636, 926, 496, 796]
[755, 983, 416, 486, 177, 715, 740, 29, 748, 606, 318, 404, 611, 244, 0, 627, 443, 489, 581, 593, 392, 808, 888, 851, 261, 961, 312, 126, 360, 764, 761, 807, 780, 489, 202, 614, 797, 138, 99, 969, 926, 228, 581, 183, 116, 474, 861, 353, 615, 987, 874, 934, 627, 763, 929, 695, 665, 609, 412, 408, 713, 200, 457, 118, 715, 510, 278, 151, 963, 24, 601, 643, 861, 131, 273, 359, 14, 491, 824, 693, 435, 267, 103, 101, 838, 571, 233, 862, 392, 209, 145, 895, 858, 317, 845, 631, 380, 791, 754, 958, 676, 318, 363, 317, 537, 573, 234, 394, 799, 803, 430, 606, 371, 653, 290, 594, 580, 584, 669, 24, 919, 571, 324, 462, 318, 931, 629, 576, 892, 798, 978, 282, 614, 147, 405, 271, 266, 112, 885, 724, 785, 540, 461, 758, 440, 263, 923, 722, 934, 528, 773, 511, 460, 135, 514, 658, 821, 982, 478, 146, 551, 235, 688, 473, 766, 756, 347, 400, 529, 148, 502, 19, 639, 451, 785, 210, 449, 481, 784, 699, 47, 286, 217, 98, 908, 341, 696, 540, 332, 655, 586, 263, 950, 118, 537, 698, 83, 149, 720, 31]
[231, 789, 808, 315, 954, 62, 143, 423, 424, 564, 676, 538, 781, 806, 627, 0, 875, 920, 300, 298, 476, 687, 486, 498, 746, 69, 498, 236, 469, 639, 711, 103, 197, 600, 805, 90, 811, 670, 607, 928, 141, 235, 386, 165, 495, 632, 121, 809, 893, 625, 647, 982, 812, 975, 385, 131, 34, 261, 503, 431, 282, 223, 164, 714, 125, 347, 254, 496, 212, 306, 409, 984, 393, 286, 70, 928, 672, 859, 757, 444, 823, 988, 967, 740, 725, 417, 340, 496, 972, 424, 207, 37, 224, 466, 188, 510, 522, 293, 13, 528, 35, 456, 766, 108, 940, 13, 458, 473, 910, 626, 423, 99, 477, 96, 890, 526, 304, 812, 853, 810, 171, 644, 120, 222, 63, 876, 673, 991, 737, 770, 492, 186, 666, 630, 466, 596, 586, 683, 86, 585, 183, 560, 308, 126, 607, 141, 348, 399, 812, 356, 614, 506, 254, 761, 504, 933, 459, 846, 645, 165, 489, 614, 483, 271, 755, 343, 381, 86, 283, 592, 768, 320, 248, 341, 351, 68, 890, 163, 993, 798, 635, 777, 492, 748, 985, 172, 388, 831, 482, 42, 879, 223, 416, 347, 674, 662, 69, 341, 682, 694]
[482, 262, 862, 635, 255, 748, 238, 563, 848, 292, 458, 964, 136, 923, 443, 875, 0, 352, 623, 551, 264, 570, 775, 165, 554, 572, 892, 524, 463, 364, 214, 340, 701, 806, 202, 920, 756, 384, 504, 927, 119, 341, 562, 650, 426, 734, 938, 729, 841, 405, 523, 305, 57, 962, 427, 431, 666, 882, 812, 663, 175, 707, 30, 1000, 702, 681, 78, 930, 267, 596, 77, 900, 550, 345, 349, 919, 855, 169, 372, 848, 822, 195, 203, 415, 572, 748, 765, 527, 30, 247, 766, 147, 17, 205, 169, 752, 686, 305, 698, 794, 527, 449, 12, 829, 681, 293, 272, 332, 933, 330, 281, 769, 646, 301, 691, 807, 143, 610, 37, 416, 165, 674, 290, 319, 150, 590, 755, 464, 203, 555, 56, 439, 391, 320, 141, 148, 545, 265, 813, 655, 520, 64, 681, 921, 573, 546, 247, 651, 339, 237, 776, 936, 595, 617, 149, 802, 530, 656, 732, 213, 295, 85, 100, 425, 212, 67, 836, 529, 231, 357, 602, 307, 636, 385, 563, 545, 331, 413, 41, 748, 438, 923, 198, 705, 118, 732, 243, 346, 351, 982, 286, 852, 161, 641, 870, 684, 868, 457, 996, 516]
[912, 674, 692, 322, 769, 834, 368, 728, 664, 317, 422, 595, 225, 935, 489, 920, 352, 0, 466, 934, 234, 134, 747, 919, 408, 604, 527, 639, 424, 228, 624, 775, 119, 78, 927, 385, 406, 816, 320, 373, 916, 231, 23, 857, 364, 590, 498, 142, 704, 745, 831, 567, 531, 66, 395, 218, 956, 875, 641, 571, 695, 703, 654, 986, 117, 954, 75, 672, 686, 327, 489, 971, 836, 343, 117, 599, 659, 954, 820, 720, 789, 613, 519, 857, 812, 46, 324, 397, 471, 732, 793, 738, 679, 122, 475, 912, 570, 61, 636, 751, 824, 269, 133, 754, 82, 460, 753, 327, 677, 293, 81, 38, 640, 974, 521, 233, 126, 775, 875, 865, 810, 446, 512, 455, 505, 720, 783, 640, 684, 442, 651, 986, 220, 270, 30, 598, 570, 601, 793, 469, 717, 348, 733, 138, 172, 69, 795, 418, 758, 601, 47, 454, 224, 252, 586, 637, 370, 425, 925, 936, 855, 712, 496, 959, 889, 829, 274, 156, 77, 710, 169, 585, 649, 389, 636, 427, 749, 248, 905, 903, 359, 658, 764, 475, 795, 845, 560, 357, 845, 722, 117, 187, 744, 631, 404, 460, 779, 531, 677, 311]
[740, 292, 718, 388, 160, 740, 924, 902, 150, 999, 477, 972, 667, 672, 581, 300, 623, 466, 0, 225, 212, 38, 536, 558, 104, 480, 468, 205, 371, 305, 336, 281, 804, 406, 816, 761, 657, 362, 566, 512, 839, 483, 224, 337, 880, 767, 147, 693, 675, 660, 216, 653, 791, 562, 72, 327, 908, 481, 358, 386, 389, 924, 771, 74, 780, 148, 537, 79, 289, 10, 840, 523, 141, 413, 348, 102, 829, 915, 211, 750, 23, 800, 632, 255, 439, 413, 891, 919, 263, 550, 621, 369, 819, 978, 76, 213, 576, 224, 447, 337, 612, 887, 737, 771, 727, 470, 180, 224, 728, 417, 809, 243, 661, 623, 414, 740, 555, 293, 145, 941, 653, 997, 477, 949, 993, 754, 43, 286, 129, 208, 988, 149, 144, 853, 178, 445, 204, 777, 265, 357, 756, 730, 490, 70, 803, 266, 178, 940, 308, 578, 554, 37, 120, 317, 823, 984, 660, 173, 814, 216, 827, 936, 671, 950, 18, 225, 992, 914, 893, 557, 442, 234, 753, 735, 969, 306, 305, 726, 609, 41, 966, 777, 784, 553, 832, 147, 682, 296, 667, 407, 10, 241, 802, 573, 869, 172, 851, 471, 432, 63]
[618, 936, 474, 273, 743, 223, 281, 238, 227, 134, 359, 894, 898, 921, 593, 298, 551, 934, 225, 0, 960, 695, 937, 495, 767, 682, 345, 962, 733, 149, 392, 775, 220, 23, 279, 198, 849, 665, 496, 732, 996, 155, 793, 934, 618, 420, 80, 164, 236, 486, 445, 256, 295, 325, 354, 839, 69, 17, 771, 144, 579, 764, 903, 305, 756, 310, 274, 787, 504, 679, 678, 874, 287, 78, 976, 234, 77, 405, 516, 385, 967, 799, 486, 875, 653, 173, 10, 849, 472, 353, 480, 736, 121, 14, 637, 977, 324, 486, 836, 855, 467, 577, 882, 143, 643, 354, 488, 944, 515, 419, 748, 800, 979, 689, 88, 444, 528, 191, 121, 866, 167, 650, 738, 854, 473, 819, 444, 417, 550, 355, 707, 882, 258, 664, 187, 994, 293, 920, 875, 879, 155, 722, 363, 928, 670, 579, 208, 866, 925, 664, 655, 210, 47, 158, 144, 721, 773, 436, 263, 428, 513, 562, 770, 808, 937, 233, 93, 750, 946, 788, 662, 595, 329, 688, 769, 939, 360, 968, 822, 788, 137, 141, 814, 239, 157, 417, 474, 400, 23, 847, 166, 944, 846, 173, 919, 252, 324, 247, 753, 512]
[806, 510, 339, 605, 229, 421, 329, 882, 193, 224, 803, 408, 324, 820, 392, 476, 264, 234, 212, 960, 0, 793, 521, 24, 891, 403, 328, 469, 855, 980, 585, 32, 252, 594, 396, 71, 635, 322, 875, 985, 878, 578, 480, 390, 221, 380, 362, 245, 107, 854, 494, 966, 391, 347, 772, 946, 676, 276, 613, 10, 331, 666, 379, 918, 750, 865, 59, 634, 24, 123, 775, 564, 857, 67, 580, 301, 723, 110, 110, 573, 662, 641, 310, 113, 506, 614, 72, 208, 919, 97, 497, 276, 306, 193, 258, 501, 320, 603, 775, 52, 502, 450, 276, 993, 692, 161, 739, 355, 438, 556, 212, 513, 716, 850, 664, 238, 943, 97, 597, 757, 827, 662, 892, 380, 904, 170, 326, 21, 365, 776, 984, 520, 647, 705, 150, 235, 558, 10, 683, 654, 327, 581, 603, 120, 884, 268, 10, 939, 458, 930, 269, 533, 946, 996, 966, 264, 593, 710, 709, 174, 659, 826, 471, 980, 915, 570, 938, 690, 210, 458, 94, 794, 548, 293, 132, 711, 28, 256, 76, 748, 772, 44, 692, 73, 345, 938, 293, 453, 59, 524, 668, 221, 209, 55, 893, 916, 259, 546, 613, 633]
[828, 481, 391, 320, 952, 70, 522, 959, 384, 188, 871, 607, 780, 820, 808, 687, 570, 134, 38, 695, 793, 0, 260, 851, 741, 460, 480, 997, 306, 43, 688, 290, 615, 258, 764, 355, 257, 630, 231, 952, 176, 10, 694, 174, 167, 892, 410, 723, 261, 211, 784, 131, 510, 150, 400, 13, 173, 190, 302, 983, 963, 477, 585, 130, 499, 213, 331, 748, 778, 836, 286, 601, 684, 410, 904, 277, 171, 716, 968, 794, 66, 301, 998, 137, 617, 603, 411, 848, 824, 67, 919, 742, 432, 653, 331, 925, 832, 533, 89, 729, 755, 145, 583, 616, 210, 696, 649, 208, 576, 216, 586, 755, 602, 579, 34, 887, 897, 321, 930, 807, 748, 577, 273, 985, 886, 156, 684, 279, 761, 956, 81, 889, 112, 898, 25, 150, 365, 686, 975, 678, 33, 630, 65, 307, 12, 344, 149, 623, 990, 287, 86, 115, 963, 687, 105, 625, 654, 548, 468, 152, 448, 331, 229, 787, 772, 278, 232, 885, 100, 506, 707, 719, 747, 968, 269, 882, 903, 837, 816, 375, 775, 491, 955, 125, 97, 437, 26, 120, 547, 990, 232, 760, 110, 924, 960, 190, 841, 906, 331, 845]
[586, 559, 666, 185, 259, 234, 594, 78, 996, 892, 821, 394, 895, 146, 888, 486, 775, 747, 536, 937, 521, 260, 0, 652, 825, 270, 701, 413, 863, 820, 451, 465, 778, 876, 927, 747, 808, 898, 904, 261, 418, 692, 155, 617, 387, 387, 74, 56, 640, 330, 460, 99, 947, 50, 90, 254, 467, 102, 726, 817, 892, 549, 688, 537, 709, 78, 628, 102, 734, 110, 815, 174, 225, 764, 171, 481, 977, 781, 714, 901, 699, 629, 201, 833, 138, 114, 758, 931, 430, 917, 581, 770, 494, 371, 37, 349, 729, 683, 15, 319, 212, 232, 116, 373, 655, 617, 977, 222, 928, 96, 371, 816, 969, 496, 417, 603, 865, 60, 245, 982, 590, 446, 632, 616, 897, 409, 349, 28, 291, 113, 908, 622, 870, 875, 321, 801, 971, 832, 918, 622, 574, 24, 704, 268, 168, 566, 917, 937, 306, 800, 323, 402, 599, 370, 981, 232, 521, 763, 742, 351, 62, 14, 385, 919, 682, 617, 70, 381, 844, 881, 713, 494, 381, 65, 457, 971, 876, 712, 580, 472, 412, 908, 890, 825, 536, 192, 748, 333, 390, 365, 731, 835, 317, 751, 351, 86, 774, 490, 669, 363]
[503, 649, 351, 254, 522, 650, 233, 582, 975, 272, 316, 374, 881, 652, 851, 498, 165, 919, 558, 495, 24, 851, 652, 0, 156, 652, 954, 558, 711, 96, 171, 695, 526, 30, 825, 199, 512, 318, 338, 949, 499, 10, 565, 584, 420, 331, 425, 422, 230, 747, 307, 254, 691, 785, 746, 270, 700, 95, 801, 931, 731, 64, 185, 783, 637, 544, 858, 198, 556, 516, 224, 832, 923, 740, 717, 465, 555, 108, 278, 896, 512, 921, 90, 499, 385, 515, 518, 354, 869, 648, 901, 189, 923, 397, 738, 451, 829, 830, 498, 410, 233, 744, 966, 555, 217, 403, 989, 568, 801, 189, 26, 94, 550, 776, 331, 184, 795, 539, 170, 870, 34, 799, 55, 845, 216, 469, 801, 862, 903, 918, 381, 142, 848, 694, 802, 765, 100, 557, 174, 356, 202, 848, 515, 495, 464, 613, 299, 798, 67, 583, 102, 148, 393, 383, 493, 555, 768, 329, 518, 85, 981, 246, 383, 703, 638, 235, 268, 600, 765, 346, 195, 414, 955, 336, 650, 714, 256, 407, 230, 776, 969, 419, 476, 831, 711, 853, 648, 14, 763, 860, 557, 786, 379, 924, 167, 603, 905, 518, 987, 637]
[865, 663, 547, 723, 605, 96, 805, 900, 703, 718, 60, 331, 350, 981, 261, 746, 554, 408, 104, 767, 891, 741, 825, 156, 0, 695, 634, 527, 967, 753, 74, 257, 895, 874, 172, 207, 852, 477, 86, 380, 905, 838, 875, 163, 575, 97, 769, 67, 572, 158, 443, 14, 867, 473, 633, 916, 683, 86, 680, 438, 631, 465, 726, 913, 854, 468, 391, 391, 973, 157, 737, 509, 616, 514, 838, 881, 98, 700, 819, 489, 820, 248, 13, 61, 379, 351, 773, 45, 810, 870, 460, 456, 737, 144, 113, 671, 644, 408, 979, 423, 231, 675, 779, 938, 634, 728, 382, 585, 589, 443, 897, 323, 597, 188, 34, 261, 284, 610, 279, 630, 744, 151, 494, 816, 41, 676, 663, 835, 688, 285, 573, 876, 149, 362, 757, 928, 225, 90, 832, 596, 370, 130, 532, 224, 75, 860, 425, 240, 17, 605, 18, 797, 872, 621, 772, 389, 228, 567, 330, 751, 794, 870, 547, 870, 388, 612, 253, 897, 475, 455, 998, 244, 611, 973, 628, 493, 519, 637, 119, 591, 78, 112, 724, 339, 744, 487, 507, 213, 389, 179, 554, 400, 333, 344, 182, 490, 539, 301, 477, 978]
[874, 706, 341, 557, 201, 503, 155, 439, 829, 385, 226, 100, 382, 241, 961, 69, 572, 604, 480, 682, 403, 460, 270, 652, 695, 0, 73, 629, 833, 25, 733, 66, 726, 532, 817, 921, 110, 734, 878, 377, 849, 688, 424, 957, 529, 107, 386, 445, 886, 35, 158, 350, 814, 242, 600, 669, 775, 229, 608, 509, 271, 295, 646, 774, 189, 463, 511, 548, 545, 191, 473, 265, 669, 729, 881, 346, 377, 619, 882, 743, 638, 102, 247, 885, 461, 518, 335, 411, 185, 845, 841, 488, 117, 980, 548, 16, 894, 941, 577, 228, 577, 360, 345, 516, 423, 546, 124, 901, 415, 259, 568, 792, 137, 699, 657, 111, 303, 560, 258, 562, 81, 408, 92, 362, 464, 421, 559, 645, 989, 320, 215, 761, 196, 438, 190, 227, 593, 74, 50, 236, 216, 588, 546, 907, 334, 81, 347, 682, 176, 46, 156, 256, 236, 840, 399, 65, 917, 353, 22, 682, 784, 34, 72, 66, 469, 767, 782, 910, 23, 938, 77, 973, 302, 747, 809, 512, 583, 669, 542, 183, 642, 673, 852, 971, 121, 725, 364, 888, 373, 55, 68, 537, 973, 506, 101, 408, 442, 848, 918, 80]
[331, 552, 122, 547, 553, 291, 150, 648, 189, 412, 832, 592, 651, 665, 312, 498, 892, 527, 468, 345, 328, 480, 701, 954, 634, 73, 0, 52, 926, 985, 866, 518, 938, 286, 172, 227, 997, 105, 272, 329, 713, 514, 798, 916, 883, 910, 937, 262, 726, 681, 540, 963, 870, 638, 452, 808, 567, 900, 984, 746, 564, 797, 865, 98, 30, 99, 371, 219, 357, 140, 40, 219, 669, 652, 30, 862, 152, 755, 144, 545, 132, 544, 764, 516, 688, 230, 855, 46, 375, 280, 569, 432, 98, 13, 721, 468, 298, 562, 391, 599, 627, 482, 315, 615, 212, 949, 975, 856, 759, 257, 286, 518, 153, 437, 494, 296, 431, 820, 812, 501, 175, 240, 132, 98, 466, 167, 207, 122, 332, 248, 688, 540, 820, 379, 605, 883, 763, 528, 206, 746, 887, 87, 443, 165, 563, 514, 29, 868, 386, 10, 165, 526, 674, 753, 383, 149, 93, 867, 11, 891, 731, 220, 732, 302, 38, 495, 84, 338, 450, 364, 139, 874, 633, 202, 563, 840, 170, 928, 955, 23, 789, 721, 661, 346, 697, 111, 861, 661, 574, 461, 119, 962, 561, 427, 866, 623, 782, 532, 77, 594]
[422, 41, 940, 651, 160, 762, 166, 274, 349, 473, 18, 253, 966, 515, 126, 236, 524, 639, 205, 962, 469, 997, 413, 558, 527, 629, 52, 0, 635, 561, 760, 596, 195, 782, 149, 708, 537, 620, 96, 823, 890, 788, 685, 582, 457, 50, 413, 469, 343, 671, 458, 292, 96, 465, 747, 915, 697, 244, 782, 761, 447, 710, 467, 887, 793, 855, 561, 975, 32, 932, 301, 304, 168, 609, 690, 121, 288, 477, 61, 866, 663, 545, 925, 369, 831, 437, 258, 113, 768, 283, 498, 734, 57, 454, 32, 184, 443, 664, 38, 449, 980, 918, 173, 167, 794, 293, 427, 315, 389, 45, 189, 935, 49, 931, 676, 318, 347, 961, 116, 344, 120, 160, 443, 642, 280, 299, 745, 21, 749, 679, 299, 488, 670, 312, 789, 618, 259, 361, 497, 463, 426, 812, 445, 262, 452, 790, 364, 107, 387, 155, 367, 229, 374, 391, 455, 277, 924, 684, 192, 765, 391, 949, 200, 129, 579, 85, 70, 557, 981, 989, 666, 844, 320, 989, 392, 344, 60, 939, 57, 49, 78, 179, 308, 753, 596, 642, 504, 313, 30, 274, 728, 915, 32, 483, 377, 766, 63, 174, 77, 945]
[235, 821, 107, 643, 736, 932, 564, 767, 364, 510, 991, 603, 174, 899, 360, 469, 463, 424, 371, 733, 855, 306, 863, 711, 967, 833, 926, 635, 0, 459, 231, 331, 206, 105, 747, 293, 482, 539, 207, 237, 183, 707, 262, 736, 153, 643, 669, 584, 248, 976, 994, 221, 622, 90, 663, 866, 109, 879, 994, 993, 207, 854, 911, 673, 445, 198, 965, 82, 338, 31, 897, 972, 464, 516, 730, 881, 784, 681, 389, 328, 558, 521, 934, 907, 852, 574, 332, 588, 323, 74, 183, 547, 54, 852, 585, 44, 344, 622, 270, 419, 875, 326, 193, 530, 989, 526, 16, 13, 926, 55, 776, 356, 640, 483, 317, 646, 187, 140, 823, 489, 104, 35, 656, 753, 394, 638, 151, 192, 430, 471, 68, 31, 501, 86, 133, 91, 114, 371, 132, 348, 906, 198, 263, 656, 59, 409, 196, 640, 952, 970, 30, 499, 447, 380, 970, 669, 123, 112, 620, 169, 965, 91, 126, 688, 681, 783, 316, 259, 289, 723, 276, 32, 106, 564, 757, 868, 364, 912, 823, 156, 163, 423, 36, 433, 873, 373, 641, 824, 509, 419, 704, 547, 974, 333, 810, 302, 152, 275, 665, 58]
[709, 984, 745, 11, 683, 421, 530, 760, 198, 951, 140, 703, 48, 69, 764, 639, 364, 228, 305, 149, 980, 43, 820, 96, 753, 25, 985, 561, 459, 0, 697, 234, 483, 206, 273, 374, 86, 774, 312, 886, 48, 350, 982, 286, 771, 728, 655, 178, 993, 20, 415, 28, 597, 339, 837, 800, 558, 565, 282, 777, 364, 674, 913, 558, 633, 92, 875, 291, 794, 954, 326, 260, 185, 796, 309, 923, 848, 92, 584, 642, 203, 350, 939, 864, 798, 410, 739, 411, 415, 500, 95, 793, 915, 599, 843, 402, 952, 400, 475, 960, 772, 881, 891, 845, 617, 487, 317, 388, 991, 89, 464, 490, 156, 202, 712, 585, 848, 443, 278, 497, 352, 643, 60, 224, 767, 767, 580, 145, 926, 838, 315, 378, 398, 469, 644, 329, 62, 64, 249, 720, 576, 403, 240, 960, 272, 365, 650, 201, 989, 899, 320, 710, 283, 15, 819, 778, 214, 578, 318, 89, 581, 73, 247, 58, 408, 815, 643, 355, 399, 743, 211, 65, 765, 878, 871, 868, 707, 280, 445, 744, 726, 752, 494, 401, 283, 723, 399, 993, 443, 245, 873, 808, 730, 818, 290, 125, 933, 39, 519, 397]
[930, 886, 977, 985, 895, 328, 514, 311, 598, 36, 675, 545, 35, 398, 761, 711, 214, 624, 336, 392, 585, 688, 451, 171, 74, 733, 866, 760, 231, 697, 0, 579, 383, 830, 512, 31, 115, 352, 164, 316, 323, 684, 362, 323, 171, 184, 773, 901, 435, 133, 451, 118, 245, 416, 630, 704, 320, 710, 535, 128, 334, 638, 619, 121, 371, 599, 676, 504, 849, 798, 462, 333, 494, 312, 278, 963, 307, 702, 138, 191, 272, 374, 180, 470, 200, 835, 151, 320, 733, 455, 94, 657, 797, 617, 249, 614, 579, 308, 616, 431, 491, 319, 565, 507, 173, 278, 120, 383, 806, 409, 680, 780, 360, 454, 19, 98, 228, 790, 765, 698, 259, 149, 758, 652, 864, 597, 38, 800, 493, 285, 757, 308, 910, 547, 514, 585, 460, 624, 987, 294, 732, 307, 201, 566, 741, 868, 352, 154, 947, 146, 98, 520, 109, 38, 607, 792, 248, 96, 543, 148, 445, 221, 349, 738, 896, 463, 560, 348, 747, 526, 116, 25, 330, 291, 196, 153, 420, 79, 50, 440, 677, 550, 679, 364, 586, 99, 626, 15, 974, 81, 567, 423, 246, 295, 121, 652, 679, 422, 563, 757]
[813, 76, 455, 980, 883, 928, 870, 665, 156, 103, 81, 969, 230, 133, 807, 103, 340, 775, 281, 775, 32, 290, 465, 695, 257, 66, 518, 596, 331, 234, 579, 0, 263, 159, 505, 926, 756, 173, 422, 703, 690, 138, 172, 203, 385, 737, 159, 286, 690, 309, 811, 128, 461, 755, 808, 822, 820, 384, 793, 164, 542, 858, 361, 791, 417, 654, 143, 553, 221, 100, 401, 560, 18, 145, 58, 933, 594, 629, 273, 175, 992, 903, 268, 763, 898, 714, 494, 808, 401, 513, 801, 251, 461, 246, 41, 498, 648, 630, 463, 750, 388, 139, 262, 720, 839, 625, 693, 67, 946, 917, 158, 35, 688, 906, 220, 192, 731, 939, 260, 932, 830, 542, 599, 66, 565, 70, 425, 925, 276, 792, 428, 493, 221, 647, 379, 522, 606, 590, 351, 666, 645, 35, 461, 740, 57, 37, 644, 156, 996, 414, 213, 63, 485, 437, 832, 424, 614, 914, 360, 60, 213, 152, 797, 120, 974, 712, 557, 321, 10, 285, 940, 668, 546, 777, 298, 551, 108, 820, 573, 415, 164, 250, 690, 389, 476, 396, 557, 424, 184, 411, 641, 114, 951, 40, 206, 751, 701, 670, 194, 974]
[289, 742, 642, 304, 609, 861, 776, 466, 131, 202, 406, 565, 750, 12, 780, 197, 701, 119, 804, 220, 252, 615, 778, 526, 895, 726, 938, 195, 206, 483, 383, 263, 0, 868, 473, 671, 102, 331, 375, 142, 182, 889, 918, 882, 288, 695, 848, 904, 78, 413, 432, 210, 13, 15, 625, 375, 723, 452, 700, 97, 147, 703, 73, 676, 895, 191, 834, 528, 174, 832, 619, 132, 957, 391, 991, 820, 337, 592, 823, 810, 978, 278, 742, 923, 22, 847, 512, 857, 509, 508, 711, 292, 527, 345, 475, 567, 70, 587, 617, 566, 840, 960, 82, 286, 240, 330, 326, 751, 976, 781, 756, 51, 543, 19, 836, 586, 318, 249, 376, 601, 675, 381, 762, 40, 729, 740, 80, 226, 647, 136, 893, 901, 830, 846, 478, 25, 257, 408, 791, 741, 698, 258, 640, 75, 92, 984, 137, 210, 710, 589, 742, 256, 834, 228, 647, 171, 733, 659, 495, 941, 293, 550, 706, 840, 44, 129, 265, 704, 500, 874, 838, 580, 22, 339, 445, 188, 576, 868, 312, 98, 603, 949, 418, 259, 311, 631, 148, 840, 41, 158, 174, 253, 555, 423, 705, 648, 872, 494, 137, 313]
[541, 205, 136, 638, 627, 257, 674, 362, 457, 874, 985, 116, 624, 367, 489, 600, 806, 78, 406, 23, 594, 258, 876, 30, 874, 532, 286, 782, 105, 206, 830, 159, 868, 0, 30, 533, 698, 506, 48, 352, 538, 58, 228, 141, 642, 77, 197, 139, 31, 180, 675, 54, 1000, 995, 724, 458, 470, 28, 658, 779, 241, 229, 40, 619, 879, 362, 616, 485, 176, 342, 958, 393, 868, 800, 201, 607, 220, 695, 618, 134, 701, 154, 57, 810, 796, 888, 307, 304, 418, 62, 260, 849, 588, 545, 982, 183, 410, 579, 39, 619, 859, 13, 592, 885, 671, 585, 789, 358, 276, 618, 81, 452, 578, 960, 677, 72, 447, 668, 701, 651, 474, 371, 208, 869, 22, 258, 336, 40, 959, 223, 796, 852, 673, 33, 445, 105, 889, 917, 699, 867, 659, 62, 602, 739, 760, 770, 344, 706, 19, 614, 632, 804, 23, 738, 376, 638, 781, 779, 968, 779, 827, 799, 66, 110, 206, 218, 553, 63, 28, 114, 596, 710, 743, 828, 388, 309, 757, 969, 269, 144, 746, 332, 686, 360, 167, 346, 700, 682, 480, 220, 921, 594, 897, 576, 630, 22, 844, 296, 710, 506]
[269, 718, 53, 386, 496, 294, 468, 945, 102, 827, 26, 222, 454, 692, 202, 805, 202, 927, 816, 279, 396, 764, 927, 825, 172, 817, 172, 149, 747, 273, 512, 505, 473, 30, 0, 940, 574, 285, 760, 216, 671, 520, 465, 375, 124, 107, 588, 291, 842, 485, 736, 464, 532, 148, 475, 161, 809, 89, 59, 523, 588, 600, 187, 326, 170, 601, 85, 34, 524, 112, 994, 659, 379, 851, 530, 545, 571, 735, 213, 708, 522, 148, 527, 488, 750, 295, 363, 317, 244, 36, 708, 511, 734, 366, 572, 17, 118, 825, 520, 539, 382, 374, 703, 706, 928, 440, 814, 664, 71, 635, 756, 642, 839, 54, 795, 56, 515, 139, 658, 673, 789, 411, 914, 634, 912, 927, 255, 547, 64, 619, 793, 919, 820, 439, 586, 430, 473, 380, 776, 801, 47, 948, 512, 593, 898, 167, 655, 409, 404, 937, 373, 972, 105, 268, 155, 599, 199, 447, 985, 496, 270, 810, 894, 843, 679, 446, 863, 566, 832, 697, 315, 293, 339, 950, 769, 780, 430, 680, 697, 329, 997, 337, 36, 898, 267, 554, 277, 621, 422, 854, 530, 495, 135, 633, 809, 893, 748, 437, 96, 83]
[624, 606, 203, 968, 581, 43, 301, 436, 482, 287, 994, 557, 401, 685, 614, 90, 920, 385, 761, 198, 71, 355, 747, 199, 207, 921, 227, 708, 293, 374, 31, 926, 671, 533, 940, 0, 250, 831, 448, 747, 769, 889, 553, 525, 670, 997, 37, 809, 712, 711, 710, 13, 522, 313, 390, 972, 706, 47, 427, 680, 832, 646, 328, 974, 363, 37, 365, 142, 212, 370, 950, 62, 933, 402, 176, 257, 505, 917, 160, 591, 774, 314, 517, 467, 720, 95, 119, 858, 973, 538, 543, 22, 342, 768, 955, 118, 396, 861, 831, 749, 593, 755, 885, 699, 583, 174, 445, 741, 196, 32, 823, 464, 566, 526, 647, 74, 692, 116, 440, 951, 539, 839, 241, 632, 993, 423, 746, 179, 596, 810, 218, 726, 135, 107, 943, 645, 883, 203, 356, 324, 31, 780, 641, 522, 614, 712, 241, 276, 422, 455, 486, 110, 566, 618, 363, 725, 764, 151, 551, 652, 760, 768, 811, 596, 620, 977, 703, 693, 668, 363, 759, 962, 227, 46, 899, 215, 307, 276, 958, 740, 761, 28, 104, 206, 445, 33, 344, 612, 180, 95, 166, 951, 772, 15, 108, 285, 82, 737, 340, 191]
[759, 718, 870, 923, 962, 148, 484, 231, 228, 850, 493, 926, 496, 484, 797, 811, 756, 406, 657, 849, 635, 257, 808, 512, 852, 110, 997, 537, 482, 86, 115, 756, 102, 698, 574, 250, 0, 569, 171, 574, 242, 321, 628, 835, 415, 19, 249, 921, 589, 56, 927, 165, 451, 804, 514, 773, 665, 524, 197, 574, 505, 37, 267, 801, 833, 366, 891, 807, 186, 468, 907, 310, 996, 923, 772, 769, 74, 397, 274, 251, 524, 562, 408, 574, 175, 992, 158, 856, 637, 410, 730, 738, 374, 528, 899, 685, 650, 482, 732, 718, 633, 913, 671, 981, 582, 968, 98, 294, 121, 989, 593, 618, 361, 902, 733, 203, 289, 428, 243, 783, 700, 256, 13, 363, 198, 898, 918, 784, 814, 145, 47, 909, 840, 492, 641, 418, 478, 984, 142, 918, 985, 659, 89, 698, 799, 374, 755, 723, 689, 827, 940, 253, 261, 341, 316, 693, 77, 913, 140, 627, 308, 846, 510, 607, 898, 309, 194, 521, 287, 718, 590, 968, 968, 944, 505, 144, 799, 687, 123, 552, 485, 104, 557, 206, 117, 185, 288, 645, 690, 210, 47, 676, 460, 237, 522, 895, 557, 108, 319, 891]
[861, 665, 751, 838, 294, 895, 177, 964, 511, 712, 645, 335, 752, 219, 138, 670, 384, 816, 362, 665, 322, 630, 898, 318, 477, 734, 105, 620, 539, 774, 352, 173, 331, 506, 285, 831, 569, 0, 945, 989, 263, 958, 894, 751, 398, 328, 591, 598, 842, 323, 690, 701, 280, 901, 149, 136, 232, 125, 259, 883, 739, 44, 180, 343, 477, 551, 457, 723, 914, 814, 784, 54, 500, 394, 137, 758, 298, 630, 611, 302, 744, 256, 129, 815, 757, 386, 345, 995, 824, 401, 875, 334, 442, 786, 896, 668, 711, 90, 836, 69, 894, 513, 498, 555, 745, 218, 972, 950, 856, 894, 301, 108, 675, 323, 822, 304, 802, 330, 115, 110, 409, 422, 59, 665, 947, 158, 542, 440, 674, 518, 462, 48, 163, 99, 323, 706, 56, 591, 66, 274, 356, 126, 10, 171, 649, 576, 586, 935, 891, 527, 165, 796, 580, 754, 498, 166, 896, 49, 255, 485, 645, 368, 808, 864, 985, 535, 304, 118, 182, 757, 872, 143, 492, 357, 753, 74, 687, 578, 571, 221, 533, 966, 187, 847, 486, 894, 762, 702, 77, 806, 533, 382, 732, 247, 285, 311, 652, 822, 434, 124]
[44, 442, 320, 642, 868, 627, 344, 737, 720, 274, 838, 437, 262, 264, 99, 607, 504, 320, 566, 496, 875, 231, 904, 338, 86, 878, 272, 96, 207, 312, 164, 422, 375, 48, 760, 448, 171, 945, 0, 96, 561, 889, 895, 629, 495, 757, 904, 141, 672, 981, 683, 724, 874, 643, 75, 133, 580, 528, 80, 226, 647, 345, 948, 959, 558, 403, 967, 813, 955, 857, 451, 361, 474, 432, 20, 482, 914, 187, 468, 17, 168, 940, 994, 478, 967, 762, 143, 475, 955, 142, 201, 238, 628, 862, 960, 964, 502, 109, 460, 379, 197, 275, 52, 704, 139, 339, 896, 315, 700, 930, 142, 301, 166, 178, 354, 153, 124, 566, 374, 513, 983, 170, 705, 954, 398, 352, 148, 589, 970, 216, 89, 97, 400, 625, 757, 502, 664, 58, 742, 469, 301, 693, 96, 897, 207, 375, 926, 423, 316, 408, 356, 688, 762, 141, 280, 62, 632, 944, 153, 789, 987, 546, 100, 297, 119, 847, 977, 230, 795, 778, 154, 520, 380, 61, 991, 842, 347, 643, 13, 742, 442, 291, 179, 210, 614, 809, 866, 141, 747, 409, 899, 511, 885, 270, 956, 442, 694, 114, 409, 759]
[763, 630, 696, 249, 642, 548, 359, 370, 469, 144, 872, 216, 368, 585, 969, 928, 927, 373, 512, 732, 985, 952, 261, 949, 380, 377, 329, 823, 237, 886, 316, 703, 142, 352, 216, 747, 574, 989, 96, 0, 248, 932, 36, 65, 527, 89, 185, 620, 368, 773, 850, 621, 880, 451, 929, 853, 528, 449, 483, 49, 634, 964, 30, 916, 649, 303, 639, 564, 147, 234, 468, 754, 302, 944, 150, 842, 119, 169, 79, 992, 777, 91, 182, 839, 231, 205, 504, 245, 480, 533, 162, 333, 943, 756, 149, 382, 215, 845, 320, 467, 470, 185, 114, 602, 598, 490, 36, 70, 368, 921, 763, 562, 689, 506, 486, 692, 436, 463, 909, 771, 481, 456, 283, 650, 985, 263, 325, 20, 114, 592, 768, 842, 315, 404, 790, 381, 72, 938, 516, 627, 692, 402, 25, 683, 384, 891, 742, 614, 597, 378, 396, 645, 941, 84, 451, 171, 957, 648, 696, 139, 979, 251, 81, 801, 449, 898, 944, 573, 669, 381, 440, 518, 251, 619, 783, 656, 361, 343, 346, 964, 660, 933, 150, 409, 420, 12, 560, 195, 1000, 838, 861, 325, 430, 810, 119, 646, 162, 399, 939, 229]
