[0, 312, 991, 104, 450, 156, 545, 490, 680, 894, 102, 585, 762, 134, 479, 693, 630, 193, 289, 778, 575, 191, 514, 594, 818, 864, 587, 365, 717, 142, 74, 469, 153, 617, 571, 751, 776, 726, 685, 925, 464, 334, 532, 605, 920, 389, 368, 737, 79, 434, 927, 906, 658, 703, 933, 96, 233, 301, 564, 696, 456, 407, 28, 934, 957, 526, 974, 464, 507, 216, 107, 632, 747, 266, 217, 150, 389, 169, 615, 695, 445, 296, 941, 686, 511, 428, 601, 546, 648, 833]
[312, 0, 720, 578, 719, 235, 426, 851, 372, 733, 85, 692, 290, 353, 845, 19, 197, 985, 210, 978, 284, 250, 852, 631, 269, 10, 283, 468, 695, 95, 956, 818, 941, 186, 548, 950, 823, 205, 243, 161, 48, 815, 963, 880, 213, 204, 805, 247, 65, 376, 593, 621, 100, 269, 848, 801, 612, 552, 113, 709, 156, 341, 989, 747, 197, 848, 447, 590, 431, 130, 797, 688, 320, 579, 857, 686, 218, 886, 875, 46, 74, 155, 677, 827, 907, 878, 918, 844, 353, 507]
[991, 720, 0, 78, 846, 787, 193, 816, 656, 988, 1000, 583, 930, 17, 344, 206, 551, 836, 464, 895, 419, 796, 285, 266, 688, 526, 666, 385, 84, 666, 390, 170, 365, 167, 116, 95, 594, 923, 395, 954, 554, 690, 419, 232, 768, 562, 339, 100, 179, 21, 389, 344, 155, 133, 220, 359, 802, 326, 410, 697, 87, 482, 694, 945, 891, 589, 641, 171, 726, 890, 13, 363, 887, 853, 350, 879, 658, 492, 61, 12, 485, 665, 457, 885, 964, 881, 86, 31, 539, 811]
[104, 578, 78, 0, 557, 538, 739, 862, 48, 642, 309, 854, 617, 473, 689, 769, 602, 47, 925, 819, 822, 963, 21, 187, 56, 164, 97, 800, 186, 428, 896, 368, 510, 203, 383, 484, 347, 740, 138, 162, 328, 148, 753, 326, 637, 255, 942, 833, 548, 706, 194, 463, 94, 601, 774, 973, 831, 629, 222, 322, 491, 958, 607, 822, 652, 281, 200, 210, 989, 564, 820, 262, 303, 552, 200, 574, 142, 656, 257, 675, 437, 740, 723, 212, 902, 782, 510, 973, 807, 451]
[450, 719, 846, 557, 0, 566, 140, 200, 313, 532, 930, 640, 115, 836, 893, 234, 852, 141, 621, 863, 970, 712, 202, 918, 581, 80, 719, 876, 959, 422, 170, 960, 585, 376, 630, 858, 824, 363, 951, 248, 476, 410, 999, 686, 844, 807, 52, 555, 649, 646, 315, 108, 543, 466, 499, 604, 717, 523, 19, 580, 211, 852, 923, 276, 823, 129, 891, 349, 127, 970, 415, 126, 501, 128, 489, 539, 587, 970, 49, 80, 116, 117, 70, 509, 542, 904, 950, 535, 271, 468]
[156, 235, 787, 538, 566, 0, 144, 721, 819, 999, 973, 682, 315, 18, 981, 202, 135, 49, 161, 27, 711, 335, 347, 933, 571, 60, 453, 777, 522, 503, 312, 852, 872, 272, 136, 570, 902, 889, 171, 357, 110, 554, 91, 785, 165, 517, 328, 217, 861, 771, 328, 675, 279, 336, 177, 85, 490, 747, 198, 982, 79, 685, 891, 921, 346, 508, 848, 157, 147, 660, 46, 247, 697, 490, 733, 914, 228, 659, 650, 135, 994, 326, 171, 742, 441, 120, 300, 634, 761, 254]
[545, 426, 193, 739, 140, 144, 0, 35, 958, 878, 766, 375, 33, 837, 898, 668, 842, 889, 792, 88, 383, 194, 288, 359, 951, 341, 909, 196, 771, 921, 579, 704, 282, 406, 504, 679, 453, 419, 786, 147, 825, 130, 321, 832, 963, 13, 942, 211, 80, 147, 58, 240, 318, 201, 675, 983, 230, 933, 544, 629, 779, 135, 588, 836, 74, 87, 514, 275, 787, 438, 354, 920, 683, 524, 290, 78, 907, 234, 439, 896, 334, 592, 428, 512, 210, 551, 183, 53, 406, 966]
[490, 851, 816, 862, 200, 721, 35, 0, 988, 539, 828, 920, 20, 441, 36, 757, 49, 46, 725, 163, 309, 295, 323, 35, 829, 472, 369, 458, 971, 601, 123, 161, 155, 487, 941, 453, 240, 885, 405, 734, 601, 860, 489, 914, 148, 365, 574, 842, 265, 259, 142, 541, 312, 148, 981, 866, 83, 624, 803, 364, 889, 996, 700, 739, 659, 553, 529, 557, 794, 339, 424, 199, 130, 29, 999, 719, 232, 922, 287, 445, 289, 366, 425, 653, 878, 763, 923, 841, 450, 874]
[680, 372, 656, 48, 313, 819, 958, 988, 0, 696, 507, 764, 777, 736, 425, 71, 288, 175, 438, 628, 918, 816, 285, 963, 693, 178, 116, 803, 262, 918, 688, 519, 785, 579, 889, 756, 170, 993, 923, 291, 740, 77, 354, 42, 825, 474, 641, 194, 287, 914, 606, 94, 223, 311, 874, 822, 915, 208, 247, 225, 365, 201, 78, 545, 520, 647, 702, 494, 447, 297, 700, 443, 603, 745, 556, 983, 941, 969, 327, 574, 556, 231, 942, 188, 608, 908, 629, 366, 882, 647]
[894, 733, 988, 642, 532, 999, 878, 539, 696, 0, 414, 981, 579, 57, 362, 237, 411, 912, 123, 268, 979, 815, 358, 729, 954, 664, 554, 52, 286, 712, 327, 266, 622, 95, 378, 394, 909, 666, 281, 570, 800, 741, 203, 176, 271, 63, 424, 378, 796, 573, 945, 672, 275, 878, 693, 772, 359, 711, 561, 726, 210, 114, 822, 37, 752, 233, 672, 80, 252, 903, 787, 315, 317, 934, 392, 402, 623, 574, 67, 880, 968, 701, 541, 397, 391, 649, 313, 379, 268, 605]
[102, 85, 1000, 309, 930, 973, 766, 828, 507, 414, 0, 820, 828, 429, 769, 577, 981, 591, 537, 205, 93, 663, 477, 283, 688, 405, 912, 812, 84, 345, 804, 849, 942, 876, 506, 256, 683, 102, 525, 692, 866, 220, 599, 250, 304, 11, 412, 194, 922, 179, 799, 387, 13, 49, 993, 142, 181, 894, 533, 597, 146, 416, 171, 742, 647, 113, 428, 871, 613, 164, 127, 933, 729, 217, 173, 322, 70, 593, 795, 477, 178, 515, 32, 552, 538, 736, 280, 149, 479, 388]
[585, 692, 583, 854, 640, 682, 375, 920, 764, 981, 820, 0, 133, 440, 214, 20, 506, 329, 773, 616, 124, 816, 950, 885, 738, 811, 536, 48, 32, 46, 966, 749, 904, 609, 282, 588, 233, 559, 55, 246, 534, 964, 710, 368, 410, 529, 81, 728, 720, 214, 690, 514, 670, 989, 963, 173, 505, 665, 425, 739, 100, 425, 749, 78, 202, 116, 122, 233, 930, 582, 797, 105, 680, 180, 180, 146, 371, 506, 845, 219, 405, 362, 495, 628, 293, 167, 298, 434, 990, 154]
[762, 290, 930, 617, 115, 315, 33, 20, 777, 579, 828, 133, 0, 596, 481, 411, 900, 934, 169, 460, 221, 948, 457, 369, 260, 480, 127, 59, 823, 570, 540, 173, 754, 749, 637, 21, 48, 536, 377, 726, 830, 498, 720, 771, 400, 122, 274, 505, 897, 981, 973, 197, 589, 20, 631, 694, 178, 61, 50, 364, 38, 312, 24, 122, 579, 565, 546, 55, 915, 605, 562, 765, 135, 244, 130, 627, 998, 51, 475, 656, 453, 898, 604, 611, 247, 777, 627, 980, 346, 801]
[134, 353, 17, 473, 836, 18, 837, 441, 736, 57, 429, 440, 596, 0, 293, 146, 95, 188, 942, 492, 123, 898, 683, 253, 114, 63, 336, 73, 392, 284, 126, 250, 284, 671, 87, 324, 242, 178, 310, 498, 120, 524, 520, 948, 342, 130, 282, 289, 128, 283, 450, 880, 551, 515, 886, 803, 892, 660, 825, 169, 656, 234, 361, 309, 197, 972, 908, 55, 416, 646, 131, 152, 145, 21, 711, 423, 697, 461, 220, 892, 367, 52, 568, 360, 495, 424, 733, 565, 805, 708]
[479, 845, 344, 689, 893, 981, 898, 36, 425, 362, 769, 214, 481, 293, 0, 271, 417, 991, 630, 472, 175, 906, 992, 470, 650, 278, 901, 174, 135, 158, 829, 508, 29, 758, 922, 212, 292, 326, 447, 497, 779, 612, 70, 573, 743, 441, 238, 112, 796, 785, 290, 709, 261, 773, 458, 265, 150, 617, 778, 43, 40, 353, 162, 94, 525, 289, 641, 61, 94, 106, 110, 888, 181, 314, 263, 749, 90, 718, 614, 533, 467, 290, 71, 741, 408, 399, 765, 858, 281, 786]
[693, 19, 206, 769, 234, 202, 668, 757, 71, 237, 577, 20, 411, 146, 271, 0, 329, 665, 640, 790, 823, 457, 987, 284, 383, 79, 432, 513, 116, 734, 152, 428, 462, 611, 760, 580, 858, 908, 351, 410, 968, 359, 123, 450, 228, 768, 124, 441, 643, 248, 285, 753, 657, 47, 549, 937, 903, 874, 84, 472, 430, 835, 475, 215, 620, 716, 672, 476, 14, 404, 59, 755, 962, 590, 462, 801, 316, 426, 592, 917, 188, 864, 710, 847, 49, 620, 911, 288, 680, 700]
[630, 197, 551, 602, 852, 135, 842, 49, 288, 411, 981, 506, 900, 95, 417, 329, 0, 543, 132, 683, 53, 913, 359, 905, 646, 68, 961, 720, 542, 978, 645, 341, 543, 471, 831, 186, 954, 21, 586, 302, 49, 193, 925, 450, 506, 906, 461, 543, 190, 193, 502, 113, 388, 472, 965, 793, 494, 184, 850, 556, 176, 698, 408, 155, 779, 450, 469, 464, 49, 337, 631, 92, 191, 434, 121, 847, 361, 869, 672, 620, 556, 399, 700, 32, 149, 580, 767, 192, 761, 407]
[193, 985, 836, 47, 141, 49, 889, 46, 175, 912, 591, 329, 934, 188, 991, 665, 543, 0, 595, 119, 553, 45, 243, 231, 470, 641, 374, 132, 939, 221, 160, 652, 19, 206, 88, 334, 159, 832, 934, 640, 680, 294, 489, 728, 212, 854, 451, 232, 870, 971, 903, 319, 862, 914, 957, 708, 763, 757, 824, 305, 14, 462, 395, 156, 822, 987, 151, 117, 911, 697, 914, 517, 160, 574, 144, 917, 270, 134, 857, 412, 983, 30, 32, 426, 809, 637, 935, 352, 930, 390]
[289, 210, 464, 925, 621, 161, 792, 725, 438, 123, 537, 773, 169, 942, 630, 640, 132, 595, 0, 742, 33, 107, 682, 769, 337, 204, 637, 448, 512, 14, 352, 449, 538, 111, 977, 573, 139, 210, 290, 696, 639, 708, 94, 581, 139, 160, 374, 211, 598, 645, 360, 91, 102, 102, 435, 647, 873, 149, 805, 934, 881, 701, 939, 806, 74, 336, 326, 535, 268, 927, 674, 81, 415, 987, 970, 827, 966, 716, 363, 593, 316, 928, 615, 492, 923, 372, 880, 869, 399, 707]
[778, 978, 895, 819, 863, 27, 88, 163, 628, 268, 205, 616, 460, 492, 472, 790, 683, 119, 742, 0, 180, 601, 637, 638, 811, 457, 763, 953, 992, 865, 224, 578, 364, 452, 560, 777, 21, 839, 312, 970, 106, 296, 275, 920, 85, 434, 897, 389, 862, 458, 467, 632, 296, 321, 892, 611, 307, 179, 325, 290, 171, 33, 342, 377, 332, 300, 41, 478, 429, 275, 14, 521, 308, 517, 806, 400, 971, 838, 489, 778, 157, 351, 240, 512, 543, 332, 222, 988, 659, 354]
[575, 284, 419, 822, 970, 711, 383, 309, 918, 979, 93, 124, 221, 123, 175, 823, 53, 553, 33, 180, 0, 634, 179, 334, 204, 694, 897, 325, 780, 248, 737, 482, 996, 80, 10, 414, 90, 396, 255, 145, 403, 563, 173, 173, 619, 926, 241, 815, 703, 306, 306, 346, 806, 296, 105, 201, 927, 491, 897, 369, 354, 870, 929, 295, 429, 915, 422, 636, 880, 64, 248, 101, 950, 536, 645, 777, 738, 327, 873, 505, 605, 405, 85, 919, 82, 618, 846, 764, 732, 572]
[191, 250, 796, 963, 712, 335, 194, 295, 816, 815, 663, 816, 948, 898, 906, 457, 913, 45, 107, 601, 634, 0, 114, 116, 588, 159, 582, 535, 149, 734, 618, 614, 847, 978, 143, 275, 207, 669, 613, 964, 706, 453, 697, 920, 913, 743, 488, 62, 532, 929, 155, 459, 557, 234, 701, 852, 600, 668, 495, 557, 854, 334, 954, 15, 351, 827, 321, 226, 327, 190, 99, 341, 70, 496, 924, 990, 845, 452, 125, 84, 23, 873, 18, 39, 802, 843, 499, 637, 896, 125]
[514, 852, 285, 21, 202, 347, 288, 323, 285, 358, 477, 950, 457, 683, 992, 987, 359, 243, 682, 637, 179, 114, 0, 173, 363, 872, 872, 465, 598, 957, 228, 939, 33, 786, 459, 358, 30, 195, 686, 76, 18, 827, 162, 510, 25, 953, 883, 247, 692, 276, 55, 828, 144, 361, 845, 61, 393, 30, 688, 129, 44, 836, 713, 447, 120, 75, 118, 561, 795, 77, 276, 314, 199, 77, 280, 572, 182, 106, 952, 173, 117, 719, 823, 291, 11, 72, 651, 608, 305, 774]
[594, 631, 266, 187, 918, 933, 359, 35, 963, 729, 283, 885, 369, 253, 470, 284, 905, 231, 769, 638, 334, 116, 173, 0, 409, 702, 663, 822, 491, 616, 840, 194, 809, 173, 154, 625, 63, 80, 982, 361, 235, 901, 245, 611, 737, 807, 275, 26, 844, 605, 519, 693, 337, 408, 289, 66, 427, 533, 715, 368, 210, 260, 788, 220, 640, 756, 553, 872, 80, 453, 648, 397, 49, 957, 599, 445, 456, 228, 41, 474, 250, 20, 532, 229, 319, 926, 311, 817, 471, 44]
[818, 269, 688, 56, 581, 571, 951, 829, 693, 954, 688, 738, 260, 114, 650, 383, 646, 470, 337, 811, 204, 588, 363, 409, 0, 232, 241, 857, 261, 603, 352, 429, 145, 580, 423, 767, 527, 457, 481, 252, 592, 229, 633, 193, 290, 64, 70, 969, 725, 769, 616, 945, 989, 884, 196, 257, 518, 279, 843, 393, 86, 626, 275, 877, 262, 410, 496, 993, 890, 383, 359, 136, 454, 98, 860, 197, 378, 98, 272, 664, 644, 487, 843, 297, 846, 723, 948, 495, 834, 903]
[864, 10, 526, 164, 80, 60, 341, 472, 178, 664, 405, 811, 480, 63, 278, 79, 68, 641, 204, 457, 694, 159, 872, 702, 232, 0, 972, 197, 562, 160, 297, 384, 608, 892, 641, 595, 548, 302, 962, 381, 291, 900, 43, 638, 303, 291, 236, 495, 93, 471, 78, 140, 839, 366, 95, 879, 827, 547, 934, 73, 966, 501, 286, 848, 522, 904, 161, 683, 645, 443, 645, 569, 409, 748, 719, 515, 273, 493, 912, 539, 611, 814, 591, 103, 43, 452, 20, 667, 23, 271]
[587, 283, 666, 97, 719, 453, 909, 369, 116, 554, 912, 536, 127, 336, 901, 432, 961, 374, 637, 763, 897, 582, 872, 663, 241, 972, 0, 864, 409, 205, 172, 502, 708, 568, 893, 891, 925, 93, 870, 218, 849, 364, 693, 563, 358, 954, 253, 759, 57, 456, 520, 11, 813, 878, 721, 87, 212, 146, 610, 606, 583, 660, 402, 951, 218, 979, 523, 666, 113, 190, 93, 584, 930, 330, 573, 542, 58, 477, 589, 585, 433, 475, 387, 315, 140, 797, 422, 10, 299, 530]
[365, 468, 385, 800, 876, 777, 196, 458, 803, 52, 812, 48, 59, 73, 174, 513, 720, 132, 448, 953, 325, 535, 465, 822, 857, 197, 864, 0, 135, 547, 420, 370, 83, 90, 815, 477, 199, 23, 501, 989, 143, 758, 725, 871, 808, 156, 539, 645, 586, 321, 629, 965, 712, 447, 232, 563, 795, 362, 440, 295, 240, 344, 28, 258, 448, 28, 522, 254, 27, 463, 280, 109, 706, 665, 564, 831, 830, 836, 43, 786, 321, 83, 504, 255, 376, 493, 900, 51, 312, 415]
[717, 695, 84, 186, 959, 522, 771, 971, 262, 286, 84, 32, 823, 392, 135, 116, 542, 939, 512, 992, 780, 149, 598, 491, 261, 562, 409, 135, 0, 222, 726, 436, 94, 917, 178, 794, 223, 756, 839, 618, 869, 134, 440, 30, 49, 271, 137, 824, 620, 620, 278, 565, 292, 41, 904, 216, 271, 812, 610, 932, 55, 143, 203, 74, 365, 996, 480, 688, 337, 926, 87, 736, 585, 447, 985, 587, 773, 481, 473, 463, 948, 493, 165, 518, 597, 345, 468, 647, 470, 94]
[142, 95, 666, 428, 422, 503, 921, 601, 918, 712, 345, 46, 570, 284, 158, 734, 978, 221, 14, 865, 248, 734, 957, 616, 603, 160, 205, 547, 222, 0, 442, 251, 608, 416, 256, 723, 879, 876, 317, 75, 790, 266, 150, 163, 896, 540, 636, 678, 201, 430, 258, 767, 695, 519, 702, 150, 692, 319, 184, 552, 77, 48, 27, 519, 577, 39, 918, 613, 958, 516, 764, 831, 871, 382, 320, 580, 996, 847, 258, 751, 32, 59, 996, 985, 468, 924, 729, 31, 910, 338]
[74, 956, 390, 896, 170, 312, 579, 123, 688, 327, 804, 966, 540, 126, 829, 152, 645, 160, 352, 224, 737, 618, 228, 840, 352, 297, 172, 420, 726, 442, 0, 928, 751, 731, 552, 162, 788, 363, 635, 362, 410, 612, 233, 663, 425, 473, 165, 104, 494, 632, 131, 341, 211, 959, 455, 972, 362, 899, 521, 720, 783, 489, 986, 389, 801, 705, 710, 116, 858, 958, 55, 406, 765, 759, 617, 317, 572, 170, 820, 967, 552, 939, 402, 825, 853, 198, 160, 270, 982, 458]
[469, 818, 170, 368, 960, 852, 704, 161, 519, 266, 849, 749, 173, 250, 508, 428, 341, 652, 449, 578, 482, 614, 939, 194, 429, 384, 502, 370, 436, 251, 928, 0, 323, 874, 476, 678, 933, 615, 633, 841, 597, 554, 395, 74, 682, 757, 192, 335, 452, 819, 859, 190, 44, 751, 640, 195, 286, 781, 16, 879, 442, 765, 152, 910, 915, 187, 533, 183, 180, 252, 496, 430, 105, 441, 615, 285, 595, 591, 298, 454, 146, 393, 629, 583, 121, 888, 145, 15, 233, 865]
[153, 941, 365, 510, 585, 872, 282, 155, 785, 622, 942, 904, 754, 284, 29, 462, 543, 19, 538, 364, 996, 847, 33, 809, 145, 608, 708, 83, 94, 608, 751, 323, 0, 369, 781, 678, 109, 794, 691, 722, 875, 453, 527, 562, 631, 95, 922, 38, 912, 483, 647, 575, 218, 49, 487, 316, 65, 60, 836, 665, 263, 369, 343, 716, 956, 937, 759, 775, 703, 245, 425, 465, 266, 354, 297, 922, 189, 703, 448, 301, 443, 678, 354, 918, 168, 566, 915, 377, 549, 583]
[617, 186, 167, 203, 376, 272, 406, 487, 579, 95, 876, 609, 749, 671, 758, 611, 471, 206, 111, 452, 80, 978, 786, 173, 580, 892, 568, 90, 917, 416, 731, 874, 369, 0, 482, 971, 939, 902, 444, 881, 153, 173, 201, 176, 256, 713, 794, 635, 804, 319, 127, 296, 236, 345, 490, 465, 945, 786, 563, 262, 724, 951, 894, 21, 140, 403, 387, 475, 331, 668, 963, 680, 753, 940, 138, 761, 471, 383, 534, 521, 457, 975, 863, 296, 724, 890, 135, 554, 140, 887]
[571, 548, 116, 383, 630, 136, 504, 941, 889, 378, 506, 282, 637, 87, 922, 760, 831, 88, 977, 560, 10, 143, 459, 154, 423, 641, 893, 815, 178, 256, 552, 476, 781, 482, 0, 734, 518, 376, 336, 360, 170, 725, 480, 481, 647, 219, 72, 139, 916, 759, 412, 248, 169, 491, 490, 726, 508, 303, 745, 72, 672, 582, 697, 508, 58, 975, 836, 905, 191, 580, 59, 349, 477, 996, 985, 210, 395, 327, 638, 238, 913, 336, 246, 649, 253, 674, 157, 902, 70, 911]
[751, 950, 95, 484, 858, 570, 679, 453, 756, 394, 256, 588, 21, 324, 212, 580, 186, 334, 573, 777, 414, 275, 358, 625, 767, 595, 891, 477, 794, 723, 162, 678, 678, 971, 734, 0, 460, 484, 365, 903, 233, 123, 798, 146, 58, 730, 661, 52, 973, 695, 208, 413, 165, 427, 498, 726, 428, 142, 373, 899, 182, 381, 851, 512, 653, 690, 764, 727, 567, 940, 279, 836, 406, 145, 495, 968, 62, 912, 284, 215, 746, 301, 787, 443, 800, 208, 582, 892, 313, 482]
[776, 823, 594, 347, 824, 902, 453, 240, 170, 909, 683, 233, 48, 242, 292, 858, 954, 159, 139, 21, 90, 207, 30, 63, 527, 548, 925, 199, 223, 879, 788, 933, 109, 939, 518, 460, 0, 326, 513, 793, 809, 219, 734, 684, 34, 527, 570, 308, 621, 54, 308, 452, 838, 69, 875, 687, 246, 75, 863, 892, 537, 354, 796, 281, 725, 584, 666, 921, 503, 914, 76, 808, 925, 457, 893, 180, 472, 871, 527, 88, 236, 202, 826, 307, 828, 344, 737, 518, 744, 989]
[726, 205, 923, 740, 363, 889, 419, 885, 993, 666, 102, 559, 536, 178, 326, 908, 21, 832, 210, 839, 396, 669, 195, 80, 457, 302, 93, 23, 756, 876, 363, 615, 794, 902, 376, 484, 326, 0, 656, 214, 324, 428, 994, 60, 12, 604, 118, 45, 503, 384, 896, 348, 371, 802, 902, 265, 641, 894, 854, 92, 254, 650, 409, 332, 305, 592, 82, 46, 17, 26, 51, 889, 46, 538, 415, 236, 155, 475, 802, 679, 103, 959, 528, 762, 572, 361, 245, 770, 192, 133]
[685, 243, 395, 138, 951, 171, 786, 405, 923, 281, 525, 55, 377, 310, 447, 351, 586, 934, 290, 312, 255, 613, 686, 982, 481, 962, 870, 501, 839, 317, 635, 633, 691, 444, 336, 365, 513, 656, 0, 311, 94, 891, 705, 54, 732, 675, 131, 471, 706, 885, 485, 604, 73, 48, 707, 53, 642, 449, 873, 750, 450, 814, 951, 700, 825, 416, 135, 51, 862, 387, 257, 386, 24, 939, 894, 526, 838, 261, 375, 774, 201, 896, 61, 479, 814, 99, 645, 558, 518, 878]
[925, 161, 954, 162, 248, 357, 147, 734, 291, 570, 692, 246, 726, 498, 497, 410, 302, 640, 696, 970, 145, 964, 76, 361, 252, 381, 218, 989, 618, 75, 362, 841, 722, 881, 360, 903, 793, 214, 311, 0, 845, 699, 842, 495, 189, 242, 883, 70, 373, 204, 860, 268, 246, 967, 801, 892, 444, 693, 937, 475, 863, 697, 992, 260, 553, 842, 118, 82, 327, 241, 132, 224, 760, 380, 430, 459, 134, 510, 320, 408, 886, 780, 964, 94, 403, 452, 61, 780, 333, 77]
[464, 48, 554, 328, 476, 110, 825, 601, 740, 800, 866, 534, 830, 120, 779, 968, 49, 680, 639, 106, 403, 706, 18, 235, 592, 291, 849, 143, 869, 790, 410, 597, 875, 153, 170, 233, 809, 324, 94, 845, 0, 193, 722, 360, 69, 798, 894, 463, 407, 527, 791, 948, 792, 558, 488, 297, 142, 138, 347, 96, 592, 861, 336, 830, 69, 613, 465, 679, 36, 798, 850, 256, 162, 498, 743, 201, 39, 808, 148, 453, 317, 387, 987, 203, 159, 572, 836, 522, 997, 22]
[334, 815, 690, 148, 410, 554, 130, 860, 77, 741, 220, 964, 498, 524, 612, 359, 193, 294, 708, 296, 563, 453, 827, 901, 229, 900, 364, 758, 134, 266, 612, 554, 453, 173, 725, 123, 219, 428, 891, 699, 193, 0, 455, 918, 860, 629, 489, 753, 369, 527, 823, 252, 492, 121, 275, 557, 511, 88, 545, 795, 391, 106, 100, 194, 639, 188, 721, 257, 649, 426, 207, 593, 942, 956, 670, 429, 59, 664, 714, 616, 286, 644, 496, 579, 584, 501, 242, 516, 498, 199]
[532, 963, 419, 753, 999, 91, 321, 489, 354, 203, 599, 710, 720, 520, 70, 123, 925, 489, 94, 275, 173, 697, 162, 245, 633, 43, 693, 725, 440, 150, 233, 395, 527, 201, 480, 798, 734, 994, 705, 842, 722, 455, 0, 112, 280, 751, 501, 196, 447, 795, 20, 946, 656, 514, 936, 17, 700, 560, 341, 114, 914, 436, 642, 226, 16, 866, 777, 994, 262, 489, 520, 554, 408, 678, 426, 462, 226, 280, 174, 81, 253, 224, 914, 49, 273, 800, 27, 565, 69, 487]
[605, 880, 232, 326, 686, 785, 832, 914, 42, 176, 250, 368, 771, 948, 573, 450, 450, 728, 581, 920, 173, 920, 510, 611, 193, 638, 563, 871, 30, 163, 663, 74, 562, 176, 481, 146, 684, 60, 54, 495, 360, 918, 112, 0, 847, 229, 171, 357, 243, 777, 853, 959, 531, 539, 108, 397, 289, 782, 378, 954, 999, 552, 705, 389, 902, 918, 608, 524, 951, 329, 502, 199, 282, 46, 147, 952, 106, 161, 826, 614, 948, 960, 327, 822, 37, 725, 770, 781, 994, 764]
[920, 213, 768, 637, 844, 165, 963, 148, 825, 271, 304, 410, 400, 342, 743, 228, 506, 212, 139, 85, 619, 913, 25, 737, 290, 303, 358, 808, 49, 896, 425, 682, 631, 256, 647, 58, 34, 12, 732, 189, 69, 860, 280, 847, 0, 533, 57, 501, 682, 673, 265, 349, 766, 939, 251, 738, 544, 367, 741, 896, 361, 544, 218, 384, 207, 290, 203, 189, 618, 334, 20, 423, 920, 124, 167, 267, 311, 245, 710, 357, 86, 539, 176, 41, 776, 902, 193, 243, 26, 397]
[389, 204, 562, 255, 807, 517, 13, 365, 474, 63, 11, 529, 122, 130, 441, 768, 906, 854, 160, 434, 926, 743, 953, 807, 64, 291, 954, 156, 271, 540, 473, 757, 95, 713, 219, 730, 527, 604, 675, 242, 798, 629, 751, 229, 533, 0, 331, 213, 360, 316, 391, 498, 224, 338, 507, 156, 385, 878, 81, 802, 326, 476, 439, 729, 110, 936, 980, 683, 189, 774, 966, 896, 808, 239, 101, 835, 788, 292, 353, 460, 898, 415, 766, 391, 250, 154, 725, 649, 802, 176]
[368, 805, 339, 942, 52, 328, 942, 574, 641, 424, 412, 81, 274, 282, 238, 124, 461, 451, 374, 897, 241, 488, 883, 275, 70, 236, 253, 539, 137, 636, 165, 192, 922, 794, 72, 661, 570, 118, 131, 883, 894, 489, 501, 171, 57, 331, 0, 961, 766, 156, 754, 192, 89, 370, 924, 830, 113, 141, 52, 521, 746, 874, 29, 727, 551, 351, 19, 60, 13, 475, 920, 771, 632, 192, 734, 397, 391, 520, 326, 168, 555, 569, 464, 453, 386, 49, 334, 819, 972, 397]
[737, 247, 100, 833, 555, 217, 211, 842, 194, 378, 194, 728, 505, 289, 112, 441, 543, 232, 211, 389, 815, 62, 247, 26, 969, 495, 759, 645, 824, 678, 104, 335, 38, 635, 139, 52, 308, 45, 471, 70, 463, 753, 196, 357, 501, 213, 961, 0, 302, 661, 618, 129, 890, 503, 362, 388, 407, 855, 185, 534, 374, 231, 795, 317, 907, 84, 165, 689, 798, 755, 931, 629, 376, 524, 852, 883, 12, 813, 570, 356, 681, 926, 718, 89, 786, 89, 438, 739, 803, 772]
[79, 65, 179, 548, 649, 861, 80, 265, 287, 796, 922, 720, 897, 128, 796, 643, 190, 870, 598, 862, 703, 532, 692, 844, 725, 93, 57, 586, 620, 201, 494, 452, 912, 804, 916, 973, 621, 503, 706, 373, 407, 369, 447, 243, 682, 360, 766, 302, 0, 490, 525, 976, 97, 255, 909, 80, 543, 773, 586, 1000, 594, 627, 125, 241, 18, 160, 365, 837, 71, 687, 46, 806, 291, 178, 566, 668, 96, 845, 910, 946, 547, 800, 994, 225, 296, 253, 557, 357, 932, 54]
[434, 376, 21, 706, 646, 771, 147, 259, 914, 573, 179, 214, 981, 283, 785, 248, 193, 971, 645, 458, 306, 929, 276, 605, 769, 471, 456, 321, 620, 430, 632, 819, 483, 319, 759, 695, 54, 384, 885, 204, 527, 527, 795, 777, 673, 316, 156, 661, 490, 0, 918, 299, 90, 916, 246, 361, 107, 438, 706, 971, 11, 80, 652, 433, 75, 215, 722, 417, 905, 471, 762, 717, 634, 515, 626, 452, 712, 70, 143, 392, 975, 281, 202, 321, 368, 543, 598, 283, 198, 732]
[927, 593, 389, 194, 315, 328, 58, 142, 606, 945, 799, 690, 973, 450, 290, 285, 502, 903, 360, 467, 306, 155, 55, 519, 616, 78, 520, 629, 278, 258, 131, 859, 647, 127, 412, 208, 308, 896, 485, 860, 791, 823, 20, 853, 265, 391, 754, 618, 525, 918, 0, 504, 28, 215, 749, 524, 104, 33, 820, 345, 819, 245, 840, 30, 24, 655, 423, 369, 426, 640, 957, 742, 877, 574, 527, 912, 608, 578, 683, 724, 40, 952, 363, 197, 529, 459, 559, 547, 217, 671]
[906, 621, 344, 463, 108, 675, 240, 541, 94, 672, 387, 514, 197, 880, 709, 753, 113, 319, 91, 632, 346, 459, 828, 693, 945, 140, 11, 965, 565, 767, 341, 190, 575, 296, 248, 413, 452, 348, 604, 268, 948, 252, 946, 959, 349, 498, 192, 129, 976, 299, 504, 0, 268, 581, 904, 683, 185, 515, 18, 510, 875, 287, 180, 171, 108, 573, 960, 745, 309, 922, 555, 41, 435, 979, 82, 805, 423, 463, 116, 528, 705, 509, 456, 837, 558, 629, 256, 563, 391, 643]
[658, 100, 155, 94, 543, 279, 318, 312, 223, 275, 13, 670, 589, 551, 261, 657, 388, 862, 102, 296, 806, 557, 144, 337, 989, 839, 813, 712, 292, 695, 211, 44, 218, 236, 169, 165, 838, 371, 73, 246, 792, 492, 656, 531, 766, 224, 89, 890, 97, 90, 28, 268, 0, 415, 61, 242, 921, 210, 809, 358, 989, 618, 629, 344, 809, 908, 850, 540, 513, 444, 321, 293, 122, 217, 137, 807, 750, 164, 352, 10, 982, 355, 250, 448, 389, 705, 763, 606, 511, 481]
[703, 269, 133, 601, 466, 336, 201, 148, 311, 878, 49, 989, 20, 515, 773, 47, 472, 914, 102, 321, 296, 234, 361, 408, 884, 366, 878, 447, 41, 519, 959, 751, 49, 345, 491, 427, 69, 802, 48, 967, 558, 121, 514, 539, 939, 338, 370, 503, 255, 916, 215, 581, 415, 0, 286, 598, 228, 978, 198, 270, 487, 68, 555, 544, 946, 957, 826, 235, 731, 630, 49, 948, 894, 967, 595, 981, 419, 83, 975, 180, 31, 892, 395, 871, 110, 197, 57, 706, 506, 729]
[933, 848, 220, 774, 499, 177, 675, 981, 874, 693, 993, 963, 631, 886, 458, 549, 965, 957, 435, 892, 105, 701, 845, 289, 196, 95, 721, 232, 904, 702, 455, 640, 487, 490, 490, 498, 875, 902, 707, 801, 488, 275, 936, 108, 251, 507, 924, 362, 909, 246, 749, 904, 61, 286, 0, 248, 820, 349, 190, 292, 269, 827, 983, 491, 981, 13, 91, 146, 336, 272, 355, 510, 372, 655, 92, 245, 75, 793, 950, 744, 900, 915, 720, 764, 201, 544, 870, 232, 931, 177]
[96, 801, 359, 973, 604, 85, 983, 866, 822, 772, 142, 173, 694, 803, 265, 937, 793, 708, 647, 611, 201, 852, 61, 66, 257, 879, 87, 563, 216, 150, 972, 195, 316, 465, 726, 726, 687, 265, 53, 892, 297, 557, 17, 397, 738, 156, 830, 388, 80, 361, 524, 683, 242, 598, 248, 0, 504, 481, 661, 575, 346, 916, 218, 70, 134, 596, 298, 701, 718, 95, 983, 361, 392, 312, 207, 795, 813, 92, 974, 645, 71, 665, 864, 713, 458, 99, 761, 726, 911, 786]
[233, 612, 802, 831, 717, 490, 230, 83, 915, 359, 181, 505, 178, 892, 150, 903, 494, 763, 873, 307, 927, 600, 393, 427, 518, 827, 212, 795, 271, 692, 362, 286, 65, 945, 508, 428, 246, 641, 642, 444, 142, 511, 700, 289, 544, 385, 113, 407, 543, 107, 104, 185, 921, 228, 820, 504, 0, 202, 701, 86, 111, 770, 373, 941, 479, 571, 481, 133, 221, 473, 815, 171, 111, 506, 578, 655, 726, 663, 801, 662, 582, 289, 414, 411, 124, 362, 117, 825, 472, 321]
[301, 552, 326, 629, 523, 747, 933, 624, 208, 711, 894, 665, 61, 660, 617, 874, 184, 757, 149, 179, 491, 668, 30, 533, 279, 547, 146, 362, 812, 319, 899, 781, 60, 786, 303, 142, 75, 894, 449, 693, 138, 88, 560, 782, 367, 878, 141, 855, 773, 438, 33, 515, 210, 978, 349, 481, 202, 0, 643, 612, 439, 307, 942, 511, 757, 613, 65, 429, 450, 502, 33, 655, 297, 752, 653, 948, 400, 463, 103, 56, 950, 924, 33, 277, 657, 714, 692, 466, 606, 318]
[564, 113, 410, 222, 19, 198, 544, 803, 247, 561, 533, 425, 50, 825, 778, 84, 850, 824, 805, 325, 897, 495, 688, 715, 843, 934, 610, 440, 610, 184, 521, 16, 836, 563, 745, 373, 863, 854, 873, 937, 347, 545, 341, 378, 741, 81, 52, 185, 586, 706, 820, 18, 809, 198, 190, 661, 701, 643, 0, 344, 522, 137, 529, 954, 823, 637, 117, 718, 111, 517, 543, 678, 721, 60, 566, 144, 626, 217, 262, 146, 225, 185, 201, 15, 978, 877, 30, 134, 151, 607]
[696, 709, 697, 322, 580, 982, 629, 364, 225, 726, 597, 739, 364, 169, 43, 472, 556, 305, 934, 290, 369, 557, 129, 368, 393, 73, 606, 295, 932, 552, 720, 879, 665, 262, 72, 899, 892, 92, 750, 475, 96, 795, 114, 954, 896, 802, 521, 534, 1000, 971, 345, 510, 358, 270, 292, 575, 86, 612, 344, 0, 151, 987, 334, 430, 307, 218, 921, 315, 977, 999, 402, 416, 408, 764, 200, 468, 946, 351, 681, 802, 958, 358, 627, 28, 289, 723, 34, 332, 942, 662]
[456, 156, 87, 491, 211, 79, 779, 889, 365, 210, 146, 100, 38, 656, 40, 430, 176, 14, 881, 171, 354, 854, 44, 210, 86, 966, 583, 240, 55, 77, 783, 442, 263, 724, 672, 182, 537, 254, 450, 863, 592, 391, 914, 999, 361, 326, 746, 374, 594, 11, 819, 875, 989, 487, 269, 346, 111, 439, 522, 151, 0, 267, 406, 966, 546, 746, 938, 384, 655, 437, 421, 120, 344, 976, 179, 552, 493, 843, 160, 795, 796, 765, 322, 468, 745, 633, 667, 259, 420, 644]
[407, 341, 482, 958, 852, 685, 135, 996, 201, 114, 416, 425, 312, 234, 353, 835, 698, 462, 701, 33, 870, 334, 836, 260, 626, 501, 660, 344, 143, 48, 489, 765, 369, 951, 582, 381, 354, 650, 814, 697, 861, 106, 436, 552, 544, 476, 874, 231, 627, 80, 245, 287, 618, 68, 827, 916, 770, 307, 137, 987, 267, 0, 947, 651, 763, 785, 799, 268, 558, 11, 861, 38, 543, 39, 920, 785, 660, 718, 993, 814, 332, 651, 71, 396, 998, 337, 899, 701, 86, 752]
[28, 989, 694, 607, 923, 891, 588, 700, 78, 822, 171, 749, 24, 361, 162, 475, 408, 395, 939, 342, 929, 954, 713, 788, 275, 286, 402, 28, 203, 27, 986, 152, 343, 894, 697, 851, 796, 409, 951, 992, 336, 100, 642, 705, 218, 439, 29, 795, 125, 652, 840, 180, 629, 555, 983, 218, 373, 942, 529, 334, 406, 947, 0, 466, 434, 154, 291, 350, 175, 86, 762, 619, 504, 998, 100, 747, 41, 361, 900, 446, 470, 509, 825, 267, 634, 217, 272, 414, 65, 896]
[934, 747, 945, 822, 276, 921, 836, 739, 545, 37, 742, 78, 122, 309, 94, 215, 155, 156, 806, 377, 295, 15, 447, 220, 877, 848, 951, 258, 74, 519, 389, 910, 716, 21, 508, 512, 281, 332, 700, 260, 830, 194, 226, 389, 384, 729, 727, 317, 241, 433, 30, 171, 344, 544, 491, 70, 941, 511, 954, 430, 966, 651, 466, 0, 38, 872, 690, 429, 292, 690, 436, 60, 835, 679, 486, 762, 444, 978, 252, 103, 780, 883, 499, 250, 467, 200, 325, 192, 703, 190]
[957, 197, 891, 652, 823, 346, 74, 659, 520, 752, 647, 202, 579, 197, 525, 620, 779, 822, 74, 332, 429, 351, 120, 640, 262, 522, 218, 448, 365, 577, 801, 915, 956, 140, 58, 653, 725, 305, 825, 553, 69, 639, 16, 902, 207, 110, 551, 907, 18, 75, 24, 108, 809, 946, 981, 134, 479, 757, 823, 307, 546, 763, 434, 38, 0, 958, 185, 578, 883, 482, 161, 509, 382, 1000, 953, 946, 828, 790, 31, 286, 329, 800, 946, 853, 511, 150, 43, 355, 821, 489]
[526, 848, 589, 281, 129, 508, 87, 553, 647, 233, 113, 116, 565, 972, 289, 716, 450, 987, 336, 300, 915, 827, 75, 756, 410, 904, 979, 28, 996, 39, 705, 187, 937, 403, 975, 690, 584, 592, 416, 842, 613, 188, 866, 918, 290, 936, 351, 84, 160, 215, 655, 573, 908, 957, 13, 596, 571, 613, 637, 218, 746, 785, 154, 872, 958, 0, 880, 44, 511, 815, 834, 270, 270, 134, 140, 291, 707, 263, 733, 193, 914, 74, 821, 243, 946, 397, 129, 264, 657, 331]
[974, 447, 641, 200, 891, 848, 514, 529, 702, 672, 428, 122, 546, 908, 641, 672, 469, 151, 326, 41, 422, 321, 118, 553, 496, 161, 523, 522, 480, 918, 710, 533, 759, 387, 836, 764, 666, 82, 135, 118, 465, 721, 777, 608, 203, 980, 19, 165, 365, 722, 423, 960, 850, 826, 91, 298, 481, 65, 117, 921, 938, 799, 291, 690, 185, 880, 0, 658, 304, 355, 476, 572, 765, 242, 594, 701, 532, 657, 223, 970, 471, 339, 272, 603, 102, 707, 577, 867, 616, 11]
[464, 590, 171, 210, 349, 157, 275, 557, 494, 80, 871, 233, 55, 55, 61, 476, 464, 117, 535, 478, 636, 226, 561, 872, 993, 683, 666, 254, 688, 613, 116, 183, 775, 475, 905, 727, 921, 46, 51, 82, 679, 257, 994, 524, 189, 683, 60, 689, 837, 417, 369, 745, 540, 235, 146, 701, 133, 429, 718, 315, 384, 268, 350, 429, 578, 44, 658, 0, 758, 35, 564, 636, 803, 631, 981, 60, 794, 331, 871, 507, 628, 307, 341, 477, 623, 988, 303, 23, 233, 678]
[507, 431, 726, 989, 127, 147, 787, 794, 447, 252, 613, 930, 915, 416, 94, 14, 49, 911, 268, 429, 880, 327, 795, 80, 890, 645, 113, 27, 337, 958, 858, 180, 703, 331, 191, 567, 503, 17, 862, 327, 36, 649, 262, 951, 618, 189, 13, 798, 71, 905, 426, 309, 513, 731, 336, 718, 221, 450, 111, 977, 655, 558, 175, 292, 883, 511, 304, 758, 0, 837, 930, 773, 466, 113, 607, 474, 339, 118, 55, 297, 191, 707, 782, 263, 243, 574, 252, 571, 923, 358]
[216, 130, 890, 564, 970, 660, 438, 339, 297, 903, 164, 582, 605, 646, 106, 404, 337, 697, 927, 275, 64, 190, 77, 453, 383, 443, 190, 463, 926, 516, 958, 252, 245, 668, 580, 940, 914, 26, 387, 241, 798, 426, 489, 329, 334, 774, 475, 755, 687, 471, 640, 922, 444, 630, 272, 95, 473, 502, 517, 999, 437, 11, 86, 690, 482, 815, 355, 35, 837, 0, 527, 942, 257, 48, 327, 229, 701, 745, 326, 549, 228, 604, 373, 540, 311, 411, 878, 916, 990, 160]
[107, 797, 13, 820, 415, 46, 354, 424, 700, 787, 127, 797, 562, 131, 110, 59, 631, 914, 674, 14, 248, 99, 276, 648, 359, 645, 93, 280, 87, 764, 55, 496, 425, 963, 59, 279, 76, 51, 257, 132, 850, 207, 520, 502, 20, 966, 920, 931, 46, 762, 957, 555, 321, 49, 355, 983, 815, 33, 543, 402, 421, 861, 762, 436, 161, 834, 476, 564, 930, 527, 0, 234, 854, 813, 448, 602, 661, 296, 281, 22, 447, 686, 933, 597, 22, 40, 935, 316, 409, 618]
[632, 688, 363, 262, 126, 247, 920, 199, 443, 315, 933, 105, 765, 152, 888, 755, 92, 517, 81, 521, 101, 341, 314, 397, 136, 569, 584, 109, 736, 831, 406, 430, 465, 680, 349, 836, 808, 889, 386, 224, 256, 593, 554, 199, 423, 896, 771, 629, 806, 717, 742, 41, 293, 948, 510, 361, 171, 655, 678, 416, 120, 38, 619, 60, 509, 270, 572, 636, 773, 942, 234, 0, 672, 658, 193, 167, 340, 276, 129, 334, 13, 802, 869, 500, 746, 873, 149, 109, 43, 384]
[747, 320, 887, 303, 501, 697, 683, 130, 603, 317, 729, 680, 135, 145, 181, 962, 191, 160, 415, 308, 950, 70, 199, 49, 454, 409, 930, 706, 585, 871, 765, 105, 266, 753, 477, 406, 925, 46, 24, 760, 162, 942, 408, 282, 920, 808, 632, 376, 291, 634, 877, 435, 122, 894, 372, 392, 111, 297, 721, 408, 344, 543, 504, 835, 382, 270, 765, 803, 466, 257, 854, 672, 0, 256, 575, 367, 318, 985, 34, 551, 875, 595, 234, 900, 143, 624, 974, 508, 626, 601]
[266, 579, 853, 552, 128, 490, 524, 29, 745, 934, 217, 180, 244, 21, 314, 590, 434, 574, 987, 517, 536, 496, 77, 957, 98, 748, 330, 665, 447, 382, 759, 441, 354, 940, 996, 145, 457, 538, 939, 380, 498, 956, 678, 46, 124, 239, 192, 524, 178, 515, 574, 979, 217, 967, 655, 312, 506, 752, 60, 764, 976, 39, 998, 679, 1000, 134, 242, 631, 113, 48, 813, 658, 256, 0, 219, 519, 642, 679, 421, 119, 587, 304, 211, 319, 316, 366, 422, 737, 851, 504]
[217, 857, 350, 200, 489, 733, 290, 999, 556, 392, 173, 180, 130, 711, 263, 462, 121, 144, 970, 806, 645, 924, 280, 599, 860, 719, 573, 564, 985, 320, 617, 615, 297, 138, 985, 495, 893, 415, 894, 430, 743, 670, 426, 147, 167, 101, 734, 852, 566, 626, 527, 82, 137, 595, 92, 207, 578, 653, 566, 200, 179, 920, 100, 486, 953, 140, 594, 981, 607, 327, 448, 193, 575, 219, 0, 111, 891, 446, 949, 382, 420, 312, 106, 831, 648, 794, 926, 186, 819, 626]
[150, 686, 879, 574, 539, 914, 78, 719, 983, 402, 322, 146, 627, 423, 749, 801, 847, 917, 827, 400, 777, 990, 572, 445, 197, 515, 542, 831, 587, 580, 317, 285, 922, 761, 210, 968, 180, 236, 526, 459, 201, 429, 462, 952, 267, 835, 397, 883, 668, 452, 912, 805, 807, 981, 245, 795, 655, 948, 144, 468, 552, 785, 747, 762, 946, 291, 701, 60, 474, 229, 602, 167, 367, 519, 111, 0, 991, 26, 628, 71, 841, 410, 165, 638, 82, 181, 663, 125, 188, 862]
[389, 218, 658, 142, 587, 228, 907, 232, 941, 623, 70, 371, 998, 697, 90, 316, 361, 270, 966, 971, 738, 845, 182, 456, 378, 273, 58, 830, 773, 996, 572, 595, 189, 471, 395, 62, 472, 155, 838, 134, 39, 59, 226, 106, 311, 788, 391, 12, 96, 712, 608, 423, 750, 419, 75, 813, 726, 400, 626, 946, 493, 660, 41, 444, 828, 707, 532, 794, 339, 701, 661, 340, 318, 642, 891, 991, 0, 504, 320, 370, 283, 34, 912, 387, 245, 70, 587, 934, 16, 983]
[169, 886, 492, 656, 970, 659, 234, 922, 969, 574, 593, 506, 51, 461, 718, 426, 869, 134, 716, 838, 327, 452, 106, 228, 98, 493, 477, 836, 481, 847, 170, 591, 703, 383, 327, 912, 871, 475, 261, 510, 808, 664, 280, 161, 245, 292, 520, 813, 845, 70, 578, 463, 164, 83, 793, 92, 663, 463, 217, 351, 843, 718, 361, 978, 790, 263, 657, 331, 118, 745, 296, 276, 985, 679, 446, 26, 504, 0, 206, 766, 819, 43, 90, 797, 27, 309, 635, 893, 364, 494]
[615, 875, 61, 257, 49, 650, 439, 287, 327, 67, 795, 845, 475, 220, 614, 592, 672, 857, 363, 489, 873, 125, 952, 41, 272, 912, 589, 43, 473, 258, 820, 298, 448, 534, 638, 284, 527, 802, 375, 320, 148, 714, 174, 826, 710, 353, 326, 570, 910, 143, 683, 116, 352, 975, 950, 974, 801, 103, 262, 681, 160, 993, 900, 252, 31, 733, 223, 871, 55, 326, 281, 129, 34, 421, 949, 628, 320, 206, 0, 980, 690, 823, 325, 863, 630, 177, 834, 518, 380, 330]
[695, 46, 12, 675, 80, 135, 896, 445, 574, 880, 477, 219, 656, 892, 533, 917, 620, 412, 593, 778, 505, 84, 173, 474, 664, 539, 585, 786, 463, 751, 967, 454, 301, 521, 238, 215, 88, 679, 774, 408, 453, 616, 81, 614, 357, 460, 168, 356, 946, 392, 724, 528, 10, 180, 744, 645, 662, 56, 146, 802, 795, 814, 446, 103, 286, 193, 970, 507, 297, 549, 22, 334, 551, 119, 382, 71, 370, 766, 980, 0, 971, 90, 819, 559, 39, 101, 217, 907, 878, 823]
[445, 74, 485, 437, 116, 994, 334, 289, 556, 968, 178, 405, 453, 367, 467, 188, 556, 983, 316, 157, 605, 23, 117, 250, 644, 611, 433, 321, 948, 32, 552, 146, 443, 457, 913, 746, 236, 103, 201, 886, 317, 286, 253, 948, 86, 898, 555, 681, 547, 975, 40, 705, 982, 31, 900, 71, 582, 950, 225, 958, 796, 332, 470, 780, 329, 914, 471, 628, 191, 228, 447, 13, 875, 587, 420, 841, 283, 819, 690, 971, 0, 431, 491, 651, 507, 644, 464, 769, 900, 819]
[296, 155, 665, 740, 117, 326, 592, 366, 231, 701, 515, 362, 898, 52, 290, 864, 399, 30, 928, 351, 405, 873, 719, 20, 487, 814, 475, 83, 493, 59, 939, 393, 678, 975, 336, 301, 202, 959, 896, 780, 387, 644, 224, 960, 539, 415, 569, 926, 800, 281, 952, 509, 355, 892, 915, 665, 289, 924, 185, 358, 765, 651, 509, 883, 800, 74, 339, 307, 707, 604, 686, 802, 595, 304, 312, 410, 34, 43, 823, 90, 431, 0, 724, 755, 446, 949, 577, 706, 276, 847]
[941, 677, 457, 723, 70, 171, 428, 425, 942, 541, 32, 495, 604, 568, 71, 710, 700, 32, 615, 240, 85, 18, 823, 532, 843, 591, 387, 504, 165, 996, 402, 629, 354, 863, 246, 787, 826, 528, 61, 964, 987, 496, 914, 327, 176, 766, 464, 718, 994, 202, 363, 456, 250, 395, 720, 864, 414, 33, 201, 627, 322, 71, 825, 499, 946, 821, 272, 341, 782, 373, 933, 869, 234, 211, 106, 165, 912, 90, 325, 819, 491, 724, 0, 502, 294, 72, 445, 719, 851, 886]
[686, 827, 885, 212, 509, 742, 512, 653, 188, 397, 552, 628, 611, 360, 741, 847, 32, 426, 492, 512, 919, 39, 291, 229, 297, 103, 315, 255, 518, 985, 825, 583, 918, 296, 649, 443, 307, 762, 479, 94, 203, 579, 49, 822, 41, 391, 453, 89, 225, 321, 197, 837, 448, 871, 764, 713, 411, 277, 15, 28, 468, 396, 267, 250, 853, 243, 603, 477, 263, 540, 597, 500, 900, 319, 831, 638, 387, 797, 863, 559, 651, 755, 502, 0, 97, 734, 319, 269, 683, 71]
[511, 907, 964, 902, 542, 441, 210, 878, 608, 391, 538, 293, 247, 495, 408, 49, 149, 809, 923, 543, 82, 802, 11, 319, 846, 43, 140, 376, 597, 468, 853, 121, 168, 724, 253, 800, 828, 572, 814, 403, 159, 584, 273, 37, 776, 250, 386, 786, 296, 368, 529, 558, 389, 110, 201, 458, 124, 657, 978, 289, 745, 998, 634, 467, 511, 946, 102, 623, 243, 311, 22, 746, 143, 316, 648, 82, 245, 27, 630, 39, 507, 446, 294, 97, 0, 993, 40, 522, 598, 1000]
[428, 878, 881, 782, 904, 120, 551, 763, 908, 649, 736, 167, 777, 424, 399, 620, 580, 637, 372, 332, 618, 843, 72, 926, 723, 452, 797, 493, 345, 924, 198, 888, 566, 890, 674, 208, 344, 361, 99, 452, 572, 501, 800, 725, 902, 154, 49, 89, 253, 543, 459, 629, 705, 197, 544, 99, 362, 714, 877, 723, 633, 337, 217, 200, 150, 397, 707, 988, 574, 411, 40, 873, 624, 366, 794, 181, 70, 309, 177, 101, 644, 949, 72, 734, 993, 0, 929, 469, 213, 748]
[601, 918, 86, 510, 950, 300, 183, 923, 629, 313, 280, 298, 627, 733, 765, 911, 767, 935, 880, 222, 846, 499, 651, 311, 948, 20, 422, 900, 468, 729, 160, 145, 915, 135, 157, 582, 737, 245, 645, 61, 836, 242, 27, 770, 193, 725, 334, 438, 557, 598, 559, 256, 763, 57, 870, 761, 117, 692, 30, 34, 667, 899, 272, 325, 43, 129, 577, 303, 252, 878, 935, 149, 974, 422, 926, 663, 587, 635, 834, 217, 464, 577, 445, 319, 40, 929, 0, 450, 38, 552]
[546, 844, 31, 973, 535, 634, 53, 841, 366, 379, 149, 434, 980, 565, 858, 288, 192, 352, 869, 988, 764, 637, 608, 817, 495, 667, 10, 51, 647, 31, 270, 15, 377, 554, 902, 892, 518, 770, 558, 780, 522, 516, 565, 781, 243, 649, 819, 739, 357, 283, 547, 563, 606, 706, 232, 726, 825, 466, 134, 332, 259, 701, 414, 192, 355, 264, 867, 23, 571, 916, 316, 109, 508, 737, 186, 125, 934, 893, 518, 907, 769, 706, 719, 269, 522, 469, 450, 0, 162, 259]
[648, 353, 539, 807, 271, 761, 406, 450, 882, 268, 479, 990, 346, 805, 281, 680, 761, 930, 399, 659, 732, 896, 305, 471, 834, 23, 299, 312, 470, 910, 982, 233, 549, 140, 70, 313, 744, 192, 518, 333, 997, 498, 69, 994, 26, 802, 972, 803, 932, 198, 217, 391, 511, 506, 931, 911, 472, 606, 151, 942, 420, 86, 65, 703, 821, 657, 616, 233, 923, 990, 409, 43, 626, 851, 819, 188, 16, 364, 380, 878, 900, 276, 851, 683, 598, 213, 38, 162, 0, 388]
[833, 507, 811, 451, 468, 254, 966, 874, 647, 605, 388, 154, 801, 708, 786, 700, 407, 390, 707, 354, 572, 125, 774, 44, 903, 271, 530, 415, 94, 338, 458, 865, 583, 887, 911, 482, 989, 133, 878, 77, 22, 199, 487, 764, 397, 176, 397, 772, 54, 732, 671, 643, 481, 729, 177, 786, 321, 318, 607, 662, 644, 752, 896, 190, 489, 331, 11, 678, 358, 160, 618, 384, 601, 504, 626, 862, 983, 494, 330, 823, 819, 847, 886, 71, 1000, 748, 552, 259, 388, 0]
